CMHName,FirstofService Description,FirstOfRevenue Code,FirstOfHCPCS Code,FirstOfModifier,UnitType,SumofMIA-Cases,FirstofMIA-Units,SumofMIA-Cost,CostPerCase,CostPerUnit,UnitPerCase
Allegan,,,,,,,,,,,
,State Psychiatric Hospital - Inpatient PT22,"0100, 0101, 0114, 0124, 0134, 0154",,PT22,Days,7.00,"1,563.00","$411,686.00",58812,263,223
,State Mental Retardation Facility - Inpatient (ICF/MR) PT65,"0100, 0101, 0114, 0124, 0134, 0154",,PT65,Days,0.00,0.00,$0.00,0,0,0
,Local Psychiatric Hospital/IMD PT68,"0100, 0101, 0114, 0124, 0134, 0154",,PT68,Days,25.00,202.00,"$109,335.00",4373,541,8
,Local Psychiatric Hospital - Acute Community PT73,"0100, 0101, 0114, 0124, 0134, 0154",,PT73,Days,93.00,797.00,"$329,127.00",3539,413,9
,Inpatient Hospital Ancillary Services - Leave of Absence,0183,,,Days,0.00,0.00,$0.00,0,0,0
,Inpatient Hospital Ancillary Services - Pharmacy,"0250-0254, 0257-0258 ",,,,0.00,0.00,$0.00,0,0,0
,Inpatient Hospital Ancillary Services - Medical/Surgical Supplies and Devices,0270-0272,,,# of items,0.00,0.00,$0.00,0,0,0
,Inpatient Hospital Ancillary Services - Laboratory,"0300-0302, 0305-0307",,,# of tests,0.00,0.00,$0.00,0,0,0
,Inpatient Hospital Ancillary Services - Radiology,0320,,,# of tests,0.00,0.00,$0.00,0,0,0
,ECT Anesthesia,0370,,,,0.00,0.00,$0.00,0,0,0
,Inpatient Hospital Ancillary Services - Respiratory Services,0410,,,# of treatments,0.00,0.00,$0.00,0,0,0
,Inpatient Hospital Ancillary Services -Physical Therapy,0420-0424,,,# of treatments,0.00,0.00,$0.00,0,0,0
,Inpatient Hospital Ancillary Services - Occupational Therapy,0430-0434,,,# of treatments,0.00,0.00,$0.00,0,0,0
,Inpatient Hospital Ancillary Services - Speech-Language Pathology,0440-0444,,,# of treatments,0.00,0.00,$0.00,0,0,0
,Inpatient Hospital Ancillary Services - Emergency Room,0450,,,# of visits,0.00,0.00,$0.00,0,0,0
,Inpatient Hospital Ancillary Services - Pulmonary Function,0460,,,# of tests,0.00,0.00,$0.00,0,0,0
,Inpatient Hospital Ancillary Services - Audiology,0470-0472,,,# of tests,0.00,0.00,$0.00,0,0,0
,Inpatient Hospital Ancillary Services - Magnetic Resonance Technology (MRT),0610-0611,,,# of tests,0.00,0.00,$0.00,0,0,0
,Inpatient Hospital Ancillary Services - Pharmacy,0636,,,# of units,0.00,0.00,$0.00,0,0,0
,ECT Recovery Room,0701,,,,0.00,0.00,$0.00,0,0,0
,Inpatient Hospital Ancillary Services -EKG/ECG,0730-0731,,,# of tests,0.00,0.00,$0.00,0,0,0
,Inpatient Hospital Ancillary Services - EEG,0740,,,# of tests,0.00,0.00,$0.00,0,0,0
,Crisis Observation Care,0762,,,Hour,0.00,0.00,$0.00,0,0,0
,Additional Codes-ECT Facility Charge,0901,,,Encounter,0.00,0.00,$0.00,0,0,0
,Inpatient Hospital Ancillary Services - Psychiatric/Psychological Treatments/Services,"0900, 0902-0904, 0911, 0914-0919",,,# of visits,0.00,0.00,$0.00,0,0,0
,Outpatient Partial Hospitalization,0912,,,Days,0.00,0.00,$0.00,0,0,0
,Outpatient Partial Hospitalization,0913,,,Days,0.00,0.00,$0.00,0,0,0
,Inpatient Hospital Ancillary Services - Other Diagnosis Services,0925,,,# of tests,0.00,0.00,$0.00,0,0,0
,Inpatient Hospital Ancillary Services - Other Therapeutic Services,0940-0942,,,# of visits,0.00,0.00,$0.00,0,0,0
,Additional Codes-ECT Anesthesia,,00104,,Minutes,0.00,0.00,$0.00,0,0,0
,Drug Screen for Methadone Clients Only,,80100,,Per Screen,0.00,0.00,$0.00,0,0,0
,Drug Screen for Methadone Clients Only,,80101,,Per Screen,0.00,0.00,$0.00,0,0,0
,Alcohol Breath Test for Methadone Clients Only,,82075,,Per Test,0.00,0.00,$0.00,0,0,0
,Medication Administration,,90772,,Encounter,14.00,61.00,"$5,357.00",383,88,4
,Assessment-Psychiatric Assessment,,90801,,Encounter,105.00,106.00,"$23,021.00",219,217,1
,Substance Abuse: Psychiatric Evaluation,,90801,,Encounter,0.00,0.00,$0.00,0,0,0
,Assessment-Psychiatric Assessment,,90802,,Encounter,0.00,0.00,$0.00,0,0,0
,Substance Abuse: Psychiatric Evaluation,,90802,,Encounter,0.00,0.00,$0.00,0,0,0
,Therapy-Individual Therapy,,90804,,Encounter 20-30 Min,165.00,349.00,"$27,958.00",169,80,2
,Substance Abuse: Outpatient Treatment,"0900, 0914, 0915, 0916, 0919",90804,,Encounter 20-30 Min,0.00,0.00,$0.00,0,0,0
Allegan,,,,,,,,,,,
,Therapy-Individual Therapy,,90805,,Encounter 20-30 Min,0.00,0.00,$0.00,0,0,0
,Substance Abuse: Outpatient Treatment,"0900, 0914, 0915, 0916, 0919",90805,,Encounter 20-30 Min,0.00,0.00,$0.00,0,0,0
,Therapy-Individual Therapy,,90806,,Encounter 45-50 Min,344.00,"3,477.00","$497,640.00",1447,143,10
,Substance Abuse: Outpatient Treatment,"0900, 0914, 0915, 0916, 0919",90806,,Encounter 45-50 Min,0.00,0.00,$0.00,0,0,0
,Therapy-Individual Therapy,,90807,,Encounter 45-50 Min,0.00,0.00,$0.00,0,0,0
,Substance Abuse: Outpatient Treatment,"0900, 0914, 0915, 0916, 0919",90807,,Encounter 45-50 Min,0.00,0.00,$0.00,0,0,0
,Therapy-Individual Therapy,,90808,,Encounter 75-80 Min,25.00,53.00,"$11,789.00",472,222,2
,Substance Abuse: Outpatient Treatment,"0900, 0914, 0915, 0916, 0919",90808,,Encounter 75-80 Min,0.00,0.00,$0.00,0,0,0
,Therapy-Individual Therapy,,90809,,Encounter 75-80 Min,0.00,0.00,$0.00,0,0,0
,Substance Abuse: Outpatient Treatment,"0900, 0914, 0915, 0916, 0919",90809,,Encounter 75-80 Min,0.00,0.00,$0.00,0,0,0
,Therapy-Individual Therapy,,90810,,Encounter 20-30 Min,0.00,0.00,$0.00,0,0,0
,Substance Abuse: Outpatient Treatment,"0900, 0914, 0915, 0916, 0919",90810,,Encounter 20-30 Min,0.00,0.00,$0.00,0,0,0
,Therapy-Individual Therapy,,90811,,Encounter 20-30 Min,0.00,0.00,$0.00,0,0,0
,Substance Abuse: Outpatient Treatment,"0900, 0914, 0915, 0916, 0919",90811,,Encounter 20-30 Min,0.00,0.00,$0.00,0,0,0
,Therapy-Individual Therapy,,90812,,Encounter 45-50 Min,0.00,0.00,$0.00,0,0,0
,Substance Abuse: Outpatient Treatment,"0900, 0914, 0915, 0916, 0919",90812,,Encounter 45-50 Min,0.00,0.00,$0.00,0,0,0
,Therapy-Individual Therapy,,90813,,Encounter 45-50 Min,0.00,0.00,$0.00,0,0,0
,Substance Abuse: Outpatient Treatment,"0900, 0914, 0915, 0916, 0919",90813,,Encounter 45-50 Min,0.00,0.00,$0.00,0,0,0
,Therapy-Individual Therapy,,90814,,Encounter 75-80 Min,0.00,0.00,$0.00,0,0,0
,Substance Abuse: Outpatient Treatment,"0900, 0914, 0915, 0916, 0919",90814,,Encounter 75-80 Min,0.00,0.00,$0.00,0,0,0
,Therapy-Individual Therapy,,90815,,Encounter 75-80 Min,0.00,0.00,$0.00,0,0,0
,Substance Abuse: Outpatient Treatment,"0900, 0914, 0915, 0916, 0919",90815,,Encounter 75-80 Min,0.00,0.00,$0.00,0,0,0
,Therapy-Individual Therapy,,90816,,Encounter 20-30 Min,0.00,0.00,$0.00,0,0,0
,Therapy-Individual Therapy,,90817,,Encounter 20-30 Min,0.00,0.00,$0.00,0,0,0
,Therapy-Individual Therapy,,90818,,Encounter 45-50 Min,0.00,0.00,$0.00,0,0,0
,Therapy-Individual Therapy,,90819,,Encounter 45-50 Min,0.00,0.00,$0.00,0,0,0
,Therapy-Individual Therapy,,90821,,Encounter 75-80 Min,0.00,0.00,$0.00,0,0,0
,Therapy-Individual Therapy,,90822,,Encounter 75-80 Min,0.00,0.00,$0.00,0,0,0
,Therapy-Individual Therapy,,90823,,Encounter 20-30 Min,0.00,0.00,$0.00,0,0,0
,Therapy-Individual Therapy,,90824,,Encounter 20-30 Min,0.00,0.00,$0.00,0,0,0
,Therapy-Individual Therapy,,90826,,Encounter 45-50 Min,0.00,0.00,$0.00,0,0,0
,Substance Abuse: Psychotherapy (Individual Therapy),,90826,,Encounter 45-50 Min,0.00,0.00,$0.00,0,0,0
,Therapy-Individual Therapy,,90827,,Encounter 45-50 Min,0.00,0.00,$0.00,0,0,0
,Therapy-Individual Therapy,,90828,,Encounter 75-80 Min,0.00,0.00,$0.00,0,0,0
,Therapy-Individual Therapy,,90829,,Encounter 75-80 Min,0.00,0.00,$0.00,0,0,0
,Therapy-Family Therapy,,90846,,Encounter,2.00,15.00,"$2,184.00",1092,146,8
,Therapy-Family Therapy,,90847,,Encounter,4.00,18.00,"$2,153.00",538,120,5
,Substance Abuse: Outpatient Treatment,"0900, 0906, 0914, 0915, 0916, 0919",90847,,Encounter,0.00,0.00,$0.00,0,0,0
,Therapy-Family Therapy,,90849,,Encounter,0.00,0.00,$0.00,0,0,0
,Therapy-Family Therapy,,90849,HS,Encounter,0.00,0.00,$0.00,0,0,0
Allegan,,,,,,,,,,,
,Therapy-Group Therapy,,90853,,Encounter,36.00,526.00,"$56,785.00",1577,108,15
,Substance Abuse: Outpatient Treatment,"0900, 0906, 0914, 0915, 0916, 0919",90853,,Encounter,0.00,0.00,$0.00,0,0,0
,Therapy-Group Therapy,,90857,,Encounter,0.00,0.00,$0.00,0,0,0
,Substance Abuse: Outpatient Treatment,"0900, 0906, 0914, 0915, 0916, 0919",90857,,Encounter,0.00,0.00,$0.00,0,0,0
,Medication Review ,,90862,,Encounter,317.00,"1,051.00","$120,720.00",381,115,3
,Substance Abuse: Medication Review,"0900, 0914, 0915, 0916, 0919",90862,,Encounter,0.00,0.00,$0.00,0,0,0
,Additional Codes-ECT Physician,,90870,,Encounter,0.00,0.00,$0.00,0,0,0
,Additional Codes-ECT Physician,0901,90870,,Encounter,0.00,0.00,$0.00,0,0,0
,Assessments-Other,,90887,,Encounter,0.00,0.00,$0.00,0,0,0
,Speech & Language Therapy ,,92506,,Encounter,0.00,0.00,$0.00,0,0,0
,Speech & Language Therapy ,,92507,,Encounter,0.00,0.00,$0.00,0,0,0
,Speech & Language Therapy ,,92508,,Encounter,0.00,0.00,$0.00,0,0,0
,Speech & Language Therapy ,,92526,,Encounter,0.00,0.00,$0.00,0,0,0
,Speech & Language Therapy ,,92610,,Encounter,0.00,0.00,$0.00,0,0,0
,Evaluation of Auditory Rehabilitation Status (Children's Waiver),,92626,,First Hour,0.00,0.00,$0.00,0,0,0
,Evaluation of Auditory Rehabiliation Status (Children's Waiver),,92627,,Each Additional 15 Minutes,0.00,0.00,$0.00,0,0,0
,Auditory Rehabilitation Preling Hearing Loss (Children's Waiver),,92630,,Encounter,0.00,0.00,$0.00,0,0,0
,Auditory Rehabilitation; Post-Lingual Hearing Loss (Children's Waiver),,92633,,Encounter,0.00,0.00,$0.00,0,0,0
,Psychological Testing PSYCH/PHYS ,,96101,,Per Hour,14.00,24.00,"$4,251.00",304,177,2
,Psychological Testing by Technician ,,96102,,Per Hour,0.00,0.00,$0.00,0,0,0
,Psychological Testing by Comp ,,96103,,Per Hour,0.00,0.00,$0.00,0,0,0
,Assessments-Other,,96105,,Encounter,0.00,0.00,$0.00,0,0,0
,Assessments-Other,,96110,,Encounter,0.00,0.00,$0.00,0,0,0
,Assessments-Other,,96111,,Encounter,0.00,0.00,$0.00,0,0,0
,Neurobehavioral Status Exam (Children's Waiver),,96116,,Per Hour,0.00,0.00,$0.00,0,0,0
,Neuropsych test by Psych/Phys ,,96118,,Per Hour,0.00,0.00,$0.00,0,0,0
,Neuropsych test by Tech ,,96119,,Per Hour,0.00,0.00,$0.00,0,0,0
,Neuropsych test Admin w/Comp ,,96120,,Per Hour,0.00,0.00,$0.00,0,0,0
,Medication Administration,,96372,,Encounter,15.00,186.00,"$16,334.00",1089,88,12
,Physical Therapy,,97001,,Encounter,0.00,0.00,$0.00,0,0,0
,Physical Therapy,,97002,,Encounter,0.00,0.00,$0.00,0,0,0
,Occupational Therapy,,97003,,Encounter,0.00,0.00,$0.00,0,0,0
,Occupational Therapy,,97004,,Encounter,0.00,0.00,$0.00,0,0,0
,Occupational or Physical Therapy,,97110,,15 Minutes,0.00,0.00,$0.00,0,0,0
,Occupational or Physical Therapy,,97112,,15 Minutes,0.00,0.00,$0.00,0,0,0
,Occupational or Physical Therapy,,97113,,15 Minutes,0.00,0.00,$0.00,0,0,0
,Occupational or Physical Therapy,,97116,,15 Minutes,0.00,0.00,$0.00,0,0,0
,Occupational or Physical Therapy,,97124,,15 Minutes,0.00,0.00,$0.00,0,0,0
,Occupational or Physical Therapy,,97140,,15 Minutes,0.00,0.00,$0.00,0,0,0
,Occupational or Physical Therapy,,97150,,Encounter,0.00,0.00,$0.00,0,0,0
,Occupational or Physical Therapy,,97530,,15 Minutes,0.00,0.00,$0.00,0,0,0
,Occupational or Physical Therapy,,97532,,15 Minutes,0.00,0.00,$0.00,0,0,0
,Occupational or Physical Therapy,,97533,,15 Minutes,0.00,0.00,$0.00,0,0,0
,Occupational or Physical Therapy,,97535,,15 Minutes,0.00,0.00,$0.00,0,0,0
,Occupational or Physical Therapy,,97537,,15 Minutes,0.00,0.00,$0.00,0,0,0
,Occupational or Physical Therapy,,97542,,15 Minutes,0.00,0.00,$0.00,0,0,0
,Occupational Therapy,,97703,,15 Minutes,0.00,0.00,$0.00,0,0,0
Allegan,,,,,,,,,,,
,Occupational Therapy,,97750,,15 Minutes,0.00,0.00,$0.00,0,0,0
,Occupational Therapy,,97755,,15 Minutes,0.00,0.00,$0.00,0,0,0
,Occupational Therapy,,97760,,15 Minutes,0.00,0.00,$0.00,0,0,0
,C/O for Orthotic/Prosth Use ,,97762,,15 minutes,0.00,0.00,$0.00,0,0,0
,Assessment or Health Services,,97802,,15 Minutes,0.00,0.00,$0.00,0,0,0
,Assessment or Health Services,,97803,,15 Minutes,0.00,0.00,$0.00,0,0,0
,Health Services,,97804,,30 Minutes,0.00,0.00,$0.00,0,0,0
,Additional Codes-Physician Services,,99201,,Encounter,0.00,0.00,$0.00,0,0,0
,Additional Codes-Physician Services,,99202,,Encounter,0.00,0.00,$0.00,0,0,0
,Additional Codes-Physician Services,,99203,,Encounter,0.00,0.00,$0.00,0,0,0
,Additional Codes-Physician Services,,99204,,Encounter,0.00,0.00,$0.00,0,0,0
,Additional Codes-Physician Services,,99205,,Encounter,0.00,0.00,$0.00,0,0,0
,Additional Codes-Physician Services  Medication Administration,,99211,,Encounter,0.00,0.00,$0.00,0,0,0
,Additional Codes-Physician Services,,99212,,Encounter,0.00,0.00,$0.00,0,0,0
,Additional Codes-Physician Services,,99213,,Encounter,0.00,0.00,$0.00,0,0,0
,Additional Codes-Physician Services,,99214,,Encounter,0.00,0.00,$0.00,0,0,0
,Additional Codes-Physician Services,,99215,,Encounter,0.00,0.00,$0.00,0,0,0
,Additional Codes-Physician Services,,99221,,30 Minutes,0.00,0.00,$0.00,0,0,0
,Additional Codes-Physician Services,,99222,,50 Minutes,0.00,0.00,$0.00,0,0,0
,Additional Codes-Physician Services,,99223,,70 Minutes,0.00,0.00,$0.00,0,0,0
,Additional Codes-Physician Services,,99231,,15 Minutes,0.00,0.00,$0.00,0,0,0
,Additional Codes-Physician Services,,99232,,25 minutes,0.00,0.00,$0.00,0,0,0
,Additional Codes-Physician Services,,99233,,35 Minutes,0.00,0.00,$0.00,0,0,0
,Additional Codes-Physician Services,,99238,,30 Minutes or less,0.00,0.00,$0.00,0,0,0
,Additional Codes-Physician Services,,99241,,Encounter,0.00,0.00,$0.00,0,0,0
,Additional Codes-Physician Services,,99242,,Encounter,0.00,0.00,$0.00,0,0,0
,Additional Codes-Physician Services,,99243,,Encounter,0.00,0.00,$0.00,0,0,0
,Additional Codes-Physician Services,,99244,,Encounter,0.00,0.00,$0.00,0,0,0
,Additional Codes-Physician Services,,99245,,Encounter,0.00,0.00,$0.00,0,0,0
,Additional Codes-Physician Services,,99251,,Encounter,0.00,0.00,$0.00,0,0,0
,Additional Codes-Physician Services,,99252,,Encounter,0.00,0.00,$0.00,0,0,0
,Additional Codes-Physician Services,,99253,,Encounter,0.00,0.00,$0.00,0,0,0
,Additional Codes-Physician Services,,99254,,Encounter,0.00,0.00,$0.00,0,0,0
,Additional Codes-Physician Services,,99255,,Encounter,0.00,0.00,$0.00,0,0,0
,Additional Codes-Physician Services,,99261,,Encounter,0.00,0.00,$0.00,0,0,0
,Additional Codes-Physician Services,,99262,,Encounter,0.00,0.00,$0.00,0,0,0
,Additional Codes-Physician Services,,99263,,Encounter,0.00,0.00,$0.00,0,0,0
,Additional Codes-Physician Services,,99271,,Encounter,0.00,0.00,$0.00,0,0,0
,Additional Codes-Physician Services,,99272,,Encounter,0.00,0.00,$0.00,0,0,0
,Additional Codes-Physician Services,,99273,,Encounter,0.00,0.00,$0.00,0,0,0
,Additional Codes-Physician Services,,99274,,Encounter,0.00,0.00,$0.00,0,0,0
,Additional Codes-Physician Services,,99275,,Encounter,0.00,0.00,$0.00,0,0,0
,Medication Administration,,99605,,Encounter,0.00,0.00,$0.00,0,0,0
,Transportation,,A0080,,Per mile,0.00,0.00,$0.00,0,0,0
,Transportation,,A0090,,Per mile,0.00,0.00,$0.00,0,0,0
,Transportation,,A0100,,Per one-way trip,0.00,0.00,$0.00,0,0,0
,Transportation,,A0110,,Per one-way trip,0.00,0.00,$0.00,0,0,0
,Transportation,,A0120,,Per one-way trip,0.00,0.00,$0.00,0,0,0
,Transportation,,A0130,,Per one-way trip,0.00,0.00,$0.00,0,0,0
,Transportation,,A0140,,Per one-way trip,0.00,0.00,$0.00,0,0,0
Allegan,,,,,,,,,,,
,Transportation,,A0170,,,0.00,0.00,$0.00,0,0,0
,Additional Codes-Transportation,,A0425,,Per Mile,0.00,0.00,$0.00,0,0,0
,Additional Codes-Transportation,,A0427,,Refer to code descriptions.,0.00,0.00,$0.00,0,0,0
,Additional codes - Transportation,,A0428,,,0.00,0.00,$0.00,0,0,0
,Repair or Non-Routine Service for DME (Children's Waiver),,E1340,,15 Minutes,0.00,0.00,$0.00,0,0,0
,Enhanced Medical Equipment-Supplies,,E1399,,Items,0.00,0.00,$0.00,0,0,0
,Activity Therapy (Children's Waiver),,G0176,,Encounter,0.00,0.00,$0.00,0,0,0
,Family Training/Support EBP only,,G0177,,Encounter Session at least 45 min,0.00,0.00,$0.00,0,0,0
,Substance Abuse: Individual Assessment,,H0001,,Encounter,0.00,0.00,$0.00,0,0,0
,Assessment ,,H0002,,Encounter,40.00,40.00,"$2,842.00",71,71,1
,Substance Abuse: Individual Assessment,,H0002,,Encounter,0.00,0.00,$0.00,0,0,0
,Substance Abuse:Laboratory,,H0003,,Encounter,0.00,0.00,$0.00,0,0,0
,Substance Abuse: Outpatient Treatment,"0900, 0906, 0914, 0915, 0916, 0919",H0004,,15 Minutes,0.00,0.00,$0.00,0,0,0
,Substance Abuse: Outpatient Treatment,"0900, 0906, 0914, 0915, 0916, 0919",H0005,,Encounter,0.00,0.00,$0.00,0,0,0
,Substance Abuse: Case Management,,H0006,,Encounter,0.00,0.00,$0.00,0,0,0
,Substance Abuse: Sub-Acute Detoxification,1002,H0010,,Days,0.00,0.00,$0.00,0,0,0
,Substance Abuse: Sub-Acute Detoxification,1002,H0012,,Days,0.00,0.00,$0.00,0,0,0
,Substance Abuse: Sub-Acute Detoxification,1002,H0014,,Days,0.00,0.00,$0.00,0,0,0
,Substance Abuse: Outpatient Care,"0900, 0906, 0914, 0915, 0916, 0919",H0015,,Days,0.00,0.00,$0.00,0,0,0
,Crisis Residential Services,,H0018,,Days,0.00,0.00,$0.00,0,0,0
,Substance Abuse: Residential,1002,H0018,,Days,0.00,0.00,$0.00,0,0,0
,Substance Abuse: Residential,1002,H0019,,Days,0.00,0.00,$0.00,0,0,0
,Substance Abuse: Methadone,,H0020,,Encounter,0.00,0.00,$0.00,0,0,0
,Substance Abuse: Early Intervention,,H0022,,Encounter,0.00,0.00,$0.00,0,0,0
,Peer Directed and Operated Support Services,,H0023,,Encounter,0.00,0.00,$0.00,0,0,0
,Prevention Services - Direct Model,,H0025,,Face to Face Contact,0.00,0.00,$0.00,0,0,0
,Crisis Intervention,,H0030,,Per Service,0.00,0.00,$0.00,0,0,0
,Assessment ,,H0031,,Encounter,383.00,407.00,"$58,851.00",154,145,1
,Substance Abuse: Assessment,,H0031,,Encounter,0.00,0.00,$0.00,0,0,0
,Treatment Planning,,H0032,,Encounter,427.00,990.00,"$101,062.00",237,102,2
,Monitoring of Treatment - Clinician,,H0032,TS,Encounter,0.00,0.00,$0.00,0,0,0
,Substance Abuse: Pharmalogical Support - Suboxane,,H0033,,Direct Observation Encounter,0.00,0.00,$0.00,0,0,0
,Health Services,,H0034,,15 Minutes,0.00,0.00,$0.00,0,0,0
,Home Based Services,,H0036,,15 Minutes,2.00,260.00,"$12,892.00",6446,50,130
,Home Based Services,,H0036,ST,15 Minutes,0.00,0.00,$0.00,0,0,0
,Community Psychiatric Supportive Treatment ,,H0037,,Per diem,0.00,0.00,$0.00,0,0,0
,Peer Directed and Operated Support Services,,H0038,,15 minutes,5.00,209.00,"$15,664.00",3133,75,42
,Peer Directed and Operated Support Services,,NA,,,16.00,0.00,"$120,096.00",7506,0,0
,Assertive Community Treatment (ACT),,H0039,,15 Minutes,72.00,"7,937.00","$487,671.00",6773,61,110
,Community Living Supports in Independent living/own home,,H0043,,Per diem,0.00,0.00,$0.00,0,0,0
,Community Living Supports in Independent living/own home,,H0043,TT,Per diem,1.00,364.00,"$30,080.00",30080,83,364
,Respite,,H0045,,Days,3.00,42.00,"$1,755.00",585,42,14
,Respite (Children's Waiver),,H0045,TD,Per Diem,0.00,0.00,$0.00,0,0,0
,Respite (Children's Waiver),,H0045,TE,Per Diem,0.00,0.00,$0.00,0,0,0
,Substance Abuse:Laboratory (cells now unlocked),,H0048,,Encounter,0.00,0.00,$0.00,0,0,0
,Substance Abuse: Individual Assessment,,H0049,,Encounter,0.00,0.00,$0.00,0,0,0
,Behavior Treatment Plan Review,,H2000,,Encounter,5.00,7.00,"$1,568.00",314,224,1
,Behavior Treatment Plan Review - Monitoring Activities,,H2000,TS,Encounter,0.00,0.00,$0.00,0,0,0
Allegan,,,,,,,,,,,
,Comprehensive Medication Services - EBP only,,H2010,,15 minutes,0.00,0.00,$0.00,0,0,0
,Crisis Intervention,,H2011,,15 Minutes,20.00,76.00,"$3,262.00",163,43,4
,Skill-Building and Out of Home Non Vocational Habilitation,,H2014,,15 minutes,3.00,244.00,"$1,679.00",560,7,81
,Skill-Building and Out of Home Non Vocational Habilitation,,H2014,TT,15 Minutes,1.00,"2,026.00","$13,969.00",13969,7,2026
,Community Living Supports (15 Minutes),,H2015,,15 Minutes,2.00,"21,731.00","$96,049.00",48025,4,10866
,Community Living Supports (15 Minutes),,H2015,TT,15 Minutes,1.00,"1,677.00","$18,526.00",18526,11,1677
,Community Living Supports (Daily),,H2016,,Per Diem,10.00,"1,548.00","$74,425.00",7443,48,155
,Community Living Supports (Daily),,H2016,TF,Per Diem,9.00,"1,892.00","$231,731.00",25748,122,210
,Community Living Supports (Daily),,H2016,TG,Per Diem,24.00,"4,710.00","$563,966.00",23499,120,196
,Behavior Services,,H2019,,15 Minutes,0.00,0.00,$0.00,0,0,0
,Behavior Services,,H2019,TT,15 Minutes,0.00,0.00,$0.00,0,0,0
,Crisis Intervention,,H2020,,Days,0.00,0.00,$0.00,0,0,0
,Wraparound,,H2021,,15 Minutes,2.00,12.00,$914.00,457,76,6
,Wraparound,,H2022,,Days,1.00,2.00,$789.00,789,395,2
,Supported Employment Services,,H2023,,15 minutes,43.00,"2,254.00","$79,402.00",1847,35,52
,Supported Employment Services,,H2023,TT,15 Minutes,0.00,0.00,$0.00,0,0,0
,Mental Health Therapy,,H2027,,15 Minutes,0.00,0.00,$0.00,0,0,0
,Clubhouse Psychosocial Rehabilitation Programs ,,H2030,,15 Minutes,3.00,"2,408.00","$7,317.00",2439,3,803
,Home Based Services,,H2033,,15 Minutes,0.00,0.00,$0.00,0,0,0
,Substance Abuse: Outpatient Care,"0900, 0906, 0914, 0915, 0916, 0919",H2035,,Hour,0.00,0.00,$0.00,0,0,0
,Substance Abuse: Outpatient Care,"0900, 0906, 0914, 0915, 0916, 0919",H2036,,Per Diem,0.00,0.00,$0.00,0,0,0
,Medication Review ,,M0064,,"Encounter Face-to-Face, generally less than 10 minutes",245.00,776.00,"$65,285.00",266,84,3
,Transportation,,S0209,,Per Mile,0.00,0.00,$0.00,0,0,0
,Transportation,,S0215,,Per Mile,0.00,0.00,$0.00,0,0,0
,Family Training - EBP,,S5110,,15 Minutes,0.00,0.00,$0.00,0,0,0
,Family Training,,S5111,,Encounter,1.00,4.00,$386.00,386,97,4
,Family Training,,S5111,HA,Encounter,0.00,0.00,$0.00,0,0,0
,"Home Care Training, Non-Family (Children's Waiver)",,S5116,,Encounter,0.00,0.00,$0.00,0,0,0
,Chore Services,,S5120,,15 Minutes,0.00,0.00,$0.00,0,0,0
,Foster Care,,S5140,,Days,0.00,0.00,$0.00,0,0,0
,Foster Care,,S5145,,Days,0.00,0.00,$0.00,0,0,0
,Respite,,S5150,,15 Minutes,0.00,0.00,$0.00,0,0,0
,Respite,,S5151,,Per Diem,0.00,0.00,$0.00,0,0,0
,Personal Emergency Response System (PERS),,S5160,,Encounter,0.00,0.00,$0.00,0,0,0
,Personal Emergency Response System (PERS),,S5161,,Month,0.00,0.00,$0.00,0,0,0
,Environmental Modification ,,S5165,,Service,0.00,0.00,$0.00,0,0,0
,Enhanced Medical Equipment-Supplies,,S5199,,Items,0.00,0.00,$0.00,0,0,0
,Occupational or Physical Therapy,,S8990,,Encounter,0.00,0.00,$0.00,0,0,0
,Private Duty Nursing,0582,S9123,,Hour,0.00,0.00,$0.00,0,0,0
,Private Duty Nursing,,S9123,,Hour,0.00,0.00,$0.00,0,0,0
,Private Duty Nursing,,S9123,TT,Hour,0.00,0.00,$0.00,0,0,0
,Private Duty Nursing,0582,S9124,,Hour,0.00,0.00,$0.00,0,0,0
,Private Duty Nursing,,S9124,,Hour,0.00,0.00,$0.00,0,0,0
,Private Duty Nursing,,S9124,TT,Hour,0.00,0.00,$0.00,0,0,0
,Respite Care in the Home (RN) (Children's Waiver),,S9125,TD,Per Diem,0.00,0.00,$0.00,0,0,0
,Respite Care in the Home (LPN) (Children's Waiver),,S9125,TE,Per Diem,0.00,0.00,$0.00,0,0,0
,Health Services,,S9445,,Encounter,0.00,0.00,$0.00,0,0,0
,Health Services,,S9446,,Encounter,0.00,0.00,$0.00,0,0,0
Allegan,,,,,,,,,,,
,Health Services,,S9470,,Encounter,0.00,0.00,$0.00,0,0,0
,Intensive Crisis Stabilization-Enrolled Program,,S9484,,Hour,0.00,0.00,$0.00,0,0,0
,Reidential Room and Board,,S9976,,Days,0.00,0.00,$0.00,0,0,0
,Private Duty Nursing,,T1000,,Up to 15 min,0.00,0.00,$0.00,0,0,0
,Private Duty Nursing,,T1000,TD,Up to 15 min,0.00,0.00,$0.00,0,0,0
,Private Duty Nursing,,T1000,TE,Up to 15 min,0.00,0.00,$0.00,0,0,0
,Assessment,,T1001,,Encounter,0.00,0.00,$0.00,0,0,0
,Health Services,,T1002,,Up to 15 min,0.00,0.00,$0.00,0,0,0
,Respite Care,,T1005,,15 Minutes,0.00,0.00,$0.00,0,0,0
,Respite Care,,T1005,TD,15 Minutes,0.00,0.00,$0.00,0,0,0
,Respite Care,,T1005,TE,15 Minutes,0.00,0.00,$0.00,0,0,0
,Substance Abuse: Recovery Support Services,"0900, 0906, 0914, 0915, 0916, 0919",T1012,,Encounter,0.00,0.00,$0.00,0,0,0
,Family Psycho-Education - EBP,,T1015,,Encounter,0.00,0.00,$0.00,0,0,0
,Supports Coordination/Wrap Facilitation,,T1016,,15 minutes,79.00,"2,095.00","$152,507.00",1930,73,27
,Targeted Case Management ,,T1017,,15 minutes,135.00,"6,589.00","$524,360.00",3884,80,49
,Nursing Home Mental Health Monitoring,,T1017,SE,15 minutes,27.00,500.00,"$21,723.00",805,43,19
,Personal Care in Licensed Specialized Residential Setting,,T1020,,Days,27.00,"6,346.00","$57,359.00",2124,9,235
,Personal Care in Licensed Specialized Residential Setting,,T1020,TF,Days,6.00,"1,147.00","$51,890.00",8648,45,191
,Personal Care in Licensed Specialized Residential Setting,,T1020,TG,Days,5.00,"1,128.00","$50,959.00",10192,45,226
,Assessments,,T1023,,Encounter,150.00,179.00,"$27,034.00",180,151,1
,Enhanced Medical Supplies or Pharmacy,,T1999,,Items,0.00,0.00,$0.00,0,0,0
,Transportation,,T2001,,Encounter,0.00,0.00,$0.00,0,0,0
,Transportation,,T2002,,Per Diem,0.00,0.00,$0.00,0,0,0
,Transportation,,T2003,,Encounter / Trip,0.00,0.00,$0.00,0,0,0
,Transportation,,T2004,,Encounter,0.00,0.00,$0.00,0,0,0
,Transportation,,T2005,,Encounter,0.00,0.00,$0.00,0,0,0
,Out of Home Prevocational Service,,T2015,,Hour,0.00,0.00,$0.00,0,0,0
,Targeted Case Management (Children's Waiver),,T2023,,Month,0.00,0.00,$0.00,0,0,0
,Fiscal Intermediary Services,,T2025,,Month,0.00,0.00,$0.00,0,0,0
,Enhanced Medical Equipment-Supplies,,T2028,,Items,0.00,0.00,$0.00,0,0,0
,Enhanced Medical Equipment-Supplies,,T2029,,Items,0.00,0.00,$0.00,0,0,0
,Crisis Intervention,,T2034,,Days,0.00,0.00,$0.00,0,0,0
,Respite Care,,T2036,,Encounter / Trip. Per session. One night = one session,0.00,0.00,$0.00,0,0,0
,Respite Care,,T2037,,Encounter / Trip  Per session. One day/partial day = one session,0.00,0.00,$0.00,0,0,0
,Housing Assistance,,T2038,,Month   Service,0.00,0.00,$0.00,0,0,0
,Enhanced Medical Equipment-Supplies,,T2039,,Items,0.00,0.00,$0.00,0,0,0
,Pharmacy (Drugs and Other Biologicals),,,,,0.00,0.00,$0.00,0,0,0
,Other,,,,,0.00,0.00,$0.00,0,0,0
,Aggregate for 'J' Codes,,ALL,,,29.00,0.00,"$51,451.00",1774,0,0
AuSable Valley,,,,,,,,,,,
,State Psychiatric Hospital - Inpatient PT22,"0100, 0101, 0114, 0124, 0134, 0154",,PT22,Days,2.00,69.00,"$24,864.00",12432,360,35
,State Mental Retardation Facility - Inpatient (ICF/MR) PT65,"0100, 0101, 0114, 0124, 0134, 0154",,PT65,Days,0.00,0.00,$0.00,0,0,0
,Local Psychiatric Hospital/IMD PT68,"0100, 0101, 0114, 0124, 0134, 0154",,PT68,Days,1.00,9.00,"$4,500.00",4500,500,9
,Local Psychiatric Hospital - Acute Community PT73,"0100, 0101, 0114, 0124, 0134, 0154",,PT73,Days,18.00,92.00,"$61,882.00",3438,673,5
,Inpatient Hospital Ancillary Services - Leave of Absence,0183,,,Days,0.00,0.00,$0.00,0,0,0
,Inpatient Hospital Ancillary Services - Pharmacy,"0250-0254, 0257-0258 ",,,,0.00,0.00,$0.00,0,0,0
,Inpatient Hospital Ancillary Services - Medical/Surgical Supplies and Devices,0270-0272,,,# of items,0.00,0.00,$0.00,0,0,0
,Inpatient Hospital Ancillary Services - Laboratory,"0300-0302, 0305-0307",,,# of tests,0.00,0.00,$0.00,0,0,0
,Inpatient Hospital Ancillary Services - Radiology,0320,,,# of tests,0.00,0.00,$0.00,0,0,0
,ECT Anesthesia,0370,,,,0.00,0.00,$0.00,0,0,0
,Inpatient Hospital Ancillary Services - Respiratory Services,0410,,,# of treatments,0.00,0.00,$0.00,0,0,0
,Inpatient Hospital Ancillary Services -Physical Therapy,0420-0424,,,# of treatments,0.00,0.00,$0.00,0,0,0
,Inpatient Hospital Ancillary Services - Occupational Therapy,0430-0434,,,# of treatments,0.00,0.00,$0.00,0,0,0
,Inpatient Hospital Ancillary Services - Speech-Language Pathology,0440-0444,,,# of treatments,0.00,0.00,$0.00,0,0,0
,Inpatient Hospital Ancillary Services - Emergency Room,0450,,,# of visits,0.00,0.00,$0.00,0,0,0
,Inpatient Hospital Ancillary Services - Pulmonary Function,0460,,,# of tests,0.00,0.00,$0.00,0,0,0
,Inpatient Hospital Ancillary Services - Audiology,0470-0472,,,# of tests,0.00,0.00,$0.00,0,0,0
,Inpatient Hospital Ancillary Services - Magnetic Resonance Technology (MRT),0610-0611,,,# of tests,0.00,0.00,$0.00,0,0,0
,Inpatient Hospital Ancillary Services - Pharmacy,0636,,,# of units,0.00,0.00,$0.00,0,0,0
,ECT Recovery Room,0701,,,,0.00,0.00,$0.00,0,0,0
,Inpatient Hospital Ancillary Services -EKG/ECG,0730-0731,,,# of tests,0.00,0.00,$0.00,0,0,0
,Inpatient Hospital Ancillary Services - EEG,0740,,,# of tests,0.00,0.00,$0.00,0,0,0
,Crisis Observation Care,0762,,,Hour,0.00,0.00,$0.00,0,0,0
,Additional Codes-ECT Facility Charge,0901,,,Encounter,0.00,0.00,$0.00,0,0,0
,Inpatient Hospital Ancillary Services - Psychiatric/Psychological Treatments/Services,"0900, 0902-0904, 0911, 0914-0919",,,# of visits,0.00,0.00,$0.00,0,0,0
,Outpatient Partial Hospitalization,0912,,,Days,0.00,0.00,$0.00,0,0,0
,Outpatient Partial Hospitalization,0913,,,Days,0.00,0.00,$0.00,0,0,0
,Inpatient Hospital Ancillary Services - Other Diagnosis Services,0925,,,# of tests,0.00,0.00,$0.00,0,0,0
,Inpatient Hospital Ancillary Services - Other Therapeutic Services,0940-0942,,,# of visits,0.00,0.00,$0.00,0,0,0
,Additional Codes-ECT Anesthesia,,00104,,Minutes,0.00,0.00,$0.00,0,0,0
,Drug Screen for Methadone Clients Only,,80100,,Per Screen,0.00,0.00,$0.00,0,0,0
,Drug Screen for Methadone Clients Only,,80101,,Per Screen,0.00,0.00,$0.00,0,0,0
,Alcohol Breath Test for Methadone Clients Only,,82075,,Per Test,0.00,0.00,$0.00,0,0,0
,Medication Administration,,90772,,Encounter,3.00,3.00,$71.00,24,24,1
,Assessment-Psychiatric Assessment,,90801,,Encounter,408.00,416.00,"$150,488.00",369,362,1
,Substance Abuse: Psychiatric Evaluation,,90801,,Encounter,0.00,0.00,$0.00,0,0,0
,Assessment-Psychiatric Assessment,,90802,,Encounter,0.00,0.00,$0.00,0,0,0
,Substance Abuse: Psychiatric Evaluation,,90802,,Encounter,0.00,0.00,$0.00,0,0,0
,Therapy-Individual Therapy,,90804,,Encounter 20-30 Min,213.00,374.00,"$33,716.00",158,90,2
,Substance Abuse: Outpatient Treatment,"0900, 0914, 0915, 0916, 0919",90804,,Encounter 20-30 Min,0.00,0.00,$0.00,0,0,0
AuSable Valley,,,,,,,,,,,
,Therapy-Individual Therapy,,90805,,Encounter 20-30 Min,0.00,0.00,$0.00,0,0,0
,Substance Abuse: Outpatient Treatment,"0900, 0914, 0915, 0916, 0919",90805,,Encounter 20-30 Min,0.00,0.00,$0.00,0,0,0
,Therapy-Individual Therapy,,90806,,Encounter 45-50 Min,569.00,"1,749.00","$262,805.00",462,150,3
,Substance Abuse: Outpatient Treatment,"0900, 0914, 0915, 0916, 0919",90806,,Encounter 45-50 Min,0.00,0.00,$0.00,0,0,0
,Therapy-Individual Therapy,,90807,,Encounter 45-50 Min,0.00,0.00,$0.00,0,0,0
,Substance Abuse: Outpatient Treatment,"0900, 0914, 0915, 0916, 0919",90807,,Encounter 45-50 Min,0.00,0.00,$0.00,0,0,0
,Therapy-Individual Therapy,,90808,,Encounter 75-80 Min,6.00,6.00,"$1,442.00",240,240,1
,Substance Abuse: Outpatient Treatment,"0900, 0914, 0915, 0916, 0919",90808,,Encounter 75-80 Min,0.00,0.00,$0.00,0,0,0
,Therapy-Individual Therapy,,90809,,Encounter 75-80 Min,0.00,0.00,$0.00,0,0,0
,Substance Abuse: Outpatient Treatment,"0900, 0914, 0915, 0916, 0919",90809,,Encounter 75-80 Min,0.00,0.00,$0.00,0,0,0
,Therapy-Individual Therapy,,90810,,Encounter 20-30 Min,0.00,0.00,$0.00,0,0,0
,Substance Abuse: Outpatient Treatment,"0900, 0914, 0915, 0916, 0919",90810,,Encounter 20-30 Min,0.00,0.00,$0.00,0,0,0
,Therapy-Individual Therapy,,90811,,Encounter 20-30 Min,0.00,0.00,$0.00,0,0,0
,Substance Abuse: Outpatient Treatment,"0900, 0914, 0915, 0916, 0919",90811,,Encounter 20-30 Min,0.00,0.00,$0.00,0,0,0
,Therapy-Individual Therapy,,90812,,Encounter 45-50 Min,0.00,0.00,$0.00,0,0,0
,Substance Abuse: Outpatient Treatment,"0900, 0914, 0915, 0916, 0919",90812,,Encounter 45-50 Min,0.00,0.00,$0.00,0,0,0
,Therapy-Individual Therapy,,90813,,Encounter 45-50 Min,0.00,0.00,$0.00,0,0,0
,Substance Abuse: Outpatient Treatment,"0900, 0914, 0915, 0916, 0919",90813,,Encounter 45-50 Min,0.00,0.00,$0.00,0,0,0
,Therapy-Individual Therapy,,90814,,Encounter 75-80 Min,0.00,0.00,$0.00,0,0,0
,Substance Abuse: Outpatient Treatment,"0900, 0914, 0915, 0916, 0919",90814,,Encounter 75-80 Min,0.00,0.00,$0.00,0,0,0
,Therapy-Individual Therapy,,90815,,Encounter 75-80 Min,0.00,0.00,$0.00,0,0,0
,Substance Abuse: Outpatient Treatment,"0900, 0914, 0915, 0916, 0919",90815,,Encounter 75-80 Min,0.00,0.00,$0.00,0,0,0
,Therapy-Individual Therapy,,90816,,Encounter 20-30 Min,0.00,0.00,$0.00,0,0,0
,Therapy-Individual Therapy,,90817,,Encounter 20-30 Min,0.00,0.00,$0.00,0,0,0
,Therapy-Individual Therapy,,90818,,Encounter 45-50 Min,0.00,0.00,$0.00,0,0,0
,Therapy-Individual Therapy,,90819,,Encounter 45-50 Min,0.00,0.00,$0.00,0,0,0
,Therapy-Individual Therapy,,90821,,Encounter 75-80 Min,0.00,0.00,$0.00,0,0,0
,Therapy-Individual Therapy,,90822,,Encounter 75-80 Min,0.00,0.00,$0.00,0,0,0
,Therapy-Individual Therapy,,90823,,Encounter 20-30 Min,0.00,0.00,$0.00,0,0,0
,Therapy-Individual Therapy,,90824,,Encounter 20-30 Min,0.00,0.00,$0.00,0,0,0
,Therapy-Individual Therapy,,90826,,Encounter 45-50 Min,0.00,0.00,$0.00,0,0,0
,Substance Abuse: Psychotherapy (Individual Therapy),,90826,,Encounter 45-50 Min,0.00,0.00,$0.00,0,0,0
,Therapy-Individual Therapy,,90827,,Encounter 45-50 Min,0.00,0.00,$0.00,0,0,0
,Therapy-Individual Therapy,,90828,,Encounter 75-80 Min,0.00,0.00,$0.00,0,0,0
,Therapy-Individual Therapy,,90829,,Encounter 75-80 Min,0.00,0.00,$0.00,0,0,0
,Therapy-Family Therapy,,90846,,Encounter,3.00,5.00,$751.00,250,150,2
,Therapy-Family Therapy,,90847,,Encounter,21.00,43.00,"$6,461.00",308,150,2
,Substance Abuse: Outpatient Treatment,"0900, 0906, 0914, 0915, 0916, 0919",90847,,Encounter,0.00,0.00,$0.00,0,0,0
,Therapy-Family Therapy,,90849,,Encounter,0.00,0.00,$0.00,0,0,0
,Therapy-Family Therapy,,90849,HS,Encounter,0.00,0.00,$0.00,0,0,0
AuSable Valley,,,,,,,,,,,
,Therapy-Group Therapy,,90853,,Encounter,92.00,377.00,"$25,489.00",277,68,4
,Substance Abuse: Outpatient Treatment,"0900, 0906, 0914, 0915, 0916, 0919",90853,,Encounter,0.00,0.00,$0.00,0,0,0
,Therapy-Group Therapy,,90857,,Encounter,0.00,0.00,$0.00,0,0,0
,Substance Abuse: Outpatient Treatment,"0900, 0906, 0914, 0915, 0916, 0919",90857,,Encounter,0.00,0.00,$0.00,0,0,0
,Medication Review ,,90862,,Encounter,398.00,958.00,"$120,334.00",302,126,2
,Substance Abuse: Medication Review,"0900, 0914, 0915, 0916, 0919",90862,,Encounter,0.00,0.00,$0.00,0,0,0
,Additional Codes-ECT Physician,,90870,,Encounter,0.00,0.00,$0.00,0,0,0
,Additional Codes-ECT Physician,0901,90870,,Encounter,0.00,0.00,$0.00,0,0,0
,Assessments-Other,,90887,,Encounter,0.00,0.00,$0.00,0,0,0
,Speech & Language Therapy ,,92506,,Encounter,0.00,0.00,$0.00,0,0,0
,Speech & Language Therapy ,,92507,,Encounter,0.00,0.00,$0.00,0,0,0
,Speech & Language Therapy ,,92508,,Encounter,0.00,0.00,$0.00,0,0,0
,Speech & Language Therapy ,,92526,,Encounter,0.00,0.00,$0.00,0,0,0
,Speech & Language Therapy ,,92610,,Encounter,0.00,0.00,$0.00,0,0,0
,Evaluation of Auditory Rehabilitation Status (Children's Waiver),,92626,,First Hour,0.00,0.00,$0.00,0,0,0
,Evaluation of Auditory Rehabiliation Status (Children's Waiver),,92627,,Each Additional 15 Minutes,0.00,0.00,$0.00,0,0,0
,Auditory Rehabilitation Preling Hearing Loss (Children's Waiver),,92630,,Encounter,0.00,0.00,$0.00,0,0,0
,Auditory Rehabilitation; Post-Lingual Hearing Loss (Children's Waiver),,92633,,Encounter,0.00,0.00,$0.00,0,0,0
,Psychological Testing PSYCH/PHYS ,,96101,,Per Hour,27.00,50.00,"$7,328.00",271,147,2
,Psychological Testing by Technician ,,96102,,Per Hour,0.00,0.00,$0.00,0,0,0
,Psychological Testing by Comp ,,96103,,Per Hour,0.00,0.00,$0.00,0,0,0
,Assessments-Other,,96105,,Encounter,0.00,0.00,$0.00,0,0,0
,Assessments-Other,,96110,,Encounter,2.00,2.00,$293.00,147,147,1
,Assessments-Other,,96111,,Encounter,0.00,0.00,$0.00,0,0,0
,Neurobehavioral Status Exam (Children's Waiver),,96116,,Per Hour,0.00,0.00,$0.00,0,0,0
,Neuropsych test by Psych/Phys ,,96118,,Per Hour,0.00,0.00,$0.00,0,0,0
,Neuropsych test by Tech ,,96119,,Per Hour,0.00,0.00,$0.00,0,0,0
,Neuropsych test Admin w/Comp ,,96120,,Per Hour,0.00,0.00,$0.00,0,0,0
,Medication Administration,,96372,,Encounter,0.00,0.00,$0.00,0,0,0
,Physical Therapy,,97001,,Encounter,0.00,0.00,$0.00,0,0,0
,Physical Therapy,,97002,,Encounter,0.00,0.00,$0.00,0,0,0
,Occupational Therapy,,97003,,Encounter,0.00,0.00,$0.00,0,0,0
,Occupational Therapy,,97004,,Encounter,0.00,0.00,$0.00,0,0,0
,Occupational or Physical Therapy,,97110,,15 Minutes,0.00,0.00,$0.00,0,0,0
,Occupational or Physical Therapy,,97112,,15 Minutes,0.00,0.00,$0.00,0,0,0
,Occupational or Physical Therapy,,97113,,15 Minutes,0.00,0.00,$0.00,0,0,0
,Occupational or Physical Therapy,,97116,,15 Minutes,0.00,0.00,$0.00,0,0,0
,Occupational or Physical Therapy,,97124,,15 Minutes,0.00,0.00,$0.00,0,0,0
,Occupational or Physical Therapy,,97140,,15 Minutes,0.00,0.00,$0.00,0,0,0
,Occupational or Physical Therapy,,97150,,Encounter,0.00,0.00,$0.00,0,0,0
,Occupational or Physical Therapy,,97530,,15 Minutes,0.00,0.00,$0.00,0,0,0
,Occupational or Physical Therapy,,97532,,15 Minutes,0.00,0.00,$0.00,0,0,0
,Occupational or Physical Therapy,,97533,,15 Minutes,0.00,0.00,$0.00,0,0,0
,Occupational or Physical Therapy,,97535,,15 Minutes,0.00,0.00,$0.00,0,0,0
,Occupational or Physical Therapy,,97537,,15 Minutes,0.00,0.00,$0.00,0,0,0
,Occupational or Physical Therapy,,97542,,15 Minutes,0.00,0.00,$0.00,0,0,0
,Occupational Therapy,,97703,,15 Minutes,0.00,0.00,$0.00,0,0,0
AuSable Valley,,,,,,,,,,,
,Occupational Therapy,,97750,,15 Minutes,0.00,0.00,$0.00,0,0,0
,Occupational Therapy,,97755,,15 Minutes,0.00,0.00,$0.00,0,0,0
,Occupational Therapy,,97760,,15 Minutes,0.00,0.00,$0.00,0,0,0
,C/O for Orthotic/Prosth Use ,,97762,,15 minutes,0.00,0.00,$0.00,0,0,0
,Assessment or Health Services,,97802,,15 Minutes,0.00,0.00,$0.00,0,0,0
,Assessment or Health Services,,97803,,15 Minutes,0.00,0.00,$0.00,0,0,0
,Health Services,,97804,,30 Minutes,0.00,0.00,$0.00,0,0,0
,Additional Codes-Physician Services,,99201,,Encounter,0.00,0.00,$0.00,0,0,0
,Additional Codes-Physician Services,,99202,,Encounter,0.00,0.00,$0.00,0,0,0
,Additional Codes-Physician Services,,99203,,Encounter,0.00,0.00,$0.00,0,0,0
,Additional Codes-Physician Services,,99204,,Encounter,0.00,0.00,$0.00,0,0,0
,Additional Codes-Physician Services,,99205,,Encounter,0.00,0.00,$0.00,0,0,0
,Additional Codes-Physician Services  Medication Administration,,99211,,Encounter,7.00,45.00,"$1,062.00",152,24,6
,Additional Codes-Physician Services,,99212,,Encounter,0.00,0.00,$0.00,0,0,0
,Additional Codes-Physician Services,,99213,,Encounter,0.00,0.00,$0.00,0,0,0
,Additional Codes-Physician Services,,99214,,Encounter,0.00,0.00,$0.00,0,0,0
,Additional Codes-Physician Services,,99215,,Encounter,0.00,0.00,$0.00,0,0,0
,Additional Codes-Physician Services,,99221,,30 Minutes,0.00,0.00,$0.00,0,0,0
,Additional Codes-Physician Services,,99222,,50 Minutes,0.00,0.00,$0.00,0,0,0
,Additional Codes-Physician Services,,99223,,70 Minutes,0.00,0.00,$0.00,0,0,0
,Additional Codes-Physician Services,,99231,,15 Minutes,0.00,0.00,$0.00,0,0,0
,Additional Codes-Physician Services,,99232,,25 minutes,0.00,0.00,$0.00,0,0,0
,Additional Codes-Physician Services,,99233,,35 Minutes,0.00,0.00,$0.00,0,0,0
,Additional Codes-Physician Services,,99238,,30 Minutes or less,0.00,0.00,$0.00,0,0,0
,Additional Codes-Physician Services,,99241,,Encounter,0.00,0.00,$0.00,0,0,0
,Additional Codes-Physician Services,,99242,,Encounter,0.00,0.00,$0.00,0,0,0
,Additional Codes-Physician Services,,99243,,Encounter,0.00,0.00,$0.00,0,0,0
,Additional Codes-Physician Services,,99244,,Encounter,0.00,0.00,$0.00,0,0,0
,Additional Codes-Physician Services,,99245,,Encounter,0.00,0.00,$0.00,0,0,0
,Additional Codes-Physician Services,,99251,,Encounter,0.00,0.00,$0.00,0,0,0
,Additional Codes-Physician Services,,99252,,Encounter,0.00,0.00,$0.00,0,0,0
,Additional Codes-Physician Services,,99253,,Encounter,0.00,0.00,$0.00,0,0,0
,Additional Codes-Physician Services,,99254,,Encounter,0.00,0.00,$0.00,0,0,0
,Additional Codes-Physician Services,,99255,,Encounter,0.00,0.00,$0.00,0,0,0
,Additional Codes-Physician Services,,99261,,Encounter,0.00,0.00,$0.00,0,0,0
,Additional Codes-Physician Services,,99262,,Encounter,0.00,0.00,$0.00,0,0,0
,Additional Codes-Physician Services,,99263,,Encounter,0.00,0.00,$0.00,0,0,0
,Additional Codes-Physician Services,,99271,,Encounter,0.00,0.00,$0.00,0,0,0
,Additional Codes-Physician Services,,99272,,Encounter,0.00,0.00,$0.00,0,0,0
,Additional Codes-Physician Services,,99273,,Encounter,0.00,0.00,$0.00,0,0,0
,Additional Codes-Physician Services,,99274,,Encounter,0.00,0.00,$0.00,0,0,0
,Additional Codes-Physician Services,,99275,,Encounter,0.00,0.00,$0.00,0,0,0
,Medication Administration,,99605,,Encounter,0.00,0.00,$0.00,0,0,0
,Transportation,,A0080,,Per mile,0.00,0.00,$0.00,0,0,0
,Transportation,,A0090,,Per mile,0.00,0.00,$0.00,0,0,0
,Transportation,,A0100,,Per one-way trip,0.00,0.00,$0.00,0,0,0
,Transportation,,A0110,,Per one-way trip,0.00,0.00,$0.00,0,0,0
,Transportation,,A0120,,Per one-way trip,0.00,0.00,$0.00,0,0,0
,Transportation,,A0130,,Per one-way trip,0.00,0.00,$0.00,0,0,0
,Transportation,,A0140,,Per one-way trip,0.00,0.00,$0.00,0,0,0
AuSable Valley,,,,,,,,,,,
,Transportation,,A0170,,,0.00,0.00,$0.00,0,0,0
,Additional Codes-Transportation,,A0425,,Per Mile,0.00,0.00,$0.00,0,0,0
,Additional Codes-Transportation,,A0427,,Refer to code descriptions.,0.00,0.00,$0.00,0,0,0
,Additional codes - Transportation,,A0428,,,0.00,0.00,$0.00,0,0,0
,Repair or Non-Routine Service for DME (Children's Waiver),,E1340,,15 Minutes,0.00,0.00,$0.00,0,0,0
,Enhanced Medical Equipment-Supplies,,E1399,,Items,0.00,0.00,$0.00,0,0,0
,Activity Therapy (Children's Waiver),,G0176,,Encounter,0.00,0.00,$0.00,0,0,0
,Family Training/Support EBP only,,G0177,,Encounter Session at least 45 min,8.00,68.00,"$5,401.00",675,79,9
,Substance Abuse: Individual Assessment,,H0001,,Encounter,0.00,0.00,$0.00,0,0,0
,Assessment ,,H0002,,Encounter,62.00,63.00,"$5,679.00",92,90,1
,Substance Abuse: Individual Assessment,,H0002,,Encounter,0.00,0.00,$0.00,0,0,0
,Substance Abuse:Laboratory,,H0003,,Encounter,0.00,0.00,$0.00,0,0,0
,Substance Abuse: Outpatient Treatment,"0900, 0906, 0914, 0915, 0916, 0919",H0004,,15 Minutes,0.00,0.00,$0.00,0,0,0
,Substance Abuse: Outpatient Treatment,"0900, 0906, 0914, 0915, 0916, 0919",H0005,,Encounter,0.00,0.00,$0.00,0,0,0
,Substance Abuse: Case Management,,H0006,,Encounter,0.00,0.00,$0.00,0,0,0
,Substance Abuse: Sub-Acute Detoxification,1002,H0010,,Days,0.00,0.00,$0.00,0,0,0
,Substance Abuse: Sub-Acute Detoxification,1002,H0012,,Days,0.00,0.00,$0.00,0,0,0
,Substance Abuse: Sub-Acute Detoxification,1002,H0014,,Days,0.00,0.00,$0.00,0,0,0
,Substance Abuse: Outpatient Care,"0900, 0906, 0914, 0915, 0916, 0919",H0015,,Days,0.00,0.00,$0.00,0,0,0
,Crisis Residential Services,,H0018,,Days,28.00,85.00,"$29,036.00",1037,342,3
,Substance Abuse: Residential,1002,H0018,,Days,0.00,0.00,$0.00,0,0,0
,Substance Abuse: Residential,1002,H0019,,Days,0.00,0.00,$0.00,0,0,0
,Substance Abuse: Methadone,,H0020,,Encounter,0.00,0.00,$0.00,0,0,0
,Substance Abuse: Early Intervention,,H0022,,Encounter,0.00,0.00,$0.00,0,0,0
,Peer Directed and Operated Support Services,,H0023,,Encounter,0.00,0.00,$0.00,0,0,0
,Prevention Services - Direct Model,,H0025,,Face to Face Contact,97.00,642.00,"$65,163.00",672,102,7
,Crisis Intervention,,H0030,,Per Service,0.00,0.00,$0.00,0,0,0
,Assessment ,,H0031,,Encounter,832.00,856.00,"$231,505.00",278,270,1
,Substance Abuse: Assessment,,H0031,,Encounter,0.00,0.00,$0.00,0,0,0
,Treatment Planning,,H0032,,Encounter,0.00,0.00,$0.00,0,0,0
,Monitoring of Treatment - Clinician,,H0032,TS,Encounter,888.00,"1,111.00","$100,157.00",113,90,1
,Substance Abuse: Pharmalogical Support - Suboxane,,H0033,,Direct Observation Encounter,0.00,0.00,$0.00,0,0,0
,Health Services,,H0034,,15 Minutes,0.00,0.00,$0.00,0,0,0
,Home Based Services,,H0036,,15 Minutes,61.00,"2,616.00","$134,201.00",2200,51,43
,Home Based Services,,H0036,ST,15 Minutes,0.00,0.00,$0.00,0,0,0
,Community Psychiatric Supportive Treatment ,,H0037,,Per diem,0.00,0.00,$0.00,0,0,0
,Peer Directed and Operated Support Services,,H0038,,15 minutes,0.00,0.00,$0.00,0,0,0
,Peer Directed and Operated Support Services,,NA,,,0.00,0.00,$0.00,0,0,0
,Assertive Community Treatment (ACT),,H0039,,15 Minutes,197.00,"8,418.00","$709,722.00",3603,84,43
,Community Living Supports in Independent living/own home,,H0043,,Per diem,0.00,0.00,$0.00,0,0,0
,Community Living Supports in Independent living/own home,,H0043,TT,Per diem,10.00,"2,804.00","$359,669.00",35967,128,280
,Respite,,H0045,,Days,0.00,0.00,$0.00,0,0,0
,Respite (Children's Waiver),,H0045,TD,Per Diem,0.00,0.00,$0.00,0,0,0
,Respite (Children's Waiver),,H0045,TE,Per Diem,0.00,0.00,$0.00,0,0,0
,Substance Abuse:Laboratory (cells now unlocked),,H0048,,Encounter,0.00,0.00,$0.00,0,0,0
,Substance Abuse: Individual Assessment,,H0049,,Encounter,0.00,0.00,$0.00,0,0,0
,Behavior Treatment Plan Review,,H2000,,Encounter,0.00,0.00,$0.00,0,0,0
,Behavior Treatment Plan Review - Monitoring Activities,,H2000,TS,Encounter,0.00,0.00,$0.00,0,0,0
AuSable Valley,,,,,,,,,,,
,Comprehensive Medication Services - EBP only,,H2010,,15 minutes,0.00,0.00,$0.00,0,0,0
,Crisis Intervention,,H2011,,15 Minutes,355.00,"3,112.00","$140,289.00",395,45,9
,Skill-Building and Out of Home Non Vocational Habilitation,,H2014,,15 minutes,0.00,0.00,$0.00,0,0,0
,Skill-Building and Out of Home Non Vocational Habilitation,,H2014,TT,15 Minutes,2.00,5.00,$22.00,11,4,3
,Community Living Supports (15 Minutes),,H2015,,15 Minutes,19.00,668.00,"$4,790.00",252,7,35
,Community Living Supports (15 Minutes),,H2015,TT,15 Minutes,3.00,60.00,$430.00,143,7,20
,Community Living Supports (Daily),,H2016,,Per Diem,7.00,"1,063.00","$100,262.00",14323,94,152
,Community Living Supports (Daily),,H2016,TF,Per Diem,4.00,639.00,"$82,572.00",20643,129,160
,Community Living Supports (Daily),,H2016,TG,Per Diem,8.00,"1,478.00","$277,539.00",34692,188,185
,Behavior Services,,H2019,,15 Minutes,0.00,0.00,$0.00,0,0,0
,Behavior Services,,H2019,TT,15 Minutes,0.00,0.00,$0.00,0,0,0
,Crisis Intervention,,H2020,,Days,0.00,0.00,$0.00,0,0,0
,Wraparound,,H2021,,15 Minutes,2.00,21.00,$591.00,296,28,11
,Wraparound,,H2022,,Days,0.00,0.00,$0.00,0,0,0
,Supported Employment Services,,H2023,,15 minutes,0.00,0.00,$0.00,0,0,0
,Supported Employment Services,,H2023,TT,15 Minutes,52.00,"19,262.00","$125,781.00",2419,7,370
,Mental Health Therapy,,H2027,,15 Minutes,0.00,0.00,$0.00,0,0,0
,Clubhouse Psychosocial Rehabilitation Programs ,,H2030,,15 Minutes,0.00,0.00,$0.00,0,0,0
,Home Based Services,,H2033,,15 Minutes,0.00,0.00,$0.00,0,0,0
,Substance Abuse: Outpatient Care,"0900, 0906, 0914, 0915, 0916, 0919",H2035,,Hour,0.00,0.00,$0.00,0,0,0
,Substance Abuse: Outpatient Care,"0900, 0906, 0914, 0915, 0916, 0919",H2036,,Per Diem,0.00,0.00,$0.00,0,0,0
,Medication Review ,,M0064,,"Encounter Face-to-Face, generally less than 10 minutes",0.00,0.00,$0.00,0,0,0
,Transportation,,S0209,,Per Mile,0.00,0.00,$0.00,0,0,0
,Transportation,,S0215,,Per Mile,0.00,0.00,$0.00,0,0,0
,Family Training - EBP,,S5110,,15 Minutes,0.00,0.00,$0.00,0,0,0
,Family Training,,S5111,,Encounter,0.00,0.00,$0.00,0,0,0
,Family Training,,S5111,HA,Encounter,0.00,0.00,$0.00,0,0,0
,"Home Care Training, Non-Family (Children's Waiver)",,S5116,,Encounter,0.00,0.00,$0.00,0,0,0
,Chore Services,,S5120,,15 Minutes,0.00,0.00,$0.00,0,0,0
,Foster Care,,S5140,,Days,0.00,0.00,$0.00,0,0,0
,Foster Care,,S5145,,Days,0.00,0.00,$0.00,0,0,0
,Respite,,S5150,,15 Minutes,1.00,528.00,$502.00,502,1,528
,Respite,,S5151,,Per Diem,0.00,0.00,$0.00,0,0,0
,Personal Emergency Response System (PERS),,S5160,,Encounter,0.00,0.00,$0.00,0,0,0
,Personal Emergency Response System (PERS),,S5161,,Month,0.00,0.00,$0.00,0,0,0
,Environmental Modification ,,S5165,,Service,0.00,0.00,$0.00,0,0,0
,Enhanced Medical Equipment-Supplies,,S5199,,Items,0.00,0.00,$0.00,0,0,0
,Occupational or Physical Therapy,,S8990,,Encounter,0.00,0.00,$0.00,0,0,0
,Private Duty Nursing,0582,S9123,,Hour,0.00,0.00,$0.00,0,0,0
,Private Duty Nursing,,S9123,,Hour,0.00,0.00,$0.00,0,0,0
,Private Duty Nursing,,S9123,TT,Hour,0.00,0.00,$0.00,0,0,0
,Private Duty Nursing,0582,S9124,,Hour,0.00,0.00,$0.00,0,0,0
,Private Duty Nursing,,S9124,,Hour,0.00,0.00,$0.00,0,0,0
,Private Duty Nursing,,S9124,TT,Hour,0.00,0.00,$0.00,0,0,0
,Respite Care in the Home (RN) (Children's Waiver),,S9125,TD,Per Diem,0.00,0.00,$0.00,0,0,0
,Respite Care in the Home (LPN) (Children's Waiver),,S9125,TE,Per Diem,0.00,0.00,$0.00,0,0,0
,Health Services,,S9445,,Encounter,0.00,0.00,$0.00,0,0,0
,Health Services,,S9446,,Encounter,0.00,0.00,$0.00,0,0,0
AuSable Valley,,,,,,,,,,,
,Health Services,,S9470,,Encounter,0.00,0.00,$0.00,0,0,0
,Intensive Crisis Stabilization-Enrolled Program,,S9484,,Hour,0.00,0.00,$0.00,0,0,0
,Reidential Room and Board,,S9976,,Days,0.00,0.00,$0.00,0,0,0
,Private Duty Nursing,,T1000,,Up to 15 min,0.00,0.00,$0.00,0,0,0
,Private Duty Nursing,,T1000,TD,Up to 15 min,0.00,0.00,$0.00,0,0,0
,Private Duty Nursing,,T1000,TE,Up to 15 min,0.00,0.00,$0.00,0,0,0
,Assessment,,T1001,,Encounter,6.00,9.00,$950.00,158,106,2
,Health Services,,T1002,,Up to 15 min,5.00,22.00,$519.00,104,24,4
,Respite Care,,T1005,,15 Minutes,0.00,0.00,$0.00,0,0,0
,Respite Care,,T1005,TD,15 Minutes,0.00,0.00,$0.00,0,0,0
,Respite Care,,T1005,TE,15 Minutes,0.00,0.00,$0.00,0,0,0
,Substance Abuse: Recovery Support Services,"0900, 0906, 0914, 0915, 0916, 0919",T1012,,Encounter,0.00,0.00,$0.00,0,0,0
,Family Psycho-Education - EBP,,T1015,,Encounter,0.00,0.00,$0.00,0,0,0
,Supports Coordination/Wrap Facilitation,,T1016,,15 minutes,0.00,0.00,$0.00,0,0,0
,Targeted Case Management ,,T1017,,15 minutes,151.00,"4,262.00","$489,363.00",3241,115,28
,Nursing Home Mental Health Monitoring,,T1017,SE,15 minutes,0.00,0.00,$0.00,0,0,0
,Personal Care in Licensed Specialized Residential Setting,,T1020,,Days,10.00,"1,783.00","$46,340.00",4634,26,178
,Personal Care in Licensed Specialized Residential Setting,,T1020,TF,Days,0.00,0.00,$0.00,0,0,0
,Personal Care in Licensed Specialized Residential Setting,,T1020,TG,Days,1.00,365.00,"$35,872.00",35872,98,365
,Assessments,,T1023,,Encounter,150.00,211.00,"$29,397.00",196,139,1
,Enhanced Medical Supplies or Pharmacy,,T1999,,Items,0.00,0.00,$0.00,0,0,0
,Transportation,,T2001,,Encounter,0.00,0.00,$0.00,0,0,0
,Transportation,,T2002,,Per Diem,0.00,0.00,$0.00,0,0,0
,Transportation,,T2003,,Encounter / Trip,0.00,0.00,$0.00,0,0,0
,Transportation,,T2004,,Encounter,0.00,0.00,$0.00,0,0,0
,Transportation,,T2005,,Encounter,0.00,0.00,$0.00,0,0,0
,Out of Home Prevocational Service,,T2015,,Hour,0.00,0.00,$0.00,0,0,0
,Targeted Case Management (Children's Waiver),,T2023,,Month,0.00,0.00,$0.00,0,0,0
,Fiscal Intermediary Services,,T2025,,Month,0.00,0.00,$0.00,0,0,0
,Enhanced Medical Equipment-Supplies,,T2028,,Items,0.00,0.00,$0.00,0,0,0
,Enhanced Medical Equipment-Supplies,,T2029,,Items,0.00,0.00,$0.00,0,0,0
,Crisis Intervention,,T2034,,Days,0.00,0.00,$0.00,0,0,0
,Respite Care,,T2036,,Encounter / Trip. Per session. One night = one session,0.00,0.00,$0.00,0,0,0
,Respite Care,,T2037,,Encounter / Trip  Per session. One day/partial day = one session,0.00,0.00,$0.00,0,0,0
,Housing Assistance,,T2038,,Month   Service,0.00,0.00,$0.00,0,0,0
,Enhanced Medical Equipment-Supplies,,T2039,,Items,0.00,0.00,$0.00,0,0,0
,Pharmacy (Drugs and Other Biologicals),,,,,0.00,0.00,$0.00,0,0,0
,Other,,,,,0.00,0.00,$0.00,0,0,0
,Aggregate for 'J' Codes,,ALL,,,13.00,0.00,"$1,561.00",120,0,0
Barry,,,,,,,,,,,
,State Psychiatric Hospital - Inpatient PT22,"0100, 0101, 0114, 0124, 0134, 0154",,PT22,Days,7.00,164.00,"$57,892.00",8270,353,23
,State Mental Retardation Facility - Inpatient (ICF/MR) PT65,"0100, 0101, 0114, 0124, 0134, 0154",,PT65,Days,0.00,0.00,$0.00,0,0,0
,Local Psychiatric Hospital/IMD PT68,"0100, 0101, 0114, 0124, 0134, 0154",,PT68,Days,9.00,78.00,"$20,702.00",2300,265,9
,Local Psychiatric Hospital - Acute Community PT73,"0100, 0101, 0114, 0124, 0134, 0154",,PT73,Days,46.00,340.00,"$219,967.00",4782,647,7
,Inpatient Hospital Ancillary Services - Leave of Absence,0183,,,Days,0.00,0.00,$0.00,0,0,0
,Inpatient Hospital Ancillary Services - Pharmacy,"0250-0254, 0257-0258 ",,,,0.00,0.00,$0.00,0,0,0
,Inpatient Hospital Ancillary Services - Medical/Surgical Supplies and Devices,0270-0272,,,# of items,0.00,0.00,$0.00,0,0,0
,Inpatient Hospital Ancillary Services - Laboratory,"0300-0302, 0305-0307",,,# of tests,0.00,0.00,$0.00,0,0,0
,Inpatient Hospital Ancillary Services - Radiology,0320,,,# of tests,0.00,0.00,$0.00,0,0,0
,ECT Anesthesia,0370,,,,0.00,0.00,$0.00,0,0,0
,Inpatient Hospital Ancillary Services - Respiratory Services,0410,,,# of treatments,0.00,0.00,$0.00,0,0,0
,Inpatient Hospital Ancillary Services -Physical Therapy,0420-0424,,,# of treatments,0.00,0.00,$0.00,0,0,0
,Inpatient Hospital Ancillary Services - Occupational Therapy,0430-0434,,,# of treatments,0.00,0.00,$0.00,0,0,0
,Inpatient Hospital Ancillary Services - Speech-Language Pathology,0440-0444,,,# of treatments,0.00,0.00,$0.00,0,0,0
,Inpatient Hospital Ancillary Services - Emergency Room,0450,,,# of visits,0.00,0.00,$0.00,0,0,0
,Inpatient Hospital Ancillary Services - Pulmonary Function,0460,,,# of tests,0.00,0.00,$0.00,0,0,0
,Inpatient Hospital Ancillary Services - Audiology,0470-0472,,,# of tests,0.00,0.00,$0.00,0,0,0
,Inpatient Hospital Ancillary Services - Magnetic Resonance Technology (MRT),0610-0611,,,# of tests,0.00,0.00,$0.00,0,0,0
,Inpatient Hospital Ancillary Services - Pharmacy,0636,,,# of units,0.00,0.00,$0.00,0,0,0
,ECT Recovery Room,0701,,,,0.00,0.00,$0.00,0,0,0
,Inpatient Hospital Ancillary Services -EKG/ECG,0730-0731,,,# of tests,0.00,0.00,$0.00,0,0,0
,Inpatient Hospital Ancillary Services - EEG,0740,,,# of tests,0.00,0.00,$0.00,0,0,0
,Crisis Observation Care,0762,,,Hour,0.00,0.00,$0.00,0,0,0
,Additional Codes-ECT Facility Charge,0901,,,Encounter,0.00,0.00,$0.00,0,0,0
,Inpatient Hospital Ancillary Services - Psychiatric/Psychological Treatments/Services,"0900, 0902-0904, 0911, 0914-0919",,,# of visits,0.00,0.00,$0.00,0,0,0
,Outpatient Partial Hospitalization,0912,,,Days,1.00,6.00,"$2,109.00",2109,351,6
,Outpatient Partial Hospitalization,0913,,,Days,0.00,0.00,$0.00,0,0,0
,Inpatient Hospital Ancillary Services - Other Diagnosis Services,0925,,,# of tests,0.00,0.00,$0.00,0,0,0
,Inpatient Hospital Ancillary Services - Other Therapeutic Services,0940-0942,,,# of visits,0.00,0.00,$0.00,0,0,0
,Additional Codes-ECT Anesthesia,,00104,,Minutes,0.00,0.00,$0.00,0,0,0
,Drug Screen for Methadone Clients Only,,80100,,Per Screen,0.00,0.00,$0.00,0,0,0
,Drug Screen for Methadone Clients Only,,80101,,Per Screen,0.00,0.00,$0.00,0,0,0
,Alcohol Breath Test for Methadone Clients Only,,82075,,Per Test,0.00,0.00,$0.00,0,0,0
,Medication Administration,,90772,,Encounter,0.00,0.00,$0.00,0,0,0
,Assessment-Psychiatric Assessment,,90801,,Encounter,106.00,106.00,"$27,405.00",259,259,1
,Substance Abuse: Psychiatric Evaluation,,90801,,Encounter,0.00,0.00,$0.00,0,0,0
,Assessment-Psychiatric Assessment,,90802,,Encounter,0.00,0.00,$0.00,0,0,0
,Substance Abuse: Psychiatric Evaluation,,90802,,Encounter,0.00,0.00,$0.00,0,0,0
,Therapy-Individual Therapy,,90804,,Encounter 20-30 Min,337.00,613.00,"$75,048.00",223,122,2
,Substance Abuse: Outpatient Treatment,"0900, 0914, 0915, 0916, 0919",90804,,Encounter 20-30 Min,0.00,0.00,$0.00,0,0,0
Barry,,,,,,,,,,,
,Therapy-Individual Therapy,,90805,,Encounter 20-30 Min,0.00,0.00,$0.00,0,0,0
,Substance Abuse: Outpatient Treatment,"0900, 0914, 0915, 0916, 0919",90805,,Encounter 20-30 Min,0.00,0.00,$0.00,0,0,0
,Therapy-Individual Therapy,,90806,,Encounter 45-50 Min,834.00,"3,980.00","$974,248.00",1168,245,5
,Substance Abuse: Outpatient Treatment,"0900, 0914, 0915, 0916, 0919",90806,,Encounter 45-50 Min,0.00,0.00,$0.00,0,0,0
,Therapy-Individual Therapy,,90807,,Encounter 45-50 Min,0.00,0.00,$0.00,0,0,0
,Substance Abuse: Outpatient Treatment,"0900, 0914, 0915, 0916, 0919",90807,,Encounter 45-50 Min,0.00,0.00,$0.00,0,0,0
,Therapy-Individual Therapy,,90808,,Encounter 75-80 Min,59.00,65.00,"$23,562.00",399,362,1
,Substance Abuse: Outpatient Treatment,"0900, 0914, 0915, 0916, 0919",90808,,Encounter 75-80 Min,0.00,0.00,$0.00,0,0,0
,Therapy-Individual Therapy,,90809,,Encounter 75-80 Min,0.00,0.00,$0.00,0,0,0
,Substance Abuse: Outpatient Treatment,"0900, 0914, 0915, 0916, 0919",90809,,Encounter 75-80 Min,0.00,0.00,$0.00,0,0,0
,Therapy-Individual Therapy,,90810,,Encounter 20-30 Min,0.00,0.00,$0.00,0,0,0
,Substance Abuse: Outpatient Treatment,"0900, 0914, 0915, 0916, 0919",90810,,Encounter 20-30 Min,0.00,0.00,$0.00,0,0,0
,Therapy-Individual Therapy,,90811,,Encounter 20-30 Min,0.00,0.00,$0.00,0,0,0
,Substance Abuse: Outpatient Treatment,"0900, 0914, 0915, 0916, 0919",90811,,Encounter 20-30 Min,0.00,0.00,$0.00,0,0,0
,Therapy-Individual Therapy,,90812,,Encounter 45-50 Min,0.00,0.00,$0.00,0,0,0
,Substance Abuse: Outpatient Treatment,"0900, 0914, 0915, 0916, 0919",90812,,Encounter 45-50 Min,0.00,0.00,$0.00,0,0,0
,Therapy-Individual Therapy,,90813,,Encounter 45-50 Min,0.00,0.00,$0.00,0,0,0
,Substance Abuse: Outpatient Treatment,"0900, 0914, 0915, 0916, 0919",90813,,Encounter 45-50 Min,0.00,0.00,$0.00,0,0,0
,Therapy-Individual Therapy,,90814,,Encounter 75-80 Min,0.00,0.00,$0.00,0,0,0
,Substance Abuse: Outpatient Treatment,"0900, 0914, 0915, 0916, 0919",90814,,Encounter 75-80 Min,0.00,0.00,$0.00,0,0,0
,Therapy-Individual Therapy,,90815,,Encounter 75-80 Min,0.00,0.00,$0.00,0,0,0
,Substance Abuse: Outpatient Treatment,"0900, 0914, 0915, 0916, 0919",90815,,Encounter 75-80 Min,0.00,0.00,$0.00,0,0,0
,Therapy-Individual Therapy,,90816,,Encounter 20-30 Min,0.00,0.00,$0.00,0,0,0
,Therapy-Individual Therapy,,90817,,Encounter 20-30 Min,0.00,0.00,$0.00,0,0,0
,Therapy-Individual Therapy,,90818,,Encounter 45-50 Min,0.00,0.00,$0.00,0,0,0
,Therapy-Individual Therapy,,90819,,Encounter 45-50 Min,0.00,0.00,$0.00,0,0,0
,Therapy-Individual Therapy,,90821,,Encounter 75-80 Min,0.00,0.00,$0.00,0,0,0
,Therapy-Individual Therapy,,90822,,Encounter 75-80 Min,0.00,0.00,$0.00,0,0,0
,Therapy-Individual Therapy,,90823,,Encounter 20-30 Min,0.00,0.00,$0.00,0,0,0
,Therapy-Individual Therapy,,90824,,Encounter 20-30 Min,0.00,0.00,$0.00,0,0,0
,Therapy-Individual Therapy,,90826,,Encounter 45-50 Min,0.00,0.00,$0.00,0,0,0
,Substance Abuse: Psychotherapy (Individual Therapy),,90826,,Encounter 45-50 Min,0.00,0.00,$0.00,0,0,0
,Therapy-Individual Therapy,,90827,,Encounter 45-50 Min,0.00,0.00,$0.00,0,0,0
,Therapy-Individual Therapy,,90828,,Encounter 75-80 Min,0.00,0.00,$0.00,0,0,0
,Therapy-Individual Therapy,,90829,,Encounter 75-80 Min,0.00,0.00,$0.00,0,0,0
,Therapy-Family Therapy,,90846,,Encounter,0.00,0.00,$0.00,0,0,0
,Therapy-Family Therapy,,90847,,Encounter,93.00,239.00,"$41,027.00",441,172,3
,Substance Abuse: Outpatient Treatment,"0900, 0906, 0914, 0915, 0916, 0919",90847,,Encounter,0.00,0.00,$0.00,0,0,0
,Therapy-Family Therapy,,90849,,Encounter,0.00,0.00,$0.00,0,0,0
,Therapy-Family Therapy,,90849,HS,Encounter,0.00,0.00,$0.00,0,0,0
Barry,,,,,,,,,,,
,Therapy-Group Therapy,,90853,,Encounter,166.00,"1,077.00","$82,828.00",499,77,6
,Substance Abuse: Outpatient Treatment,"0900, 0906, 0914, 0915, 0916, 0919",90853,,Encounter,0.00,0.00,$0.00,0,0,0
,Therapy-Group Therapy,,90857,,Encounter,0.00,0.00,$0.00,0,0,0
,Substance Abuse: Outpatient Treatment,"0900, 0906, 0914, 0915, 0916, 0919",90857,,Encounter,0.00,0.00,$0.00,0,0,0
,Medication Review ,,90862,,Encounter,289.00,"1,286.00","$123,299.00",427,96,4
,Substance Abuse: Medication Review,"0900, 0914, 0915, 0916, 0919",90862,,Encounter,0.00,0.00,$0.00,0,0,0
,Additional Codes-ECT Physician,,90870,,Encounter,0.00,0.00,$0.00,0,0,0
,Additional Codes-ECT Physician,0901,90870,,Encounter,0.00,0.00,$0.00,0,0,0
,Assessments-Other,,90887,,Encounter,0.00,0.00,$0.00,0,0,0
,Speech & Language Therapy ,,92506,,Encounter,0.00,0.00,$0.00,0,0,0
,Speech & Language Therapy ,,92507,,Encounter,0.00,0.00,$0.00,0,0,0
,Speech & Language Therapy ,,92508,,Encounter,0.00,0.00,$0.00,0,0,0
,Speech & Language Therapy ,,92526,,Encounter,0.00,0.00,$0.00,0,0,0
,Speech & Language Therapy ,,92610,,Encounter,0.00,0.00,$0.00,0,0,0
,Evaluation of Auditory Rehabilitation Status (Children's Waiver),,92626,,First Hour,0.00,0.00,$0.00,0,0,0
,Evaluation of Auditory Rehabiliation Status (Children's Waiver),,92627,,Each Additional 15 Minutes,0.00,0.00,$0.00,0,0,0
,Auditory Rehabilitation Preling Hearing Loss (Children's Waiver),,92630,,Encounter,0.00,0.00,$0.00,0,0,0
,Auditory Rehabilitation; Post-Lingual Hearing Loss (Children's Waiver),,92633,,Encounter,0.00,0.00,$0.00,0,0,0
,Psychological Testing PSYCH/PHYS ,,96101,,Per Hour,0.00,0.00,$0.00,0,0,0
,Psychological Testing by Technician ,,96102,,Per Hour,16.00,33.00,"$8,132.00",508,246,2
,Psychological Testing by Comp ,,96103,,Per Hour,0.00,0.00,$0.00,0,0,0
,Assessments-Other,,96105,,Encounter,0.00,0.00,$0.00,0,0,0
,Assessments-Other,,96110,,Encounter,0.00,0.00,$0.00,0,0,0
,Assessments-Other,,96111,,Encounter,0.00,0.00,$0.00,0,0,0
,Neurobehavioral Status Exam (Children's Waiver),,96116,,Per Hour,0.00,0.00,$0.00,0,0,0
,Neuropsych test by Psych/Phys ,,96118,,Per Hour,0.00,0.00,$0.00,0,0,0
,Neuropsych test by Tech ,,96119,,Per Hour,0.00,0.00,$0.00,0,0,0
,Neuropsych test Admin w/Comp ,,96120,,Per Hour,0.00,0.00,$0.00,0,0,0
,Medication Administration,,96372,,Encounter,17.00,82.00,"$2,910.00",171,35,5
,Physical Therapy,,97001,,Encounter,0.00,0.00,$0.00,0,0,0
,Physical Therapy,,97002,,Encounter,0.00,0.00,$0.00,0,0,0
,Occupational Therapy,,97003,,Encounter,0.00,0.00,$0.00,0,0,0
,Occupational Therapy,,97004,,Encounter,0.00,0.00,$0.00,0,0,0
,Occupational or Physical Therapy,,97110,,15 Minutes,0.00,0.00,$0.00,0,0,0
,Occupational or Physical Therapy,,97112,,15 Minutes,0.00,0.00,$0.00,0,0,0
,Occupational or Physical Therapy,,97113,,15 Minutes,0.00,0.00,$0.00,0,0,0
,Occupational or Physical Therapy,,97116,,15 Minutes,0.00,0.00,$0.00,0,0,0
,Occupational or Physical Therapy,,97124,,15 Minutes,0.00,0.00,$0.00,0,0,0
,Occupational or Physical Therapy,,97140,,15 Minutes,0.00,0.00,$0.00,0,0,0
,Occupational or Physical Therapy,,97150,,Encounter,0.00,0.00,$0.00,0,0,0
,Occupational or Physical Therapy,,97530,,15 Minutes,0.00,0.00,$0.00,0,0,0
,Occupational or Physical Therapy,,97532,,15 Minutes,0.00,0.00,$0.00,0,0,0
,Occupational or Physical Therapy,,97533,,15 Minutes,0.00,0.00,$0.00,0,0,0
,Occupational or Physical Therapy,,97535,,15 Minutes,0.00,0.00,$0.00,0,0,0
,Occupational or Physical Therapy,,97537,,15 Minutes,0.00,0.00,$0.00,0,0,0
,Occupational or Physical Therapy,,97542,,15 Minutes,0.00,0.00,$0.00,0,0,0
,Occupational Therapy,,97703,,15 Minutes,0.00,0.00,$0.00,0,0,0
Barry,,,,,,,,,,,
,Occupational Therapy,,97750,,15 Minutes,0.00,0.00,$0.00,0,0,0
,Occupational Therapy,,97755,,15 Minutes,0.00,0.00,$0.00,0,0,0
,Occupational Therapy,,97760,,15 Minutes,0.00,0.00,$0.00,0,0,0
,C/O for Orthotic/Prosth Use ,,97762,,15 minutes,0.00,0.00,$0.00,0,0,0
,Assessment or Health Services,,97802,,15 Minutes,0.00,0.00,$0.00,0,0,0
,Assessment or Health Services,,97803,,15 Minutes,0.00,0.00,$0.00,0,0,0
,Health Services,,97804,,30 Minutes,0.00,0.00,$0.00,0,0,0
,Additional Codes-Physician Services,,99201,,Encounter,0.00,0.00,$0.00,0,0,0
,Additional Codes-Physician Services,,99202,,Encounter,0.00,0.00,$0.00,0,0,0
,Additional Codes-Physician Services,,99203,,Encounter,0.00,0.00,$0.00,0,0,0
,Additional Codes-Physician Services,,99204,,Encounter,0.00,0.00,$0.00,0,0,0
,Additional Codes-Physician Services,,99205,,Encounter,0.00,0.00,$0.00,0,0,0
,Additional Codes-Physician Services  Medication Administration,,99211,,Encounter,0.00,0.00,$0.00,0,0,0
,Additional Codes-Physician Services,,99212,,Encounter,0.00,0.00,$0.00,0,0,0
,Additional Codes-Physician Services,,99213,,Encounter,1.00,1.00,$35.00,35,35,1
,Additional Codes-Physician Services,,99214,,Encounter,0.00,0.00,$0.00,0,0,0
,Additional Codes-Physician Services,,99215,,Encounter,0.00,0.00,$0.00,0,0,0
,Additional Codes-Physician Services,,99221,,30 Minutes,0.00,0.00,$0.00,0,0,0
,Additional Codes-Physician Services,,99222,,50 Minutes,0.00,0.00,$0.00,0,0,0
,Additional Codes-Physician Services,,99223,,70 Minutes,0.00,0.00,$0.00,0,0,0
,Additional Codes-Physician Services,,99231,,15 Minutes,0.00,0.00,$0.00,0,0,0
,Additional Codes-Physician Services,,99232,,25 minutes,0.00,0.00,$0.00,0,0,0
,Additional Codes-Physician Services,,99233,,35 Minutes,0.00,0.00,$0.00,0,0,0
,Additional Codes-Physician Services,,99238,,30 Minutes or less,0.00,0.00,$0.00,0,0,0
,Additional Codes-Physician Services,,99241,,Encounter,63.00,116.00,"$7,221.00",115,62,2
,Additional Codes-Physician Services,,99242,,Encounter,0.00,0.00,$0.00,0,0,0
,Additional Codes-Physician Services,,99243,,Encounter,0.00,0.00,$0.00,0,0,0
,Additional Codes-Physician Services,,99244,,Encounter,0.00,0.00,$0.00,0,0,0
,Additional Codes-Physician Services,,99245,,Encounter,0.00,0.00,$0.00,0,0,0
,Additional Codes-Physician Services,,99251,,Encounter,0.00,0.00,$0.00,0,0,0
,Additional Codes-Physician Services,,99252,,Encounter,0.00,0.00,$0.00,0,0,0
,Additional Codes-Physician Services,,99253,,Encounter,0.00,0.00,$0.00,0,0,0
,Additional Codes-Physician Services,,99254,,Encounter,0.00,0.00,$0.00,0,0,0
,Additional Codes-Physician Services,,99255,,Encounter,0.00,0.00,$0.00,0,0,0
,Additional Codes-Physician Services,,99261,,Encounter,0.00,0.00,$0.00,0,0,0
,Additional Codes-Physician Services,,99262,,Encounter,0.00,0.00,$0.00,0,0,0
,Additional Codes-Physician Services,,99263,,Encounter,0.00,0.00,$0.00,0,0,0
,Additional Codes-Physician Services,,99271,,Encounter,0.00,0.00,$0.00,0,0,0
,Additional Codes-Physician Services,,99272,,Encounter,0.00,0.00,$0.00,0,0,0
,Additional Codes-Physician Services,,99273,,Encounter,0.00,0.00,$0.00,0,0,0
,Additional Codes-Physician Services,,99274,,Encounter,0.00,0.00,$0.00,0,0,0
,Additional Codes-Physician Services,,99275,,Encounter,0.00,0.00,$0.00,0,0,0
,Medication Administration,,99605,,Encounter,0.00,0.00,$0.00,0,0,0
,Transportation,,A0080,,Per mile,0.00,0.00,$0.00,0,0,0
,Transportation,,A0090,,Per mile,0.00,0.00,$0.00,0,0,0
,Transportation,,A0100,,Per one-way trip,0.00,0.00,$0.00,0,0,0
,Transportation,,A0110,,Per one-way trip,0.00,0.00,$0.00,0,0,0
,Transportation,,A0120,,Per one-way trip,0.00,0.00,$0.00,0,0,0
,Transportation,,A0130,,Per one-way trip,0.00,0.00,$0.00,0,0,0
,Transportation,,A0140,,Per one-way trip,0.00,0.00,$0.00,0,0,0
Barry,,,,,,,,,,,
,Transportation,,A0170,,,0.00,0.00,$0.00,0,0,0
,Additional Codes-Transportation,,A0425,,Per Mile,0.00,0.00,$0.00,0,0,0
,Additional Codes-Transportation,,A0427,,Refer to code descriptions.,0.00,0.00,$0.00,0,0,0
,Additional codes - Transportation,,A0428,,,0.00,0.00,$0.00,0,0,0
,Repair or Non-Routine Service for DME (Children's Waiver),,E1340,,15 Minutes,0.00,0.00,$0.00,0,0,0
,Enhanced Medical Equipment-Supplies,,E1399,,Items,0.00,0.00,$0.00,0,0,0
,Activity Therapy (Children's Waiver),,G0176,,Encounter,0.00,0.00,$0.00,0,0,0
,Family Training/Support EBP only,,G0177,,Encounter Session at least 45 min,14.00,93.00,"$6,995.00",500,75,7
,Substance Abuse: Individual Assessment,,H0001,,Encounter,14.00,14.00,"$5,188.00",371,371,1
,Assessment ,,H0002,,Encounter,0.00,0.00,$0.00,0,0,0
,Substance Abuse: Individual Assessment,,H0002,,Encounter,0.00,0.00,$0.00,0,0,0
,Substance Abuse:Laboratory,,H0003,,Encounter,0.00,0.00,$0.00,0,0,0
,Substance Abuse: Outpatient Treatment,"0900, 0906, 0914, 0915, 0916, 0919",H0004,,15 Minutes,0.00,0.00,$0.00,0,0,0
,Substance Abuse: Outpatient Treatment,"0900, 0906, 0914, 0915, 0916, 0919",H0005,,Encounter,2.00,10.00,"$1,071.00",536,107,5
,Substance Abuse: Case Management,,H0006,,Encounter,0.00,0.00,$0.00,0,0,0
,Substance Abuse: Sub-Acute Detoxification,1002,H0010,,Days,0.00,0.00,$0.00,0,0,0
,Substance Abuse: Sub-Acute Detoxification,1002,H0012,,Days,0.00,0.00,$0.00,0,0,0
,Substance Abuse: Sub-Acute Detoxification,1002,H0014,,Days,0.00,0.00,$0.00,0,0,0
,Substance Abuse: Outpatient Care,"0900, 0906, 0914, 0915, 0916, 0919",H0015,,Days,0.00,0.00,$0.00,0,0,0
,Crisis Residential Services,,H0018,,Days,7.00,49.00,"$13,955.00",1994,285,7
,Substance Abuse: Residential,1002,H0018,,Days,0.00,0.00,$0.00,0,0,0
,Substance Abuse: Residential,1002,H0019,,Days,0.00,0.00,$0.00,0,0,0
,Substance Abuse: Methadone,,H0020,,Encounter,0.00,0.00,$0.00,0,0,0
,Substance Abuse: Early Intervention,,H0022,,Encounter,0.00,0.00,$0.00,0,0,0
,Peer Directed and Operated Support Services,,H0023,,Encounter,54.00,"1,589.00","$75,259.00",1394,47,29
,Prevention Services - Direct Model,,H0025,,Face to Face Contact,0.00,0.00,$0.00,0,0,0
,Crisis Intervention,,H0030,,Per Service,0.00,0.00,$0.00,0,0,0
,Assessment ,,H0031,,Encounter,843.00,890.00,"$277,658.00",329,312,1
,Substance Abuse: Assessment,,H0031,,Encounter,0.00,0.00,$0.00,0,0,0
,Treatment Planning,,H0032,,Encounter,339.00,356.00,"$87,969.00",259,247,1
,Monitoring of Treatment - Clinician,,H0032,TS,Encounter,0.00,0.00,$0.00,0,0,0
,Substance Abuse: Pharmalogical Support - Suboxane,,H0033,,Direct Observation Encounter,0.00,0.00,$0.00,0,0,0
,Health Services,,H0034,,15 Minutes,0.00,0.00,$0.00,0,0,0
,Home Based Services,,H0036,,15 Minutes,1.00,28.00,"$1,464.00",1464,52,28
,Home Based Services,,H0036,ST,15 Minutes,0.00,0.00,$0.00,0,0,0
,Community Psychiatric Supportive Treatment ,,H0037,,Per diem,0.00,0.00,$0.00,0,0,0
,Peer Directed and Operated Support Services,,H0038,,15 minutes,16.00,662.00,"$6,731.00",421,10,41
,Peer Directed and Operated Support Services,,NA,,,0.00,0.00,"$52,171.00",0,0,0
,Assertive Community Treatment (ACT),,H0039,,15 Minutes,1.00,39.00,"$1,560.00",1560,40,39
,Community Living Supports in Independent living/own home,,H0043,,Per diem,0.00,0.00,$0.00,0,0,0
,Community Living Supports in Independent living/own home,,H0043,TT,Per diem,0.00,0.00,$0.00,0,0,0
,Respite,,H0045,,Days,0.00,0.00,$0.00,0,0,0
,Respite (Children's Waiver),,H0045,TD,Per Diem,0.00,0.00,$0.00,0,0,0
,Respite (Children's Waiver),,H0045,TE,Per Diem,0.00,0.00,$0.00,0,0,0
,Substance Abuse:Laboratory (cells now unlocked),,H0048,,Encounter,3.00,8.00,$268.00,89,34,3
,Substance Abuse: Individual Assessment,,H0049,,Encounter,0.00,0.00,$0.00,0,0,0
,Behavior Treatment Plan Review,,H2000,,Encounter,0.00,0.00,$0.00,0,0,0
,Behavior Treatment Plan Review - Monitoring Activities,,H2000,TS,Encounter,9.00,69.00,"$2,411.00",268,35,8
Barry,,,,,,,,,,,
,Comprehensive Medication Services - EBP only,,H2010,,15 minutes,0.00,0.00,$0.00,0,0,0
,Crisis Intervention,,H2011,,15 Minutes,148.00,737.00,"$56,886.00",384,77,5
,Skill-Building and Out of Home Non Vocational Habilitation,,H2014,,15 minutes,0.00,0.00,$0.00,0,0,0
,Skill-Building and Out of Home Non Vocational Habilitation,,H2014,TT,15 Minutes,0.00,0.00,$0.00,0,0,0
,Community Living Supports (15 Minutes),,H2015,,15 Minutes,20.00,"2,341.00","$42,741.00",2137,18,117
,Community Living Supports (15 Minutes),,H2015,TT,15 Minutes,10.00,"4,592.00","$43,236.00",4324,9,459
,Community Living Supports (Daily),,H2016,,Per Diem,0.00,0.00,$0.00,0,0,0
,Community Living Supports (Daily),,H2016,TF,Per Diem,0.00,0.00,$0.00,0,0,0
,Community Living Supports (Daily),,H2016,TG,Per Diem,8.00,"2,882.00","$443,979.00",55497,154,360
,Behavior Services,,H2019,,15 Minutes,0.00,0.00,$0.00,0,0,0
,Behavior Services,,H2019,TT,15 Minutes,0.00,0.00,$0.00,0,0,0
,Crisis Intervention,,H2020,,Days,0.00,0.00,$0.00,0,0,0
,Wraparound,,H2021,,15 Minutes,0.00,0.00,$0.00,0,0,0
,Wraparound,,H2022,,Days,0.00,0.00,$0.00,0,0,0
,Supported Employment Services,,H2023,,15 minutes,1.00,37.00,$689.00,689,19,37
,Supported Employment Services,,H2023,TT,15 Minutes,0.00,0.00,$0.00,0,0,0
,Mental Health Therapy,,H2027,,15 Minutes,0.00,0.00,$0.00,0,0,0
,Clubhouse Psychosocial Rehabilitation Programs ,,H2030,,15 Minutes,0.00,0.00,$0.00,0,0,0
,Home Based Services,,H2033,,15 Minutes,0.00,0.00,$0.00,0,0,0
,Substance Abuse: Outpatient Care,"0900, 0906, 0914, 0915, 0916, 0919",H2035,,Hour,0.00,0.00,$0.00,0,0,0
,Substance Abuse: Outpatient Care,"0900, 0906, 0914, 0915, 0916, 0919",H2036,,Per Diem,0.00,0.00,$0.00,0,0,0
,Medication Review ,,M0064,,"Encounter Face-to-Face, generally less than 10 minutes",0.00,0.00,$0.00,0,0,0
,Transportation,,S0209,,Per Mile,0.00,0.00,$0.00,0,0,0
,Transportation,,S0215,,Per Mile,0.00,0.00,$0.00,0,0,0
,Family Training - EBP,,S5110,,15 Minutes,4.00,104.00,"$1,295.00",324,12,26
,Family Training,,S5111,,Encounter,0.00,0.00,$0.00,0,0,0
,Family Training,,S5111,HA,Encounter,0.00,0.00,$0.00,0,0,0
,"Home Care Training, Non-Family (Children's Waiver)",,S5116,,Encounter,0.00,0.00,$0.00,0,0,0
,Chore Services,,S5120,,15 Minutes,0.00,0.00,$0.00,0,0,0
,Foster Care,,S5140,,Days,0.00,0.00,$0.00,0,0,0
,Foster Care,,S5145,,Days,0.00,0.00,$0.00,0,0,0
,Respite,,S5150,,15 Minutes,0.00,0.00,$0.00,0,0,0
,Respite,,S5151,,Per Diem,0.00,0.00,$0.00,0,0,0
,Personal Emergency Response System (PERS),,S5160,,Encounter,0.00,0.00,$0.00,0,0,0
,Personal Emergency Response System (PERS),,S5161,,Month,0.00,0.00,$0.00,0,0,0
,Environmental Modification ,,S5165,,Service,0.00,0.00,$0.00,0,0,0
,Enhanced Medical Equipment-Supplies,,S5199,,Items,0.00,0.00,$0.00,0,0,0
,Occupational or Physical Therapy,,S8990,,Encounter,0.00,0.00,$0.00,0,0,0
,Private Duty Nursing,0582,S9123,,Hour,0.00,0.00,$0.00,0,0,0
,Private Duty Nursing,,S9123,,Hour,0.00,0.00,$0.00,0,0,0
,Private Duty Nursing,,S9123,TT,Hour,0.00,0.00,$0.00,0,0,0
,Private Duty Nursing,0582,S9124,,Hour,0.00,0.00,$0.00,0,0,0
,Private Duty Nursing,,S9124,,Hour,0.00,0.00,$0.00,0,0,0
,Private Duty Nursing,,S9124,TT,Hour,0.00,0.00,$0.00,0,0,0
,Respite Care in the Home (RN) (Children's Waiver),,S9125,TD,Per Diem,0.00,0.00,$0.00,0,0,0
,Respite Care in the Home (LPN) (Children's Waiver),,S9125,TE,Per Diem,0.00,0.00,$0.00,0,0,0
,Health Services,,S9445,,Encounter,118.00,234.00,"$16,445.00",139,70,2
,Health Services,,S9446,,Encounter,6.00,92.00,"$7,970.00",1328,87,15
Barry,,,,,,,,,,,
,Health Services,,S9470,,Encounter,0.00,0.00,$0.00,0,0,0
,Intensive Crisis Stabilization-Enrolled Program,,S9484,,Hour,29.00,53.00,"$9,804.00",338,185,2
,Reidential Room and Board,,S9976,,Days,0.00,0.00,$0.00,0,0,0
,Private Duty Nursing,,T1000,,Up to 15 min,0.00,0.00,$0.00,0,0,0
,Private Duty Nursing,,T1000,TD,Up to 15 min,0.00,0.00,$0.00,0,0,0
,Private Duty Nursing,,T1000,TE,Up to 15 min,0.00,0.00,$0.00,0,0,0
,Assessment,,T1001,,Encounter,1.00,1.00,$332.00,332,332,1
,Health Services,,T1002,,Up to 15 min,79.00,159.00,"$4,358.00",55,27,2
,Respite Care,,T1005,,15 Minutes,0.00,0.00,$0.00,0,0,0
,Respite Care,,T1005,TD,15 Minutes,1.00,"1,564.00","$17,275.00",17275,11,1564
,Respite Care,,T1005,TE,15 Minutes,1.00,152.00,"$1,330.00",1330,9,152
,Substance Abuse: Recovery Support Services,"0900, 0906, 0914, 0915, 0916, 0919",T1012,,Encounter,0.00,0.00,$0.00,0,0,0
,Family Psycho-Education - EBP,,T1015,,Encounter,15.00,30.00,"$7,392.00",493,246,2
,Supports Coordination/Wrap Facilitation,,T1016,,15 minutes,40.00,554.00,"$91,966.00",2299,166,14
,Targeted Case Management ,,T1017,,15 minutes,58.00,"1,164.00","$143,228.00",2469,123,20
,Nursing Home Mental Health Monitoring,,T1017,SE,15 minutes,4.00,39.00,"$4,350.00",1087,112,10
,Personal Care in Licensed Specialized Residential Setting,,T1020,,Days,8.00,"2,882.00","$35,943.00",4493,12,360
,Personal Care in Licensed Specialized Residential Setting,,T1020,TF,Days,0.00,0.00,$0.00,0,0,0
,Personal Care in Licensed Specialized Residential Setting,,T1020,TG,Days,0.00,0.00,$0.00,0,0,0
,Assessments,,T1023,,Encounter,79.00,91.00,"$89,447.00",1132,983,1
,Enhanced Medical Supplies or Pharmacy,,T1999,,Items,0.00,0.00,$0.00,0,0,0
,Transportation,,T2001,,Encounter,0.00,0.00,$0.00,0,0,0
,Transportation,,T2002,,Per Diem,9.00,237.00,"$5,397.00",600,23,26
,Transportation,,T2003,,Encounter / Trip,0.00,0.00,$0.00,0,0,0
,Transportation,,T2004,,Encounter,0.00,0.00,$0.00,0,0,0
,Transportation,,T2005,,Encounter,0.00,0.00,$0.00,0,0,0
,Out of Home Prevocational Service,,T2015,,Hour,0.00,0.00,$0.00,0,0,0
,Targeted Case Management (Children's Waiver),,T2023,,Month,0.00,0.00,$0.00,0,0,0
,Fiscal Intermediary Services,,T2025,,Month,0.00,0.00,$0.00,0,0,0
,Enhanced Medical Equipment-Supplies,,T2028,,Items,0.00,0.00,$0.00,0,0,0
,Enhanced Medical Equipment-Supplies,,T2029,,Items,0.00,0.00,$0.00,0,0,0
,Crisis Intervention,,T2034,,Days,0.00,0.00,$0.00,0,0,0
,Respite Care,,T2036,,Encounter / Trip. Per session. One night = one session,0.00,0.00,$0.00,0,0,0
,Respite Care,,T2037,,Encounter / Trip  Per session. One day/partial day = one session,0.00,0.00,$0.00,0,0,0
,Housing Assistance,,T2038,,Month   Service,0.00,0.00,$0.00,0,0,0
,Enhanced Medical Equipment-Supplies,,T2039,,Items,0.00,0.00,$0.00,0,0,0
,Pharmacy (Drugs and Other Biologicals),,,,,0.00,0.00,$0.00,0,0,0
,Other,,,,,0.00,0.00,$0.00,0,0,0
,Aggregate for 'J' Codes,,ALL,,,1.00,0.00,"$20,156.00",20156,0,0
Bay-Arenac,,,,,,,,,,,
,State Psychiatric Hospital - Inpatient PT22,"0100, 0101, 0114, 0124, 0134, 0154",,PT22,Days,7.00,"1,156.00","$563,391.00",80484,487,165
,State Mental Retardation Facility - Inpatient (ICF/MR) PT65,"0100, 0101, 0114, 0124, 0134, 0154",,PT65,Days,0.00,0.00,$0.00,0,0,0
,Local Psychiatric Hospital/IMD PT68,"0100, 0101, 0114, 0124, 0134, 0154",,PT68,Days,6.00,48.00,"$18,278.00",3046,381,8
,Local Psychiatric Hospital - Acute Community PT73,"0100, 0101, 0114, 0124, 0134, 0154",,PT73,Days,328.00,"2,396.00","$1,201,563.00",3663,501,7
,Inpatient Hospital Ancillary Services - Leave of Absence,0183,,,Days,0.00,0.00,$0.00,0,0,0
,Inpatient Hospital Ancillary Services - Pharmacy,"0250-0254, 0257-0258 ",,,,0.00,0.00,$0.00,0,0,0
,Inpatient Hospital Ancillary Services - Medical/Surgical Supplies and Devices,0270-0272,,,# of items,0.00,0.00,$0.00,0,0,0
,Inpatient Hospital Ancillary Services - Laboratory,"0300-0302, 0305-0307",,,# of tests,0.00,0.00,$0.00,0,0,0
,Inpatient Hospital Ancillary Services - Radiology,0320,,,# of tests,0.00,0.00,$0.00,0,0,0
,ECT Anesthesia,0370,,,,0.00,0.00,$0.00,0,0,0
,Inpatient Hospital Ancillary Services - Respiratory Services,0410,,,# of treatments,0.00,0.00,$0.00,0,0,0
,Inpatient Hospital Ancillary Services -Physical Therapy,0420-0424,,,# of treatments,0.00,0.00,$0.00,0,0,0
,Inpatient Hospital Ancillary Services - Occupational Therapy,0430-0434,,,# of treatments,0.00,0.00,$0.00,0,0,0
,Inpatient Hospital Ancillary Services - Speech-Language Pathology,0440-0444,,,# of treatments,0.00,0.00,$0.00,0,0,0
,Inpatient Hospital Ancillary Services - Emergency Room,0450,,,# of visits,0.00,0.00,$0.00,0,0,0
,Inpatient Hospital Ancillary Services - Pulmonary Function,0460,,,# of tests,0.00,0.00,$0.00,0,0,0
,Inpatient Hospital Ancillary Services - Audiology,0470-0472,,,# of tests,0.00,0.00,$0.00,0,0,0
,Inpatient Hospital Ancillary Services - Magnetic Resonance Technology (MRT),0610-0611,,,# of tests,0.00,0.00,$0.00,0,0,0
,Inpatient Hospital Ancillary Services - Pharmacy,0636,,,# of units,0.00,0.00,$0.00,0,0,0
,ECT Recovery Room,0701,,,,0.00,0.00,$0.00,0,0,0
,Inpatient Hospital Ancillary Services -EKG/ECG,0730-0731,,,# of tests,0.00,0.00,$0.00,0,0,0
,Inpatient Hospital Ancillary Services - EEG,0740,,,# of tests,0.00,0.00,$0.00,0,0,0
,Crisis Observation Care,0762,,,Hour,0.00,0.00,$0.00,0,0,0
,Additional Codes-ECT Facility Charge,0901,,,Encounter,0.00,0.00,$0.00,0,0,0
,Inpatient Hospital Ancillary Services - Psychiatric/Psychological Treatments/Services,"0900, 0902-0904, 0911, 0914-0919",,,# of visits,0.00,0.00,$0.00,0,0,0
,Outpatient Partial Hospitalization,0912,,,Days,0.00,0.00,$0.00,0,0,0
,Outpatient Partial Hospitalization,0913,,,Days,0.00,0.00,$0.00,0,0,0
,Inpatient Hospital Ancillary Services - Other Diagnosis Services,0925,,,# of tests,0.00,0.00,$0.00,0,0,0
,Inpatient Hospital Ancillary Services - Other Therapeutic Services,0940-0942,,,# of visits,0.00,0.00,$0.00,0,0,0
,Additional Codes-ECT Anesthesia,,00104,,Minutes,0.00,0.00,$0.00,0,0,0
,Drug Screen for Methadone Clients Only,,80100,,Per Screen,0.00,0.00,$0.00,0,0,0
,Drug Screen for Methadone Clients Only,,80101,,Per Screen,0.00,0.00,$0.00,0,0,0
,Alcohol Breath Test for Methadone Clients Only,,82075,,Per Test,0.00,0.00,$0.00,0,0,0
,Medication Administration,,90772,,Encounter,91.00,312.00,"$8,150.00",90,26,3
,Assessment-Psychiatric Assessment,,90801,,Encounter,"1,094.00","1,167.00","$206,024.00",188,177,1
,Substance Abuse: Psychiatric Evaluation,,90801,,Encounter,0.00,0.00,$0.00,0,0,0
,Assessment-Psychiatric Assessment,,90802,,Encounter,0.00,0.00,$0.00,0,0,0
,Substance Abuse: Psychiatric Evaluation,,90802,,Encounter,0.00,0.00,$0.00,0,0,0
,Therapy-Individual Therapy,,90804,,Encounter 20-30 Min,484.00,864.00,"$40,166.00",83,46,2
,Substance Abuse: Outpatient Treatment,"0900, 0914, 0915, 0916, 0919",90804,,Encounter 20-30 Min,0.00,0.00,$0.00,0,0,0
Bay-Arenac,,,,,,,,,,,
,Therapy-Individual Therapy,,90805,,Encounter 20-30 Min,0.00,0.00,$0.00,0,0,0
,Substance Abuse: Outpatient Treatment,"0900, 0914, 0915, 0916, 0919",90805,,Encounter 20-30 Min,0.00,0.00,$0.00,0,0,0
,Therapy-Individual Therapy,,90806,,Encounter 45-50 Min,"1,817.00","17,822.00","$1,324,752.00",729,74,10
,Substance Abuse: Outpatient Treatment,"0900, 0914, 0915, 0916, 0919",90806,,Encounter 45-50 Min,0.00,0.00,$0.00,0,0,0
,Therapy-Individual Therapy,,90807,,Encounter 45-50 Min,0.00,0.00,$0.00,0,0,0
,Substance Abuse: Outpatient Treatment,"0900, 0914, 0915, 0916, 0919",90807,,Encounter 45-50 Min,0.00,0.00,$0.00,0,0,0
,Therapy-Individual Therapy,,90808,,Encounter 75-80 Min,144.00,285.00,"$28,591.00",199,100,2
,Substance Abuse: Outpatient Treatment,"0900, 0914, 0915, 0916, 0919",90808,,Encounter 75-80 Min,0.00,0.00,$0.00,0,0,0
,Therapy-Individual Therapy,,90809,,Encounter 75-80 Min,0.00,0.00,$0.00,0,0,0
,Substance Abuse: Outpatient Treatment,"0900, 0914, 0915, 0916, 0919",90809,,Encounter 75-80 Min,0.00,0.00,$0.00,0,0,0
,Therapy-Individual Therapy,,90810,,Encounter 20-30 Min,0.00,0.00,$0.00,0,0,0
,Substance Abuse: Outpatient Treatment,"0900, 0914, 0915, 0916, 0919",90810,,Encounter 20-30 Min,0.00,0.00,$0.00,0,0,0
,Therapy-Individual Therapy,,90811,,Encounter 20-30 Min,0.00,0.00,$0.00,0,0,0
,Substance Abuse: Outpatient Treatment,"0900, 0914, 0915, 0916, 0919",90811,,Encounter 20-30 Min,0.00,0.00,$0.00,0,0,0
,Therapy-Individual Therapy,,90812,,Encounter 45-50 Min,0.00,0.00,$0.00,0,0,0
,Substance Abuse: Outpatient Treatment,"0900, 0914, 0915, 0916, 0919",90812,,Encounter 45-50 Min,0.00,0.00,$0.00,0,0,0
,Therapy-Individual Therapy,,90813,,Encounter 45-50 Min,0.00,0.00,$0.00,0,0,0
,Substance Abuse: Outpatient Treatment,"0900, 0914, 0915, 0916, 0919",90813,,Encounter 45-50 Min,0.00,0.00,$0.00,0,0,0
,Therapy-Individual Therapy,,90814,,Encounter 75-80 Min,0.00,0.00,$0.00,0,0,0
,Substance Abuse: Outpatient Treatment,"0900, 0914, 0915, 0916, 0919",90814,,Encounter 75-80 Min,0.00,0.00,$0.00,0,0,0
,Therapy-Individual Therapy,,90815,,Encounter 75-80 Min,0.00,0.00,$0.00,0,0,0
,Substance Abuse: Outpatient Treatment,"0900, 0914, 0915, 0916, 0919",90815,,Encounter 75-80 Min,0.00,0.00,$0.00,0,0,0
,Therapy-Individual Therapy,,90816,,Encounter 20-30 Min,7.00,33.00,$421.00,60,13,5
,Therapy-Individual Therapy,,90817,,Encounter 20-30 Min,0.00,0.00,$0.00,0,0,0
,Therapy-Individual Therapy,,90818,,Encounter 45-50 Min,14.00,219.00,"$4,637.00",331,21,16
,Therapy-Individual Therapy,,90819,,Encounter 45-50 Min,0.00,0.00,$0.00,0,0,0
,Therapy-Individual Therapy,,90821,,Encounter 75-80 Min,0.00,0.00,$0.00,0,0,0
,Therapy-Individual Therapy,,90822,,Encounter 75-80 Min,0.00,0.00,$0.00,0,0,0
,Therapy-Individual Therapy,,90823,,Encounter 20-30 Min,0.00,0.00,$0.00,0,0,0
,Therapy-Individual Therapy,,90824,,Encounter 20-30 Min,0.00,0.00,$0.00,0,0,0
,Therapy-Individual Therapy,,90826,,Encounter 45-50 Min,0.00,0.00,$0.00,0,0,0
,Substance Abuse: Psychotherapy (Individual Therapy),,90826,,Encounter 45-50 Min,0.00,0.00,$0.00,0,0,0
,Therapy-Individual Therapy,,90827,,Encounter 45-50 Min,0.00,0.00,$0.00,0,0,0
,Therapy-Individual Therapy,,90828,,Encounter 75-80 Min,0.00,0.00,$0.00,0,0,0
,Therapy-Individual Therapy,,90829,,Encounter 75-80 Min,0.00,0.00,$0.00,0,0,0
,Therapy-Family Therapy,,90846,,Encounter,0.00,0.00,$0.00,0,0,0
,Therapy-Family Therapy,,90847,,Encounter,15.00,28.00,"$1,351.00",90,48,2
,Substance Abuse: Outpatient Treatment,"0900, 0906, 0914, 0915, 0916, 0919",90847,,Encounter,0.00,0.00,$0.00,0,0,0
,Therapy-Family Therapy,,90849,,Encounter,0.00,0.00,$0.00,0,0,0
,Therapy-Family Therapy,,90849,HS,Encounter,0.00,0.00,$0.00,0,0,0
Bay-Arenac,,,,,,,,,,,
,Therapy-Group Therapy,,90853,,Encounter,173.00,"2,148.00","$99,834.00",577,46,12
,Substance Abuse: Outpatient Treatment,"0900, 0906, 0914, 0915, 0916, 0919",90853,,Encounter,0.00,0.00,$0.00,0,0,0
,Therapy-Group Therapy,,90857,,Encounter,9.00,36.00,"$1,129.00",125,31,4
,Substance Abuse: Outpatient Treatment,"0900, 0906, 0914, 0915, 0916, 0919",90857,,Encounter,0.00,0.00,$0.00,0,0,0
,Medication Review ,,90862,,Encounter,"2,438.00","12,887.00","$683,530.00",280,53,5
,Substance Abuse: Medication Review,"0900, 0914, 0915, 0916, 0919",90862,,Encounter,0.00,0.00,$0.00,0,0,0
,Additional Codes-ECT Physician,,90870,,Encounter,0.00,0.00,$0.00,0,0,0
,Additional Codes-ECT Physician,0901,90870,,Encounter,0.00,0.00,$0.00,0,0,0
,Assessments-Other,,90887,,Encounter,0.00,0.00,$0.00,0,0,0
,Speech & Language Therapy ,,92506,,Encounter,0.00,0.00,$0.00,0,0,0
,Speech & Language Therapy ,,92507,,Encounter,0.00,0.00,$0.00,0,0,0
,Speech & Language Therapy ,,92508,,Encounter,0.00,0.00,$0.00,0,0,0
,Speech & Language Therapy ,,92526,,Encounter,0.00,0.00,$0.00,0,0,0
,Speech & Language Therapy ,,92610,,Encounter,0.00,0.00,$0.00,0,0,0
,Evaluation of Auditory Rehabilitation Status (Children's Waiver),,92626,,First Hour,0.00,0.00,$0.00,0,0,0
,Evaluation of Auditory Rehabiliation Status (Children's Waiver),,92627,,Each Additional 15 Minutes,0.00,0.00,$0.00,0,0,0
,Auditory Rehabilitation Preling Hearing Loss (Children's Waiver),,92630,,Encounter,0.00,0.00,$0.00,0,0,0
,Auditory Rehabilitation; Post-Lingual Hearing Loss (Children's Waiver),,92633,,Encounter,0.00,0.00,$0.00,0,0,0
,Psychological Testing PSYCH/PHYS ,,96101,,Per Hour,15.00,71.00,"$15,037.00",1002,212,5
,Psychological Testing by Technician ,,96102,,Per Hour,0.00,0.00,$0.00,0,0,0
,Psychological Testing by Comp ,,96103,,Per Hour,0.00,0.00,$0.00,0,0,0
,Assessments-Other,,96105,,Encounter,0.00,0.00,$0.00,0,0,0
,Assessments-Other,,96110,,Encounter,0.00,0.00,$0.00,0,0,0
,Assessments-Other,,96111,,Encounter,0.00,0.00,$0.00,0,0,0
,Neurobehavioral Status Exam (Children's Waiver),,96116,,Per Hour,0.00,0.00,$0.00,0,0,0
,Neuropsych test by Psych/Phys ,,96118,,Per Hour,0.00,0.00,$0.00,0,0,0
,Neuropsych test by Tech ,,96119,,Per Hour,0.00,0.00,$0.00,0,0,0
,Neuropsych test Admin w/Comp ,,96120,,Per Hour,0.00,0.00,$0.00,0,0,0
,Medication Administration,,96372,,Encounter,122.00,935.00,"$26,207.00",215,28,8
,Physical Therapy,,97001,,Encounter,4.00,4.00,$371.00,93,93,1
,Physical Therapy,,97002,,Encounter,0.00,0.00,$0.00,0,0,0
,Occupational Therapy,,97003,,Encounter,2.00,2.00,$16.00,8,8,1
,Occupational Therapy,,97004,,Encounter,0.00,0.00,$0.00,0,0,0
,Occupational or Physical Therapy,,97110,,15 Minutes,1.00,4.00,$88.00,88,22,4
,Occupational or Physical Therapy,,97112,,15 Minutes,0.00,0.00,$0.00,0,0,0
,Occupational or Physical Therapy,,97113,,15 Minutes,0.00,0.00,$0.00,0,0,0
,Occupational or Physical Therapy,,97116,,15 Minutes,0.00,0.00,$0.00,0,0,0
,Occupational or Physical Therapy,,97124,,15 Minutes,0.00,0.00,$0.00,0,0,0
,Occupational or Physical Therapy,,97140,,15 Minutes,0.00,0.00,$0.00,0,0,0
,Occupational or Physical Therapy,,97150,,Encounter,0.00,0.00,$0.00,0,0,0
,Occupational or Physical Therapy,,97530,,15 Minutes,0.00,0.00,$0.00,0,0,0
,Occupational or Physical Therapy,,97532,,15 Minutes,0.00,0.00,$0.00,0,0,0
,Occupational or Physical Therapy,,97533,,15 Minutes,0.00,0.00,$0.00,0,0,0
,Occupational or Physical Therapy,,97535,,15 Minutes,0.00,0.00,$0.00,0,0,0
,Occupational or Physical Therapy,,97537,,15 Minutes,0.00,0.00,$0.00,0,0,0
,Occupational or Physical Therapy,,97542,,15 Minutes,0.00,0.00,$0.00,0,0,0
,Occupational Therapy,,97703,,15 Minutes,0.00,0.00,$0.00,0,0,0
Bay-Arenac,,,,,,,,,,,
,Occupational Therapy,,97750,,15 Minutes,0.00,0.00,$0.00,0,0,0
,Occupational Therapy,,97755,,15 Minutes,0.00,0.00,$0.00,0,0,0
,Occupational Therapy,,97760,,15 Minutes,0.00,0.00,$0.00,0,0,0
,C/O for Orthotic/Prosth Use ,,97762,,15 minutes,0.00,0.00,$0.00,0,0,0
,Assessment or Health Services,,97802,,15 Minutes,0.00,0.00,$0.00,0,0,0
,Assessment or Health Services,,97803,,15 Minutes,30.00,678.00,"$10,897.00",363,16,23
,Health Services,,97804,,30 Minutes,0.00,0.00,$0.00,0,0,0
,Additional Codes-Physician Services,,99201,,Encounter,0.00,0.00,$0.00,0,0,0
,Additional Codes-Physician Services,,99202,,Encounter,0.00,0.00,$0.00,0,0,0
,Additional Codes-Physician Services,,99203,,Encounter,0.00,0.00,$0.00,0,0,0
,Additional Codes-Physician Services,,99204,,Encounter,0.00,0.00,$0.00,0,0,0
,Additional Codes-Physician Services,,99205,,Encounter,0.00,0.00,$0.00,0,0,0
,Additional Codes-Physician Services  Medication Administration,,99211,,Encounter,59.00,77.00,$588.00,10,8,1
,Additional Codes-Physician Services,,99212,,Encounter,0.00,0.00,$0.00,0,0,0
,Additional Codes-Physician Services,,99213,,Encounter,0.00,0.00,$0.00,0,0,0
,Additional Codes-Physician Services,,99214,,Encounter,0.00,0.00,$0.00,0,0,0
,Additional Codes-Physician Services,,99215,,Encounter,0.00,0.00,$0.00,0,0,0
,Additional Codes-Physician Services,,99221,,30 Minutes,11.00,11.00,$734.00,67,67,1
,Additional Codes-Physician Services,,99222,,50 Minutes,230.00,279.00,"$31,206.00",136,112,1
,Additional Codes-Physician Services,,99223,,70 Minutes,15.00,15.00,"$1,823.00",122,122,1
,Additional Codes-Physician Services,,99231,,15 Minutes,257.00,"1,264.00","$41,658.00",162,33,5
,Additional Codes-Physician Services,,99232,,25 minutes,85.00,236.00,"$7,826.00",92,33,3
,Additional Codes-Physician Services,,99233,,35 Minutes,19.00,32.00,"$1,935.00",102,60,2
,Additional Codes-Physician Services,,99238,,30 Minutes or less,200.00,249.00,"$13,886.00",69,56,1
,Additional Codes-Physician Services,,99241,,Encounter,0.00,0.00,$0.00,0,0,0
,Additional Codes-Physician Services,,99242,,Encounter,0.00,0.00,$0.00,0,0,0
,Additional Codes-Physician Services,,99243,,Encounter,0.00,0.00,$0.00,0,0,0
,Additional Codes-Physician Services,,99244,,Encounter,0.00,0.00,$0.00,0,0,0
,Additional Codes-Physician Services,,99245,,Encounter,0.00,0.00,$0.00,0,0,0
,Additional Codes-Physician Services,,99251,,Encounter,18.00,18.00,$735.00,41,41,1
,Additional Codes-Physician Services,,99252,,Encounter,34.00,37.00,"$2,330.00",69,63,1
,Additional Codes-Physician Services,,99253,,Encounter,40.00,40.00,"$5,026.00",126,126,1
,Additional Codes-Physician Services,,99254,,Encounter,0.00,0.00,$0.00,0,0,0
,Additional Codes-Physician Services,,99255,,Encounter,0.00,0.00,$0.00,0,0,0
,Additional Codes-Physician Services,,99261,,Encounter,0.00,0.00,$0.00,0,0,0
,Additional Codes-Physician Services,,99262,,Encounter,0.00,0.00,$0.00,0,0,0
,Additional Codes-Physician Services,,99263,,Encounter,0.00,0.00,$0.00,0,0,0
,Additional Codes-Physician Services,,99271,,Encounter,0.00,0.00,$0.00,0,0,0
,Additional Codes-Physician Services,,99272,,Encounter,0.00,0.00,$0.00,0,0,0
,Additional Codes-Physician Services,,99273,,Encounter,0.00,0.00,$0.00,0,0,0
,Additional Codes-Physician Services,,99274,,Encounter,0.00,0.00,$0.00,0,0,0
,Additional Codes-Physician Services,,99275,,Encounter,0.00,0.00,$0.00,0,0,0
,Medication Administration,,99605,,Encounter,0.00,0.00,$0.00,0,0,0
,Transportation,,A0080,,Per mile,6.00,"3,532.00","$2,151.00",359,1,589
,Transportation,,A0090,,Per mile,0.00,0.00,$0.00,0,0,0
,Transportation,,A0100,,Per one-way trip,0.00,0.00,$0.00,0,0,0
,Transportation,,A0110,,Per one-way trip,0.00,0.00,$0.00,0,0,0
,Transportation,,A0120,,Per one-way trip,0.00,0.00,$0.00,0,0,0
,Transportation,,A0130,,Per one-way trip,0.00,0.00,$0.00,0,0,0
,Transportation,,A0140,,Per one-way trip,0.00,0.00,$0.00,0,0,0
Bay-Arenac,,,,,,,,,,,
,Transportation,,A0170,,,0.00,0.00,$0.00,0,0,0
,Additional Codes-Transportation,,A0425,,Per Mile,1.00,20.00,$92.00,92,5,20
,Additional Codes-Transportation,,A0427,,Refer to code descriptions.,0.00,0.00,$0.00,0,0,0
,Additional codes - Transportation,,A0428,,,1.00,1.00,$125.00,125,125,1
,Repair or Non-Routine Service for DME (Children's Waiver),,E1340,,15 Minutes,0.00,0.00,$0.00,0,0,0
,Enhanced Medical Equipment-Supplies,,E1399,,Items,0.00,0.00,$0.00,0,0,0
,Activity Therapy (Children's Waiver),,G0176,,Encounter,0.00,0.00,$0.00,0,0,0
,Family Training/Support EBP only,,G0177,,Encounter Session at least 45 min,0.00,0.00,$0.00,0,0,0
,Substance Abuse: Individual Assessment,,H0001,,Encounter,0.00,0.00,$0.00,0,0,0
,Assessment ,,H0002,,Encounter,0.00,0.00,$0.00,0,0,0
,Substance Abuse: Individual Assessment,,H0002,,Encounter,0.00,0.00,$0.00,0,0,0
,Substance Abuse:Laboratory,,H0003,,Encounter,0.00,0.00,$0.00,0,0,0
,Substance Abuse: Outpatient Treatment,"0900, 0906, 0914, 0915, 0916, 0919",H0004,,15 Minutes,0.00,0.00,$0.00,0,0,0
,Substance Abuse: Outpatient Treatment,"0900, 0906, 0914, 0915, 0916, 0919",H0005,,Encounter,0.00,0.00,$0.00,0,0,0
,Substance Abuse: Case Management,,H0006,,Encounter,0.00,0.00,$0.00,0,0,0
,Substance Abuse: Sub-Acute Detoxification,1002,H0010,,Days,0.00,0.00,$0.00,0,0,0
,Substance Abuse: Sub-Acute Detoxification,1002,H0012,,Days,0.00,0.00,$0.00,0,0,0
,Substance Abuse: Sub-Acute Detoxification,1002,H0014,,Days,0.00,0.00,$0.00,0,0,0
,Substance Abuse: Outpatient Care,"0900, 0906, 0914, 0915, 0916, 0919",H0015,,Days,0.00,0.00,$0.00,0,0,0
,Crisis Residential Services,,H0018,,Days,39.00,179.00,"$64,275.00",1648,359,5
,Substance Abuse: Residential,1002,H0018,,Days,0.00,0.00,$0.00,0,0,0
,Substance Abuse: Residential,1002,H0019,,Days,0.00,0.00,$0.00,0,0,0
,Substance Abuse: Methadone,,H0020,,Encounter,0.00,0.00,$0.00,0,0,0
,Substance Abuse: Early Intervention,,H0022,,Encounter,0.00,0.00,$0.00,0,0,0
,Peer Directed and Operated Support Services,,H0023,,Encounter,0.00,0.00,$0.00,0,0,0
,Prevention Services - Direct Model,,H0025,,Face to Face Contact,0.00,0.00,$0.00,0,0,0
,Crisis Intervention,,H0030,,Per Service,0.00,0.00,$0.00,0,0,0
,Assessment ,,H0031,,Encounter,821.00,853.00,"$108,136.00",132,127,1
,Substance Abuse: Assessment,,H0031,,Encounter,0.00,0.00,$0.00,0,0,0
,Treatment Planning,,H0032,,Encounter,"1,143.00","1,229.00","$110,629.00",97,90,1
,Monitoring of Treatment - Clinician,,H0032,TS,Encounter,3.00,15.00,"$1,486.00",495,99,5
,Substance Abuse: Pharmalogical Support - Suboxane,,H0033,,Direct Observation Encounter,0.00,0.00,$0.00,0,0,0
,Health Services,,H0034,,15 Minutes,0.00,0.00,$0.00,0,0,0
,Home Based Services,,H0036,,15 Minutes,80.00,"7,850.00","$419,452.00",5243,53,98
,Home Based Services,,H0036,ST,15 Minutes,0.00,0.00,$0.00,0,0,0
,Community Psychiatric Supportive Treatment ,,H0037,,Per diem,0.00,0.00,$0.00,0,0,0
,Peer Directed and Operated Support Services,,H0038,,15 minutes,150.00,"17,758.00","$162,646.00",1084,9,118
,Peer Directed and Operated Support Services,,NA,,,159.00,0.00,"$142,624.00",897,0,0
,Assertive Community Treatment (ACT),,H0039,,15 Minutes,113.00,"12,478.00","$1,323,350.00",11711,106,110
,Community Living Supports in Independent living/own home,,H0043,,Per diem,16.00,"3,883.00","$520,208.00",32513,134,243
,Community Living Supports in Independent living/own home,,H0043,TT,Per diem,0.00,0.00,$0.00,0,0,0
,Respite,,H0045,,Days,0.00,0.00,$0.00,0,0,0
,Respite (Children's Waiver),,H0045,TD,Per Diem,0.00,0.00,$0.00,0,0,0
,Respite (Children's Waiver),,H0045,TE,Per Diem,0.00,0.00,$0.00,0,0,0
,Substance Abuse:Laboratory (cells now unlocked),,H0048,,Encounter,0.00,0.00,$0.00,0,0,0
,Substance Abuse: Individual Assessment,,H0049,,Encounter,0.00,0.00,$0.00,0,0,0
,Behavior Treatment Plan Review,,H2000,,Encounter,3.00,3.00,$536.00,179,179,1
,Behavior Treatment Plan Review - Monitoring Activities,,H2000,TS,Encounter,8.00,63.00,"$10,070.00",1259,160,8
Bay-Arenac,,,,,,,,,,,
,Comprehensive Medication Services - EBP only,,H2010,,15 minutes,0.00,0.00,$0.00,0,0,0
,Crisis Intervention,,H2011,,15 Minutes,301.00,"1,387.00","$61,081.00",203,44,5
,Skill-Building and Out of Home Non Vocational Habilitation,,H2014,,15 minutes,68.00,"117,710.00","$259,047.00",3810,2,1731
,Skill-Building and Out of Home Non Vocational Habilitation,,H2014,TT,15 Minutes,1.00,470.00,"$2,662.00",2662,6,470
,Community Living Supports (15 Minutes),,H2015,,15 Minutes,73.00,"53,635.00","$425,200.00",5825,8,735
,Community Living Supports (15 Minutes),,H2015,TT,15 Minutes,1.00,307.00,$932.00,932,3,307
,Community Living Supports (Daily),,H2016,,Per Diem,7.00,"1,861.00","$63,950.00",9136,34,266
,Community Living Supports (Daily),,H2016,TF,Per Diem,8.00,"2,404.00","$176,141.00",22018,73,301
,Community Living Supports (Daily),,H2016,TG,Per Diem,42.00,"9,545.00","$1,268,231.00",30196,133,227
,Behavior Services,,H2019,,15 Minutes,0.00,0.00,$0.00,0,0,0
,Behavior Services,,H2019,TT,15 Minutes,0.00,0.00,$0.00,0,0,0
,Crisis Intervention,,H2020,,Days,0.00,0.00,$0.00,0,0,0
,Wraparound,,H2021,,15 Minutes,0.00,0.00,$0.00,0,0,0
,Wraparound,,H2022,,Days,0.00,0.00,$0.00,0,0,0
,Supported Employment Services,,H2023,,15 minutes,11.00,"1,909.00","$11,477.00",1043,6,174
,Supported Employment Services,,H2023,TT,15 Minutes,38.00,"24,423.00","$87,713.00",2308,4,643
,Mental Health Therapy,,H2027,,15 Minutes,0.00,0.00,$0.00,0,0,0
,Clubhouse Psychosocial Rehabilitation Programs ,,H2030,,15 Minutes,158.00,"148,868.00","$373,353.00",2363,3,942
,Home Based Services,,H2033,,15 Minutes,0.00,0.00,$0.00,0,0,0
,Substance Abuse: Outpatient Care,"0900, 0906, 0914, 0915, 0916, 0919",H2035,,Hour,0.00,0.00,$0.00,0,0,0
,Substance Abuse: Outpatient Care,"0900, 0906, 0914, 0915, 0916, 0919",H2036,,Per Diem,0.00,0.00,$0.00,0,0,0
,Medication Review ,,M0064,,"Encounter Face-to-Face, generally less than 10 minutes",16.00,16.00,$802.00,50,50,1
,Transportation,,S0209,,Per Mile,0.00,0.00,$0.00,0,0,0
,Transportation,,S0215,,Per Mile,0.00,0.00,$0.00,0,0,0
,Family Training - EBP,,S5110,,15 Minutes,4.00,80.00,"$1,978.00",495,25,20
,Family Training,,S5111,,Encounter,6.00,10.00,"$2,333.00",389,233,2
,Family Training,,S5111,HA,Encounter,0.00,0.00,$0.00,0,0,0
,"Home Care Training, Non-Family (Children's Waiver)",,S5116,,Encounter,0.00,0.00,$0.00,0,0,0
,Chore Services,,S5120,,15 Minutes,0.00,0.00,$0.00,0,0,0
,Foster Care,,S5140,,Days,0.00,0.00,$0.00,0,0,0
,Foster Care,,S5145,,Days,0.00,0.00,$0.00,0,0,0
,Respite,,S5150,,15 Minutes,0.00,0.00,$0.00,0,0,0
,Respite,,S5151,,Per Diem,0.00,0.00,$0.00,0,0,0
,Personal Emergency Response System (PERS),,S5160,,Encounter,0.00,0.00,$0.00,0,0,0
,Personal Emergency Response System (PERS),,S5161,,Month,0.00,0.00,$0.00,0,0,0
,Environmental Modification ,,S5165,,Service,0.00,0.00,$0.00,0,0,0
,Enhanced Medical Equipment-Supplies,,S5199,,Items,0.00,0.00,$0.00,0,0,0
,Occupational or Physical Therapy,,S8990,,Encounter,0.00,0.00,$0.00,0,0,0
,Private Duty Nursing,0582,S9123,,Hour,0.00,0.00,$0.00,0,0,0
,Private Duty Nursing,,S9123,,Hour,0.00,0.00,$0.00,0,0,0
,Private Duty Nursing,,S9123,TT,Hour,0.00,0.00,$0.00,0,0,0
,Private Duty Nursing,0582,S9124,,Hour,0.00,0.00,$0.00,0,0,0
,Private Duty Nursing,,S9124,,Hour,0.00,0.00,$0.00,0,0,0
,Private Duty Nursing,,S9124,TT,Hour,0.00,0.00,$0.00,0,0,0
,Respite Care in the Home (RN) (Children's Waiver),,S9125,TD,Per Diem,0.00,0.00,$0.00,0,0,0
,Respite Care in the Home (LPN) (Children's Waiver),,S9125,TE,Per Diem,0.00,0.00,$0.00,0,0,0
,Health Services,,S9445,,Encounter,0.00,0.00,$0.00,0,0,0
,Health Services,,S9446,,Encounter,0.00,0.00,$0.00,0,0,0
Bay-Arenac,,,,,,,,,,,
,Health Services,,S9470,,Encounter,22.00,22.00,"$2,604.00",118,118,1
,Intensive Crisis Stabilization-Enrolled Program,,S9484,,Hour,74.00,436.00,"$68,311.00",923,157,6
,Reidential Room and Board,,S9976,,Days,0.00,0.00,$0.00,0,0,0
,Private Duty Nursing,,T1000,,Up to 15 min,0.00,0.00,$0.00,0,0,0
,Private Duty Nursing,,T1000,TD,Up to 15 min,0.00,0.00,$0.00,0,0,0
,Private Duty Nursing,,T1000,TE,Up to 15 min,0.00,0.00,$0.00,0,0,0
,Assessment,,T1001,,Encounter,194.00,197.00,"$28,714.00",148,146,1
,Health Services,,T1002,,Up to 15 min,68.00,"3,537.00","$72,223.00",1062,20,52
,Respite Care,,T1005,,15 Minutes,30.00,"40,200.00","$95,744.00",3191,2,1340
,Respite Care,,T1005,TD,15 Minutes,0.00,0.00,$0.00,0,0,0
,Respite Care,,T1005,TE,15 Minutes,0.00,0.00,$0.00,0,0,0
,Substance Abuse: Recovery Support Services,"0900, 0906, 0914, 0915, 0916, 0919",T1012,,Encounter,0.00,0.00,$0.00,0,0,0
,Family Psycho-Education - EBP,,T1015,,Encounter,10.00,32.00,"$4,809.00",481,150,3
,Supports Coordination/Wrap Facilitation,,T1016,,15 minutes,29.00,696.00,"$59,651.00",2057,86,24
,Targeted Case Management ,,T1017,,15 minutes,"1,246.00","36,833.00","$2,195,646.00",1762,60,30
,Nursing Home Mental Health Monitoring,,T1017,SE,15 minutes,57.00,"1,569.00","$108,895.00",1910,69,28
,Personal Care in Licensed Specialized Residential Setting,,T1020,,Days,38.00,"10,026.00","$135,810.00",3574,14,264
,Personal Care in Licensed Specialized Residential Setting,,T1020,TF,Days,17.00,"2,273.00","$145,192.00",8541,64,134
,Personal Care in Licensed Specialized Residential Setting,,T1020,TG,Days,2.00,540.00,"$51,938.00",25969,96,270
,Assessments,,T1023,,Encounter,681.00,934.00,"$642,124.00",943,687,1
,Enhanced Medical Supplies or Pharmacy,,T1999,,Items,5.00,25.00,$688.00,138,28,5
,Transportation,,T2001,,Encounter,0.00,0.00,$0.00,0,0,0
,Transportation,,T2002,,Per Diem,0.00,0.00,$0.00,0,0,0
,Transportation,,T2003,,Encounter / Trip,31.00,"3,404.00","$15,026.00",485,4,110
,Transportation,,T2004,,Encounter,0.00,0.00,$0.00,0,0,0
,Transportation,,T2005,,Encounter,0.00,0.00,$0.00,0,0,0
,Out of Home Prevocational Service,,T2015,,Hour,0.00,0.00,$0.00,0,0,0
,Targeted Case Management (Children's Waiver),,T2023,,Month,0.00,0.00,$0.00,0,0,0
,Fiscal Intermediary Services,,T2025,,Month,1.00,3.00,$348.00,348,116,3
,Enhanced Medical Equipment-Supplies,,T2028,,Items,0.00,0.00,$0.00,0,0,0
,Enhanced Medical Equipment-Supplies,,T2029,,Items,0.00,0.00,$0.00,0,0,0
,Crisis Intervention,,T2034,,Days,0.00,0.00,$0.00,0,0,0
,Respite Care,,T2036,,Encounter / Trip. Per session. One night = one session,0.00,0.00,$0.00,0,0,0
,Respite Care,,T2037,,Encounter / Trip  Per session. One day/partial day = one session,0.00,0.00,$0.00,0,0,0
,Housing Assistance,,T2038,,Month   Service,57.00,63.00,"$150,035.00",2632,2382,1
,Enhanced Medical Equipment-Supplies,,T2039,,Items,0.00,0.00,$0.00,0,0,0
,Pharmacy (Drugs and Other Biologicals),,,,,701.00,0.00,"$192,052.00",274,0,0
,Other,,,,,0.00,0.00,$0.00,0,0,0
,Aggregate for 'J' Codes,,ALL,,,24.00,0.00,$331.00,14,0,0
Berrien,,,,,,,,,,,
,State Psychiatric Hospital - Inpatient PT22,"0100, 0101, 0114, 0124, 0134, 0154",,PT22,Days,11.00,"1,246.00","$439,838.00",39985,353,113
,State Mental Retardation Facility - Inpatient (ICF/MR) PT65,"0100, 0101, 0114, 0124, 0134, 0154",,PT65,Days,0.00,0.00,$0.00,0,0,0
,Local Psychiatric Hospital/IMD PT68,"0100, 0101, 0114, 0124, 0134, 0154",,PT68,Days,1.00,77.00,"$61,446.00",61446,798,77
,Local Psychiatric Hospital - Acute Community PT73,"0100, 0101, 0114, 0124, 0134, 0154",,PT73,Days,201.00,"2,792.00","$1,085,264.00",5399,389,14
,Inpatient Hospital Ancillary Services - Leave of Absence,0183,,,Days,0.00,0.00,$0.00,0,0,0
,Inpatient Hospital Ancillary Services - Pharmacy,"0250-0254, 0257-0258 ",,,,0.00,0.00,$0.00,0,0,0
,Inpatient Hospital Ancillary Services - Medical/Surgical Supplies and Devices,0270-0272,,,# of items,0.00,0.00,$0.00,0,0,0
,Inpatient Hospital Ancillary Services - Laboratory,"0300-0302, 0305-0307",,,# of tests,0.00,0.00,$0.00,0,0,0
,Inpatient Hospital Ancillary Services - Radiology,0320,,,# of tests,0.00,0.00,$0.00,0,0,0
,ECT Anesthesia,0370,,,,0.00,0.00,$0.00,0,0,0
,Inpatient Hospital Ancillary Services - Respiratory Services,0410,,,# of treatments,0.00,0.00,$0.00,0,0,0
,Inpatient Hospital Ancillary Services -Physical Therapy,0420-0424,,,# of treatments,0.00,0.00,$0.00,0,0,0
,Inpatient Hospital Ancillary Services - Occupational Therapy,0430-0434,,,# of treatments,0.00,0.00,$0.00,0,0,0
,Inpatient Hospital Ancillary Services - Speech-Language Pathology,0440-0444,,,# of treatments,0.00,0.00,$0.00,0,0,0
,Inpatient Hospital Ancillary Services - Emergency Room,0450,,,# of visits,0.00,0.00,$0.00,0,0,0
,Inpatient Hospital Ancillary Services - Pulmonary Function,0460,,,# of tests,0.00,0.00,$0.00,0,0,0
,Inpatient Hospital Ancillary Services - Audiology,0470-0472,,,# of tests,0.00,0.00,$0.00,0,0,0
,Inpatient Hospital Ancillary Services - Magnetic Resonance Technology (MRT),0610-0611,,,# of tests,0.00,0.00,$0.00,0,0,0
,Inpatient Hospital Ancillary Services - Pharmacy,0636,,,# of units,0.00,0.00,$0.00,0,0,0
,ECT Recovery Room,0701,,,,0.00,0.00,$0.00,0,0,0
,Inpatient Hospital Ancillary Services -EKG/ECG,0730-0731,,,# of tests,0.00,0.00,$0.00,0,0,0
,Inpatient Hospital Ancillary Services - EEG,0740,,,# of tests,0.00,0.00,$0.00,0,0,0
,Crisis Observation Care,0762,,,Hour,0.00,0.00,$0.00,0,0,0
,Additional Codes-ECT Facility Charge,0901,,,Encounter,1.00,2.00,"$1,024.00",1024,512,2
,Inpatient Hospital Ancillary Services - Psychiatric/Psychological Treatments/Services,"0900, 0902-0904, 0911, 0914-0919",,,# of visits,0.00,0.00,$0.00,0,0,0
,Outpatient Partial Hospitalization,0912,,,Days,0.00,0.00,$0.00,0,0,0
,Outpatient Partial Hospitalization,0913,,,Days,0.00,0.00,$0.00,0,0,0
,Inpatient Hospital Ancillary Services - Other Diagnosis Services,0925,,,# of tests,0.00,0.00,$0.00,0,0,0
,Inpatient Hospital Ancillary Services - Other Therapeutic Services,0940-0942,,,# of visits,0.00,0.00,$0.00,0,0,0
,Additional Codes-ECT Anesthesia,,00104,,Minutes,0.00,0.00,$0.00,0,0,0
,Drug Screen for Methadone Clients Only,,80100,,Per Screen,0.00,0.00,$0.00,0,0,0
,Drug Screen for Methadone Clients Only,,80101,,Per Screen,0.00,0.00,$0.00,0,0,0
,Alcohol Breath Test for Methadone Clients Only,,82075,,Per Test,0.00,0.00,$0.00,0,0,0
,Medication Administration,,90772,,Encounter,120.00,493.00,"$42,595.00",355,86,4
,Assessment-Psychiatric Assessment,,90801,,Encounter,"1,523.00","1,947.00","$774,232.00",508,398,1
,Substance Abuse: Psychiatric Evaluation,,90801,,Encounter,0.00,0.00,$0.00,0,0,0
,Assessment-Psychiatric Assessment,,90802,,Encounter,0.00,0.00,$0.00,0,0,0
,Substance Abuse: Psychiatric Evaluation,,90802,,Encounter,0.00,0.00,$0.00,0,0,0
,Therapy-Individual Therapy,,90804,,Encounter 20-30 Min,393.00,754.00,"$134,967.00",343,179,2
,Substance Abuse: Outpatient Treatment,"0900, 0914, 0915, 0916, 0919",90804,,Encounter 20-30 Min,0.00,0.00,$0.00,0,0,0
Berrien,,,,,,,,,,,
,Therapy-Individual Therapy,,90805,,Encounter 20-30 Min,0.00,0.00,$0.00,0,0,0
,Substance Abuse: Outpatient Treatment,"0900, 0914, 0915, 0916, 0919",90805,,Encounter 20-30 Min,0.00,0.00,$0.00,0,0,0
,Therapy-Individual Therapy,,90806,,Encounter 45-50 Min,"1,157.00","6,133.00","$1,418,943.00",1226,231,5
,Substance Abuse: Outpatient Treatment,"0900, 0914, 0915, 0916, 0919",90806,,Encounter 45-50 Min,0.00,0.00,$0.00,0,0,0
,Therapy-Individual Therapy,,90807,,Encounter 45-50 Min,0.00,0.00,$0.00,0,0,0
,Substance Abuse: Outpatient Treatment,"0900, 0914, 0915, 0916, 0919",90807,,Encounter 45-50 Min,0.00,0.00,$0.00,0,0,0
,Therapy-Individual Therapy,,90808,,Encounter 75-80 Min,54.00,113.00,"$28,088.00",520,249,2
,Substance Abuse: Outpatient Treatment,"0900, 0914, 0915, 0916, 0919",90808,,Encounter 75-80 Min,0.00,0.00,$0.00,0,0,0
,Therapy-Individual Therapy,,90809,,Encounter 75-80 Min,0.00,0.00,$0.00,0,0,0
,Substance Abuse: Outpatient Treatment,"0900, 0914, 0915, 0916, 0919",90809,,Encounter 75-80 Min,0.00,0.00,$0.00,0,0,0
,Therapy-Individual Therapy,,90810,,Encounter 20-30 Min,0.00,0.00,$0.00,0,0,0
,Substance Abuse: Outpatient Treatment,"0900, 0914, 0915, 0916, 0919",90810,,Encounter 20-30 Min,0.00,0.00,$0.00,0,0,0
,Therapy-Individual Therapy,,90811,,Encounter 20-30 Min,0.00,0.00,$0.00,0,0,0
,Substance Abuse: Outpatient Treatment,"0900, 0914, 0915, 0916, 0919",90811,,Encounter 20-30 Min,0.00,0.00,$0.00,0,0,0
,Therapy-Individual Therapy,,90812,,Encounter 45-50 Min,0.00,0.00,$0.00,0,0,0
,Substance Abuse: Outpatient Treatment,"0900, 0914, 0915, 0916, 0919",90812,,Encounter 45-50 Min,0.00,0.00,$0.00,0,0,0
,Therapy-Individual Therapy,,90813,,Encounter 45-50 Min,0.00,0.00,$0.00,0,0,0
,Substance Abuse: Outpatient Treatment,"0900, 0914, 0915, 0916, 0919",90813,,Encounter 45-50 Min,0.00,0.00,$0.00,0,0,0
,Therapy-Individual Therapy,,90814,,Encounter 75-80 Min,0.00,0.00,$0.00,0,0,0
,Substance Abuse: Outpatient Treatment,"0900, 0914, 0915, 0916, 0919",90814,,Encounter 75-80 Min,0.00,0.00,$0.00,0,0,0
,Therapy-Individual Therapy,,90815,,Encounter 75-80 Min,0.00,0.00,$0.00,0,0,0
,Substance Abuse: Outpatient Treatment,"0900, 0914, 0915, 0916, 0919",90815,,Encounter 75-80 Min,0.00,0.00,$0.00,0,0,0
,Therapy-Individual Therapy,,90816,,Encounter 20-30 Min,0.00,0.00,$0.00,0,0,0
,Therapy-Individual Therapy,,90817,,Encounter 20-30 Min,0.00,0.00,$0.00,0,0,0
,Therapy-Individual Therapy,,90818,,Encounter 45-50 Min,0.00,0.00,$0.00,0,0,0
,Therapy-Individual Therapy,,90819,,Encounter 45-50 Min,0.00,0.00,$0.00,0,0,0
,Therapy-Individual Therapy,,90821,,Encounter 75-80 Min,0.00,0.00,$0.00,0,0,0
,Therapy-Individual Therapy,,90822,,Encounter 75-80 Min,0.00,0.00,$0.00,0,0,0
,Therapy-Individual Therapy,,90823,,Encounter 20-30 Min,0.00,0.00,$0.00,0,0,0
,Therapy-Individual Therapy,,90824,,Encounter 20-30 Min,0.00,0.00,$0.00,0,0,0
,Therapy-Individual Therapy,,90826,,Encounter 45-50 Min,0.00,0.00,$0.00,0,0,0
,Substance Abuse: Psychotherapy (Individual Therapy),,90826,,Encounter 45-50 Min,0.00,0.00,$0.00,0,0,0
,Therapy-Individual Therapy,,90827,,Encounter 45-50 Min,0.00,0.00,$0.00,0,0,0
,Therapy-Individual Therapy,,90828,,Encounter 75-80 Min,0.00,0.00,$0.00,0,0,0
,Therapy-Individual Therapy,,90829,,Encounter 75-80 Min,0.00,0.00,$0.00,0,0,0
,Therapy-Family Therapy,,90846,,Encounter,0.00,0.00,$0.00,0,0,0
,Therapy-Family Therapy,,90847,,Encounter,6.00,13.00,"$3,656.00",609,281,2
,Substance Abuse: Outpatient Treatment,"0900, 0906, 0914, 0915, 0916, 0919",90847,,Encounter,0.00,0.00,$0.00,0,0,0
,Therapy-Family Therapy,,90849,,Encounter,0.00,0.00,$0.00,0,0,0
,Therapy-Family Therapy,,90849,HS,Encounter,0.00,0.00,$0.00,0,0,0
Berrien,,,,,,,,,,,
,Therapy-Group Therapy,,90853,,Encounter,40.00,589.00,"$84,660.00",2117,144,15
,Substance Abuse: Outpatient Treatment,"0900, 0906, 0914, 0915, 0916, 0919",90853,,Encounter,0.00,0.00,$0.00,0,0,0
,Therapy-Group Therapy,,90857,,Encounter,0.00,0.00,$0.00,0,0,0
,Substance Abuse: Outpatient Treatment,"0900, 0906, 0914, 0915, 0916, 0919",90857,,Encounter,0.00,0.00,$0.00,0,0,0
,Medication Review ,,90862,,Encounter,"1,856.00","7,779.00","$1,531,103.00",825,197,4
,Substance Abuse: Medication Review,"0900, 0914, 0915, 0916, 0919",90862,,Encounter,0.00,0.00,$0.00,0,0,0
,Additional Codes-ECT Physician,,90870,,Encounter,0.00,0.00,$0.00,0,0,0
,Additional Codes-ECT Physician,0901,90870,,Encounter,0.00,0.00,$0.00,0,0,0
,Assessments-Other,,90887,,Encounter,0.00,0.00,$0.00,0,0,0
,Speech & Language Therapy ,,92506,,Encounter,0.00,0.00,$0.00,0,0,0
,Speech & Language Therapy ,,92507,,Encounter,0.00,0.00,$0.00,0,0,0
,Speech & Language Therapy ,,92508,,Encounter,0.00,0.00,$0.00,0,0,0
,Speech & Language Therapy ,,92526,,Encounter,0.00,0.00,$0.00,0,0,0
,Speech & Language Therapy ,,92610,,Encounter,0.00,0.00,$0.00,0,0,0
,Evaluation of Auditory Rehabilitation Status (Children's Waiver),,92626,,First Hour,0.00,0.00,$0.00,0,0,0
,Evaluation of Auditory Rehabiliation Status (Children's Waiver),,92627,,Each Additional 15 Minutes,0.00,0.00,$0.00,0,0,0
,Auditory Rehabilitation Preling Hearing Loss (Children's Waiver),,92630,,Encounter,0.00,0.00,$0.00,0,0,0
,Auditory Rehabilitation; Post-Lingual Hearing Loss (Children's Waiver),,92633,,Encounter,0.00,0.00,$0.00,0,0,0
,Psychological Testing PSYCH/PHYS ,,96101,,Per Hour,6.00,23.00,"$3,577.00",596,156,4
,Psychological Testing by Technician ,,96102,,Per Hour,0.00,0.00,$0.00,0,0,0
,Psychological Testing by Comp ,,96103,,Per Hour,0.00,0.00,$0.00,0,0,0
,Assessments-Other,,96105,,Encounter,0.00,0.00,$0.00,0,0,0
,Assessments-Other,,96110,,Encounter,0.00,0.00,$0.00,0,0,0
,Assessments-Other,,96111,,Encounter,0.00,0.00,$0.00,0,0,0
,Neurobehavioral Status Exam (Children's Waiver),,96116,,Per Hour,0.00,0.00,$0.00,0,0,0
,Neuropsych test by Psych/Phys ,,96118,,Per Hour,0.00,0.00,$0.00,0,0,0
,Neuropsych test by Tech ,,96119,,Per Hour,0.00,0.00,$0.00,0,0,0
,Neuropsych test Admin w/Comp ,,96120,,Per Hour,0.00,0.00,$0.00,0,0,0
,Medication Administration,,96372,,Encounter,145.00,"1,483.00","$136,873.00",944,92,10
,Physical Therapy,,97001,,Encounter,0.00,0.00,$0.00,0,0,0
,Physical Therapy,,97002,,Encounter,0.00,0.00,$0.00,0,0,0
,Occupational Therapy,,97003,,Encounter,22.00,26.00,"$3,810.00",173,147,1
,Occupational Therapy,,97004,,Encounter,0.00,0.00,$0.00,0,0,0
,Occupational or Physical Therapy,,97110,,15 Minutes,0.00,0.00,$0.00,0,0,0
,Occupational or Physical Therapy,,97112,,15 Minutes,0.00,0.00,$0.00,0,0,0
,Occupational or Physical Therapy,,97113,,15 Minutes,0.00,0.00,$0.00,0,0,0
,Occupational or Physical Therapy,,97116,,15 Minutes,0.00,0.00,$0.00,0,0,0
,Occupational or Physical Therapy,,97124,,15 Minutes,0.00,0.00,$0.00,0,0,0
,Occupational or Physical Therapy,,97140,,15 Minutes,0.00,0.00,$0.00,0,0,0
,Occupational or Physical Therapy,,97150,,Encounter,0.00,0.00,$0.00,0,0,0
,Occupational or Physical Therapy,,97530,,15 Minutes,8.00,71.00,"$1,243.00",155,18,9
,Occupational or Physical Therapy,,97532,,15 Minutes,0.00,0.00,$0.00,0,0,0
,Occupational or Physical Therapy,,97533,,15 Minutes,8.00,70.00,"$1,250.00",156,18,9
,Occupational or Physical Therapy,,97535,,15 Minutes,2.00,20.00,$350.00,175,18,10
,Occupational or Physical Therapy,,97537,,15 Minutes,0.00,0.00,$0.00,0,0,0
,Occupational or Physical Therapy,,97542,,15 Minutes,0.00,0.00,$0.00,0,0,0
,Occupational Therapy,,97703,,15 Minutes,0.00,0.00,$0.00,0,0,0
Berrien,,,,,,,,,,,
,Occupational Therapy,,97750,,15 Minutes,0.00,0.00,$0.00,0,0,0
,Occupational Therapy,,97755,,15 Minutes,0.00,0.00,$0.00,0,0,0
,Occupational Therapy,,97760,,15 Minutes,0.00,0.00,$0.00,0,0,0
,C/O for Orthotic/Prosth Use ,,97762,,15 minutes,0.00,0.00,$0.00,0,0,0
,Assessment or Health Services,,97802,,15 Minutes,21.00,43.00,"$2,811.00",134,65,2
,Assessment or Health Services,,97803,,15 Minutes,1.00,3.00,$234.00,234,78,3
,Health Services,,97804,,30 Minutes,0.00,0.00,$0.00,0,0,0
,Additional Codes-Physician Services,,99201,,Encounter,0.00,0.00,$0.00,0,0,0
,Additional Codes-Physician Services,,99202,,Encounter,0.00,0.00,$0.00,0,0,0
,Additional Codes-Physician Services,,99203,,Encounter,0.00,0.00,$0.00,0,0,0
,Additional Codes-Physician Services,,99204,,Encounter,0.00,0.00,$0.00,0,0,0
,Additional Codes-Physician Services,,99205,,Encounter,0.00,0.00,$0.00,0,0,0
,Additional Codes-Physician Services  Medication Administration,,99211,,Encounter,116.00,124.00,"$7,638.00",66,62,1
,Additional Codes-Physician Services,,99212,,Encounter,88.00,94.00,"$10,731.00",122,114,1
,Additional Codes-Physician Services,,99213,,Encounter,0.00,0.00,$0.00,0,0,0
,Additional Codes-Physician Services,,99214,,Encounter,60.00,61.00,"$16,511.00",275,271,1
,Additional Codes-Physician Services,,99215,,Encounter,46.00,48.00,"$19,595.00",426,408,1
,Additional Codes-Physician Services,,99221,,30 Minutes,1.00,1.00,$35.00,35,35,1
,Additional Codes-Physician Services,,99222,,50 Minutes,173.00,194.00,"$20,370.00",118,105,1
,Additional Codes-Physician Services,,99223,,70 Minutes,0.00,0.00,$0.00,0,0,0
,Additional Codes-Physician Services,,99231,,15 Minutes,174.00,"1,359.00","$62,081.00",357,46,8
,Additional Codes-Physician Services,,99232,,25 minutes,1.00,1.00,$50.00,50,50,1
,Additional Codes-Physician Services,,99233,,35 Minutes,0.00,0.00,$0.00,0,0,0
,Additional Codes-Physician Services,,99238,,30 Minutes or less,173.00,193.00,"$7,913.00",46,41,1
,Additional Codes-Physician Services,,99241,,Encounter,0.00,0.00,$0.00,0,0,0
,Additional Codes-Physician Services,,99242,,Encounter,0.00,0.00,$0.00,0,0,0
,Additional Codes-Physician Services,,99243,,Encounter,0.00,0.00,$0.00,0,0,0
,Additional Codes-Physician Services,,99244,,Encounter,0.00,0.00,$0.00,0,0,0
,Additional Codes-Physician Services,,99245,,Encounter,0.00,0.00,$0.00,0,0,0
,Additional Codes-Physician Services,,99251,,Encounter,0.00,0.00,$0.00,0,0,0
,Additional Codes-Physician Services,,99252,,Encounter,0.00,0.00,$0.00,0,0,0
,Additional Codes-Physician Services,,99253,,Encounter,0.00,0.00,$0.00,0,0,0
,Additional Codes-Physician Services,,99254,,Encounter,0.00,0.00,$0.00,0,0,0
,Additional Codes-Physician Services,,99255,,Encounter,0.00,0.00,$0.00,0,0,0
,Additional Codes-Physician Services,,99261,,Encounter,0.00,0.00,$0.00,0,0,0
,Additional Codes-Physician Services,,99262,,Encounter,0.00,0.00,$0.00,0,0,0
,Additional Codes-Physician Services,,99263,,Encounter,0.00,0.00,$0.00,0,0,0
,Additional Codes-Physician Services,,99271,,Encounter,0.00,0.00,$0.00,0,0,0
,Additional Codes-Physician Services,,99272,,Encounter,0.00,0.00,$0.00,0,0,0
,Additional Codes-Physician Services,,99273,,Encounter,0.00,0.00,$0.00,0,0,0
,Additional Codes-Physician Services,,99274,,Encounter,0.00,0.00,$0.00,0,0,0
,Additional Codes-Physician Services,,99275,,Encounter,0.00,0.00,$0.00,0,0,0
,Medication Administration,,99605,,Encounter,0.00,0.00,$0.00,0,0,0
,Transportation,,A0080,,Per mile,0.00,0.00,$0.00,0,0,0
,Transportation,,A0090,,Per mile,0.00,0.00,$0.00,0,0,0
,Transportation,,A0100,,Per one-way trip,0.00,0.00,$0.00,0,0,0
,Transportation,,A0110,,Per one-way trip,0.00,0.00,$0.00,0,0,0
,Transportation,,A0120,,Per one-way trip,0.00,0.00,$0.00,0,0,0
,Transportation,,A0130,,Per one-way trip,0.00,0.00,$0.00,0,0,0
,Transportation,,A0140,,Per one-way trip,0.00,0.00,$0.00,0,0,0
Berrien,,,,,,,,,,,
,Transportation,,A0170,,,0.00,0.00,$0.00,0,0,0
,Additional Codes-Transportation,,A0425,,Per Mile,0.00,0.00,$0.00,0,0,0
,Additional Codes-Transportation,,A0427,,Refer to code descriptions.,0.00,0.00,$0.00,0,0,0
,Additional codes - Transportation,,A0428,,,0.00,0.00,$0.00,0,0,0
,Repair or Non-Routine Service for DME (Children's Waiver),,E1340,,15 Minutes,0.00,0.00,$0.00,0,0,0
,Enhanced Medical Equipment-Supplies,,E1399,,Items,0.00,0.00,$0.00,0,0,0
,Activity Therapy (Children's Waiver),,G0176,,Encounter,0.00,0.00,$0.00,0,0,0
,Family Training/Support EBP only,,G0177,,Encounter Session at least 45 min,5.00,258.00,"$13,375.00",2675,52,52
,Substance Abuse: Individual Assessment,,H0001,,Encounter,0.00,0.00,$0.00,0,0,0
,Assessment ,,H0002,,Encounter,20.00,20.00,"$3,456.00",173,173,1
,Substance Abuse: Individual Assessment,,H0002,,Encounter,0.00,0.00,$0.00,0,0,0
,Substance Abuse:Laboratory,,H0003,,Encounter,0.00,0.00,$0.00,0,0,0
,Substance Abuse: Outpatient Treatment,"0900, 0906, 0914, 0915, 0916, 0919",H0004,,15 Minutes,0.00,0.00,$0.00,0,0,0
,Substance Abuse: Outpatient Treatment,"0900, 0906, 0914, 0915, 0916, 0919",H0005,,Encounter,0.00,0.00,$0.00,0,0,0
,Substance Abuse: Case Management,,H0006,,Encounter,0.00,0.00,$0.00,0,0,0
,Substance Abuse: Sub-Acute Detoxification,1002,H0010,,Days,0.00,0.00,$0.00,0,0,0
,Substance Abuse: Sub-Acute Detoxification,1002,H0012,,Days,0.00,0.00,$0.00,0,0,0
,Substance Abuse: Sub-Acute Detoxification,1002,H0014,,Days,0.00,0.00,$0.00,0,0,0
,Substance Abuse: Outpatient Care,"0900, 0906, 0914, 0915, 0916, 0919",H0015,,Days,0.00,0.00,$0.00,0,0,0
,Crisis Residential Services,,H0018,,Days,4.00,34.00,"$9,180.00",2295,270,9
,Substance Abuse: Residential,1002,H0018,,Days,0.00,0.00,$0.00,0,0,0
,Substance Abuse: Residential,1002,H0019,,Days,0.00,0.00,$0.00,0,0,0
,Substance Abuse: Methadone,,H0020,,Encounter,0.00,0.00,$0.00,0,0,0
,Substance Abuse: Early Intervention,,H0022,,Encounter,0.00,0.00,$0.00,0,0,0
,Peer Directed and Operated Support Services,,H0023,,Encounter,0.00,0.00,$0.00,0,0,0
,Prevention Services - Direct Model,,H0025,,Face to Face Contact,0.00,0.00,$0.00,0,0,0
,Crisis Intervention,,H0030,,Per Service,0.00,0.00,$0.00,0,0,0
,Assessment ,,H0031,,Encounter,3.00,4.00,$850.00,283,212,1
,Substance Abuse: Assessment,,H0031,,Encounter,0.00,0.00,$0.00,0,0,0
,Treatment Planning,,H0032,,Encounter,5.00,9.00,"$1,395.00",279,155,2
,Monitoring of Treatment - Clinician,,H0032,TS,Encounter,0.00,0.00,$0.00,0,0,0
,Substance Abuse: Pharmalogical Support - Suboxane,,H0033,,Direct Observation Encounter,0.00,0.00,$0.00,0,0,0
,Health Services,,H0034,,15 Minutes,0.00,0.00,$0.00,0,0,0
,Home Based Services,,H0036,,15 Minutes,3.00,721.00,"$62,293.00",20764,86,240
,Home Based Services,,H0036,ST,15 Minutes,0.00,0.00,$0.00,0,0,0
,Community Psychiatric Supportive Treatment ,,H0037,,Per diem,0.00,0.00,$0.00,0,0,0
,Peer Directed and Operated Support Services,,H0038,,15 minutes,17.00,194.00,"$5,314.00",313,27,11
,Peer Directed and Operated Support Services,,NA,,,0.00,0.00,"$149,242.00",0,0,0
,Assertive Community Treatment (ACT),,H0039,,15 Minutes,66.00,"9,461.00","$919,947.00",13939,97,143
,Community Living Supports in Independent living/own home,,H0043,,Per diem,0.00,0.00,$0.00,0,0,0
,Community Living Supports in Independent living/own home,,H0043,TT,Per diem,42.00,"12,620.00","$2,156,248.00",51339,171,300
,Respite,,H0045,,Days,0.00,0.00,$0.00,0,0,0
,Respite (Children's Waiver),,H0045,TD,Per Diem,0.00,0.00,$0.00,0,0,0
,Respite (Children's Waiver),,H0045,TE,Per Diem,0.00,0.00,$0.00,0,0,0
,Substance Abuse:Laboratory (cells now unlocked),,H0048,,Encounter,0.00,0.00,$0.00,0,0,0
,Substance Abuse: Individual Assessment,,H0049,,Encounter,0.00,0.00,$0.00,0,0,0
,Behavior Treatment Plan Review,,H2000,,Encounter,57.00,227.00,"$39,840.00",699,176,4
,Behavior Treatment Plan Review - Monitoring Activities,,H2000,TS,Encounter,0.00,0.00,$0.00,0,0,0
Berrien,,,,,,,,,,,
,Comprehensive Medication Services - EBP only,,H2010,,15 minutes,0.00,0.00,$0.00,0,0,0
,Crisis Intervention,,H2011,,15 Minutes,17.00,53.00,"$4,579.00",269,86,3
,Skill-Building and Out of Home Non Vocational Habilitation,,H2014,,15 minutes,5.00,"12,558.00","$32,179.00",6436,3,2512
,Skill-Building and Out of Home Non Vocational Habilitation,,H2014,TT,15 Minutes,37.00,"98,489.00","$238,209.00",6438,2,2662
,Community Living Supports (15 Minutes),,H2015,,15 Minutes,134.00,"190,690.00","$637,827.00",4760,3,1423
,Community Living Supports (15 Minutes),,H2015,TT,15 Minutes,61.00,"86,622.00","$275,486.00",4516,3,1420
,Community Living Supports (Daily),,H2016,,Per Diem,41.00,"10,084.00","$1,108,048.00",27026,110,246
,Community Living Supports (Daily),,H2016,TF,Per Diem,35.00,"8,013.00","$369,622.00",10561,46,229
,Community Living Supports (Daily),,H2016,TG,Per Diem,58.00,"13,578.00","$1,792,546.00",30906,132,234
,Behavior Services,,H2019,,15 Minutes,0.00,0.00,$0.00,0,0,0
,Behavior Services,,H2019,TT,15 Minutes,0.00,0.00,$0.00,0,0,0
,Crisis Intervention,,H2020,,Days,0.00,0.00,$0.00,0,0,0
,Wraparound,,H2021,,15 Minutes,0.00,0.00,$0.00,0,0,0
,Wraparound,,H2022,,Days,0.00,0.00,$0.00,0,0,0
,Supported Employment Services,,H2023,,15 minutes,25.00,"10,643.00","$76,235.00",3049,7,426
,Supported Employment Services,,H2023,TT,15 Minutes,22.00,"22,637.00","$98,245.00",4466,4,1029
,Mental Health Therapy,,H2027,,15 Minutes,0.00,0.00,$0.00,0,0,0
,Clubhouse Psychosocial Rehabilitation Programs ,,H2030,,15 Minutes,52.00,"67,959.00","$958,611.00",18435,14,1307
,Home Based Services,,H2033,,15 Minutes,0.00,0.00,$0.00,0,0,0
,Substance Abuse: Outpatient Care,"0900, 0906, 0914, 0915, 0916, 0919",H2035,,Hour,0.00,0.00,$0.00,0,0,0
,Substance Abuse: Outpatient Care,"0900, 0906, 0914, 0915, 0916, 0919",H2036,,Per Diem,0.00,0.00,$0.00,0,0,0
,Medication Review ,,M0064,,"Encounter Face-to-Face, generally less than 10 minutes",1.00,3.00,$138.00,138,46,3
,Transportation,,S0209,,Per Mile,0.00,0.00,$0.00,0,0,0
,Transportation,,S0215,,Per Mile,0.00,0.00,$0.00,0,0,0
,Family Training - EBP,,S5110,,15 Minutes,0.00,0.00,$0.00,0,0,0
,Family Training,,S5111,,Encounter,4.00,20.00,"$4,147.00",1037,207,5
,Family Training,,S5111,HA,Encounter,0.00,0.00,$0.00,0,0,0
,"Home Care Training, Non-Family (Children's Waiver)",,S5116,,Encounter,0.00,0.00,$0.00,0,0,0
,Chore Services,,S5120,,15 Minutes,0.00,0.00,$0.00,0,0,0
,Foster Care,,S5140,,Days,0.00,0.00,$0.00,0,0,0
,Foster Care,,S5145,,Days,0.00,0.00,$0.00,0,0,0
,Respite,,S5150,,15 Minutes,0.00,0.00,$0.00,0,0,0
,Respite,,S5151,,Per Diem,0.00,0.00,$0.00,0,0,0
,Personal Emergency Response System (PERS),,S5160,,Encounter,0.00,0.00,$0.00,0,0,0
,Personal Emergency Response System (PERS),,S5161,,Month,0.00,0.00,$0.00,0,0,0
,Environmental Modification ,,S5165,,Service,0.00,0.00,$0.00,0,0,0
,Enhanced Medical Equipment-Supplies,,S5199,,Items,0.00,0.00,$0.00,0,0,0
,Occupational or Physical Therapy,,S8990,,Encounter,0.00,0.00,$0.00,0,0,0
,Private Duty Nursing,0582,S9123,,Hour,0.00,0.00,$0.00,0,0,0
,Private Duty Nursing,,S9123,,Hour,0.00,0.00,$0.00,0,0,0
,Private Duty Nursing,,S9123,TT,Hour,0.00,0.00,$0.00,0,0,0
,Private Duty Nursing,0582,S9124,,Hour,0.00,0.00,$0.00,0,0,0
,Private Duty Nursing,,S9124,,Hour,0.00,0.00,$0.00,0,0,0
,Private Duty Nursing,,S9124,TT,Hour,0.00,0.00,$0.00,0,0,0
,Respite Care in the Home (RN) (Children's Waiver),,S9125,TD,Per Diem,0.00,0.00,$0.00,0,0,0
,Respite Care in the Home (LPN) (Children's Waiver),,S9125,TE,Per Diem,0.00,0.00,$0.00,0,0,0
,Health Services,,S9445,,Encounter,0.00,0.00,$0.00,0,0,0
,Health Services,,S9446,,Encounter,0.00,0.00,$0.00,0,0,0
Berrien,,,,,,,,,,,
,Health Services,,S9470,,Encounter,9.00,12.00,"$1,620.00",180,135,1
,Intensive Crisis Stabilization-Enrolled Program,,S9484,,Hour,0.00,0.00,$0.00,0,0,0
,Reidential Room and Board,,S9976,,Days,0.00,0.00,$0.00,0,0,0
,Private Duty Nursing,,T1000,,Up to 15 min,0.00,0.00,$0.00,0,0,0
,Private Duty Nursing,,T1000,TD,Up to 15 min,0.00,0.00,$0.00,0,0,0
,Private Duty Nursing,,T1000,TE,Up to 15 min,0.00,0.00,$0.00,0,0,0
,Assessment,,T1001,,Encounter,4.00,4.00,"$1,123.00",281,281,1
,Health Services,,T1002,,Up to 15 min,34.00,166.00,"$9,392.00",276,57,5
,Respite Care,,T1005,,15 Minutes,0.00,0.00,$0.00,0,0,0
,Respite Care,,T1005,TD,15 Minutes,0.00,0.00,$0.00,0,0,0
,Respite Care,,T1005,TE,15 Minutes,0.00,0.00,$0.00,0,0,0
,Substance Abuse: Recovery Support Services,"0900, 0906, 0914, 0915, 0916, 0919",T1012,,Encounter,0.00,0.00,$0.00,0,0,0
,Family Psycho-Education - EBP,,T1015,,Encounter,0.00,0.00,$0.00,0,0,0
,Supports Coordination/Wrap Facilitation,,T1016,,15 minutes,276.00,"5,714.00","$650,530.00",2357,114,21
,Targeted Case Management ,,T1017,,15 minutes,239.00,"5,617.00","$546,936.00",2288,97,24
,Nursing Home Mental Health Monitoring,,T1017,SE,15 minutes,2.00,18.00,"$1,659.00",829,92,9
,Personal Care in Licensed Specialized Residential Setting,,T1020,,Days,84.00,"19,813.00","$379,250.00",4515,19,236
,Personal Care in Licensed Specialized Residential Setting,,T1020,TF,Days,23.00,"5,715.00","$254,363.00",11059,45,248
,Personal Care in Licensed Specialized Residential Setting,,T1020,TG,Days,25.00,"6,023.00","$535,504.00",21420,89,241
,Assessments,,T1023,,Encounter,629.00,872.00,"$280,139.00",445,321,1
,Enhanced Medical Supplies or Pharmacy,,T1999,,Items,0.00,0.00,$0.00,0,0,0
,Transportation,,T2001,,Encounter,0.00,0.00,$0.00,0,0,0
,Transportation,,T2002,,Per Diem,0.00,0.00,$0.00,0,0,0
,Transportation,,T2003,,Encounter / Trip,0.00,0.00,$0.00,0,0,0
,Transportation,,T2004,,Encounter,0.00,0.00,$0.00,0,0,0
,Transportation,,T2005,,Encounter,0.00,0.00,$0.00,0,0,0
,Out of Home Prevocational Service,,T2015,,Hour,0.00,0.00,$0.00,0,0,0
,Targeted Case Management (Children's Waiver),,T2023,,Month,0.00,0.00,$0.00,0,0,0
,Fiscal Intermediary Services,,T2025,,Month,38.00,385.00,"$52,334.00",1377,136,10
,Enhanced Medical Equipment-Supplies,,T2028,,Items,0.00,0.00,$0.00,0,0,0
,Enhanced Medical Equipment-Supplies,,T2029,,Items,0.00,0.00,$0.00,0,0,0
,Crisis Intervention,,T2034,,Days,0.00,0.00,$0.00,0,0,0
,Respite Care,,T2036,,Encounter / Trip. Per session. One night = one session,0.00,0.00,$0.00,0,0,0
,Respite Care,,T2037,,Encounter / Trip  Per session. One day/partial day = one session,0.00,0.00,$0.00,0,0,0
,Housing Assistance,,T2038,,Month   Service,2.00,5.00,"$3,063.00",1531,613,3
,Enhanced Medical Equipment-Supplies,,T2039,,Items,0.00,0.00,$0.00,0,0,0
,Pharmacy (Drugs and Other Biologicals),,,,,0.00,0.00,$0.00,0,0,0
,Other,,,,,0.00,0.00,$0.00,0,0,0
,Aggregate for 'J' Codes,,ALL,,,111.00,0.00,"$198,903.00",1792,0,0
Clinton Eaton Ingham,,,,,,,,,,,
,State Psychiatric Hospital - Inpatient PT22,"0100, 0101, 0114, 0124, 0134, 0154",,PT22,Days,83.00,"8,070.00","$3,177,156.00",38279,394,97
,State Mental Retardation Facility - Inpatient (ICF/MR) PT65,"0100, 0101, 0114, 0124, 0134, 0154",,PT65,Days,0.00,0.00,$0.00,0,0,0
,Local Psychiatric Hospital/IMD PT68,"0100, 0101, 0114, 0124, 0134, 0154",,PT68,Days,42.00,457.00,"$292,480.00",6964,640,11
,Local Psychiatric Hospital - Acute Community PT73,"0100, 0101, 0114, 0124, 0134, 0154",,PT73,Days,644.00,"7,060.00","$2,773,837.00",4307,393,11
,Inpatient Hospital Ancillary Services - Leave of Absence,0183,,,Days,0.00,0.00,$0.00,0,0,0
,Inpatient Hospital Ancillary Services - Pharmacy,"0250-0254, 0257-0258 ",,,,0.00,0.00,$0.00,0,0,0
,Inpatient Hospital Ancillary Services - Medical/Surgical Supplies and Devices,0270-0272,,,# of items,0.00,0.00,$0.00,0,0,0
,Inpatient Hospital Ancillary Services - Laboratory,"0300-0302, 0305-0307",,,# of tests,0.00,0.00,$0.00,0,0,0
,Inpatient Hospital Ancillary Services - Radiology,0320,,,# of tests,0.00,0.00,$0.00,0,0,0
,ECT Anesthesia,0370,,,,0.00,0.00,$0.00,0,0,0
,Inpatient Hospital Ancillary Services - Respiratory Services,0410,,,# of treatments,0.00,0.00,$0.00,0,0,0
,Inpatient Hospital Ancillary Services -Physical Therapy,0420-0424,,,# of treatments,0.00,0.00,$0.00,0,0,0
,Inpatient Hospital Ancillary Services - Occupational Therapy,0430-0434,,,# of treatments,0.00,0.00,$0.00,0,0,0
,Inpatient Hospital Ancillary Services - Speech-Language Pathology,0440-0444,,,# of treatments,0.00,0.00,$0.00,0,0,0
,Inpatient Hospital Ancillary Services - Emergency Room,0450,,,# of visits,0.00,0.00,$0.00,0,0,0
,Inpatient Hospital Ancillary Services - Pulmonary Function,0460,,,# of tests,0.00,0.00,$0.00,0,0,0
,Inpatient Hospital Ancillary Services - Audiology,0470-0472,,,# of tests,0.00,0.00,$0.00,0,0,0
,Inpatient Hospital Ancillary Services - Magnetic Resonance Technology (MRT),0610-0611,,,# of tests,0.00,0.00,$0.00,0,0,0
,Inpatient Hospital Ancillary Services - Pharmacy,0636,,,# of units,0.00,0.00,$0.00,0,0,0
,ECT Recovery Room,0701,,,,0.00,0.00,$0.00,0,0,0
,Inpatient Hospital Ancillary Services -EKG/ECG,0730-0731,,,# of tests,0.00,0.00,$0.00,0,0,0
,Inpatient Hospital Ancillary Services - EEG,0740,,,# of tests,0.00,0.00,$0.00,0,0,0
,Crisis Observation Care,0762,,,Hour,0.00,0.00,$0.00,0,0,0
,Additional Codes-ECT Facility Charge,0901,,,Encounter,0.00,0.00,$0.00,0,0,0
,Inpatient Hospital Ancillary Services - Psychiatric/Psychological Treatments/Services,"0900, 0902-0904, 0911, 0914-0919",,,# of visits,0.00,0.00,$0.00,0,0,0
,Outpatient Partial Hospitalization,0912,,,Days,0.00,0.00,$0.00,0,0,0
,Outpatient Partial Hospitalization,0913,,,Days,0.00,0.00,$0.00,0,0,0
,Inpatient Hospital Ancillary Services - Other Diagnosis Services,0925,,,# of tests,0.00,0.00,$0.00,0,0,0
,Inpatient Hospital Ancillary Services - Other Therapeutic Services,0940-0942,,,# of visits,0.00,0.00,$0.00,0,0,0
,Additional Codes-ECT Anesthesia,,00104,,Minutes,0.00,0.00,$0.00,0,0,0
,Drug Screen for Methadone Clients Only,,80100,,Per Screen,0.00,0.00,$0.00,0,0,0
,Drug Screen for Methadone Clients Only,,80101,,Per Screen,0.00,0.00,$0.00,0,0,0
,Alcohol Breath Test for Methadone Clients Only,,82075,,Per Test,0.00,0.00,$0.00,0,0,0
,Medication Administration,,90772,,Encounter,269.00,"1,331.00","$91,156.00",339,68,5
,Assessment-Psychiatric Assessment,,90801,,Encounter,374.00,399.00,"$133,566.00",357,335,1
,Substance Abuse: Psychiatric Evaluation,,90801,,Encounter,0.00,0.00,$0.00,0,0,0
,Assessment-Psychiatric Assessment,,90802,,Encounter,0.00,0.00,$0.00,0,0,0
,Substance Abuse: Psychiatric Evaluation,,90802,,Encounter,0.00,0.00,$0.00,0,0,0
,Therapy-Individual Therapy,,90804,,Encounter 20-30 Min,177.00,324.00,"$35,740.00",202,110,2
,Substance Abuse: Outpatient Treatment,"0900, 0914, 0915, 0916, 0919",90804,,Encounter 20-30 Min,0.00,0.00,$0.00,0,0,0
Clinton Eaton Ingham,,,,,,,,,,,
,Therapy-Individual Therapy,,90805,,Encounter 20-30 Min,0.00,0.00,$0.00,0,0,0
,Substance Abuse: Outpatient Treatment,"0900, 0914, 0915, 0916, 0919",90805,,Encounter 20-30 Min,0.00,0.00,$0.00,0,0,0
,Therapy-Individual Therapy,,90806,,Encounter 45-50 Min,346.00,"1,757.00","$322,943.00",933,184,5
,Substance Abuse: Outpatient Treatment,"0900, 0914, 0915, 0916, 0919",90806,,Encounter 45-50 Min,0.00,0.00,$0.00,0,0,0
,Therapy-Individual Therapy,,90807,,Encounter 45-50 Min,0.00,0.00,$0.00,0,0,0
,Substance Abuse: Outpatient Treatment,"0900, 0914, 0915, 0916, 0919",90807,,Encounter 45-50 Min,0.00,0.00,$0.00,0,0,0
,Therapy-Individual Therapy,,90808,,Encounter 75-80 Min,15.00,24.00,"$7,038.00",469,293,2
,Substance Abuse: Outpatient Treatment,"0900, 0914, 0915, 0916, 0919",90808,,Encounter 75-80 Min,0.00,0.00,$0.00,0,0,0
,Therapy-Individual Therapy,,90809,,Encounter 75-80 Min,0.00,0.00,$0.00,0,0,0
,Substance Abuse: Outpatient Treatment,"0900, 0914, 0915, 0916, 0919",90809,,Encounter 75-80 Min,0.00,0.00,$0.00,0,0,0
,Therapy-Individual Therapy,,90810,,Encounter 20-30 Min,0.00,0.00,$0.00,0,0,0
,Substance Abuse: Outpatient Treatment,"0900, 0914, 0915, 0916, 0919",90810,,Encounter 20-30 Min,0.00,0.00,$0.00,0,0,0
,Therapy-Individual Therapy,,90811,,Encounter 20-30 Min,0.00,0.00,$0.00,0,0,0
,Substance Abuse: Outpatient Treatment,"0900, 0914, 0915, 0916, 0919",90811,,Encounter 20-30 Min,0.00,0.00,$0.00,0,0,0
,Therapy-Individual Therapy,,90812,,Encounter 45-50 Min,0.00,0.00,$0.00,0,0,0
,Substance Abuse: Outpatient Treatment,"0900, 0914, 0915, 0916, 0919",90812,,Encounter 45-50 Min,0.00,0.00,$0.00,0,0,0
,Therapy-Individual Therapy,,90813,,Encounter 45-50 Min,0.00,0.00,$0.00,0,0,0
,Substance Abuse: Outpatient Treatment,"0900, 0914, 0915, 0916, 0919",90813,,Encounter 45-50 Min,0.00,0.00,$0.00,0,0,0
,Therapy-Individual Therapy,,90814,,Encounter 75-80 Min,0.00,0.00,$0.00,0,0,0
,Substance Abuse: Outpatient Treatment,"0900, 0914, 0915, 0916, 0919",90814,,Encounter 75-80 Min,0.00,0.00,$0.00,0,0,0
,Therapy-Individual Therapy,,90815,,Encounter 75-80 Min,0.00,0.00,$0.00,0,0,0
,Substance Abuse: Outpatient Treatment,"0900, 0914, 0915, 0916, 0919",90815,,Encounter 75-80 Min,0.00,0.00,$0.00,0,0,0
,Therapy-Individual Therapy,,90816,,Encounter 20-30 Min,0.00,0.00,$0.00,0,0,0
,Therapy-Individual Therapy,,90817,,Encounter 20-30 Min,0.00,0.00,$0.00,0,0,0
,Therapy-Individual Therapy,,90818,,Encounter 45-50 Min,0.00,0.00,$0.00,0,0,0
,Therapy-Individual Therapy,,90819,,Encounter 45-50 Min,0.00,0.00,$0.00,0,0,0
,Therapy-Individual Therapy,,90821,,Encounter 75-80 Min,0.00,0.00,$0.00,0,0,0
,Therapy-Individual Therapy,,90822,,Encounter 75-80 Min,0.00,0.00,$0.00,0,0,0
,Therapy-Individual Therapy,,90823,,Encounter 20-30 Min,0.00,0.00,$0.00,0,0,0
,Therapy-Individual Therapy,,90824,,Encounter 20-30 Min,0.00,0.00,$0.00,0,0,0
,Therapy-Individual Therapy,,90826,,Encounter 45-50 Min,0.00,0.00,$0.00,0,0,0
,Substance Abuse: Psychotherapy (Individual Therapy),,90826,,Encounter 45-50 Min,0.00,0.00,$0.00,0,0,0
,Therapy-Individual Therapy,,90827,,Encounter 45-50 Min,0.00,0.00,$0.00,0,0,0
,Therapy-Individual Therapy,,90828,,Encounter 75-80 Min,0.00,0.00,$0.00,0,0,0
,Therapy-Individual Therapy,,90829,,Encounter 75-80 Min,0.00,0.00,$0.00,0,0,0
,Therapy-Family Therapy,,90846,,Encounter,4.00,4.00,"$1,046.00",262,262,1
,Therapy-Family Therapy,,90847,,Encounter,15.00,62.00,"$12,381.00",825,200,4
,Substance Abuse: Outpatient Treatment,"0900, 0906, 0914, 0915, 0916, 0919",90847,,Encounter,0.00,0.00,$0.00,0,0,0
,Therapy-Family Therapy,,90849,,Encounter,0.00,0.00,$0.00,0,0,0
,Therapy-Family Therapy,,90849,HS,Encounter,0.00,0.00,$0.00,0,0,0
Clinton Eaton Ingham,,,,,,,,,,,
,Therapy-Group Therapy,,90853,,Encounter,63.00,585.00,"$84,770.00",1346,145,9
,Substance Abuse: Outpatient Treatment,"0900, 0906, 0914, 0915, 0916, 0919",90853,,Encounter,0.00,0.00,$0.00,0,0,0
,Therapy-Group Therapy,,90857,,Encounter,0.00,0.00,$0.00,0,0,0
,Substance Abuse: Outpatient Treatment,"0900, 0906, 0914, 0915, 0916, 0919",90857,,Encounter,0.00,0.00,$0.00,0,0,0
,Medication Review ,,90862,,Encounter,"1,703.00","8,703.00","$1,368,963.00",804,157,5
,Substance Abuse: Medication Review,"0900, 0914, 0915, 0916, 0919",90862,,Encounter,0.00,0.00,$0.00,0,0,0
,Additional Codes-ECT Physician,,90870,,Encounter,6.00,22.00,"$1,372.00",229,62,4
,Additional Codes-ECT Physician,0901,90870,,Encounter,0.00,0.00,$0.00,0,0,0
,Assessments-Other,,90887,,Encounter,17.00,29.00,"$11,805.00",694,407,2
,Speech & Language Therapy ,,92506,,Encounter,0.00,0.00,$0.00,0,0,0
,Speech & Language Therapy ,,92507,,Encounter,0.00,0.00,$0.00,0,0,0
,Speech & Language Therapy ,,92508,,Encounter,0.00,0.00,$0.00,0,0,0
,Speech & Language Therapy ,,92526,,Encounter,0.00,0.00,$0.00,0,0,0
,Speech & Language Therapy ,,92610,,Encounter,0.00,0.00,$0.00,0,0,0
,Evaluation of Auditory Rehabilitation Status (Children's Waiver),,92626,,First Hour,0.00,0.00,$0.00,0,0,0
,Evaluation of Auditory Rehabiliation Status (Children's Waiver),,92627,,Each Additional 15 Minutes,0.00,0.00,$0.00,0,0,0
,Auditory Rehabilitation Preling Hearing Loss (Children's Waiver),,92630,,Encounter,0.00,0.00,$0.00,0,0,0
,Auditory Rehabilitation; Post-Lingual Hearing Loss (Children's Waiver),,92633,,Encounter,0.00,0.00,$0.00,0,0,0
,Psychological Testing PSYCH/PHYS ,,96101,,Per Hour,0.00,0.00,$0.00,0,0,0
,Psychological Testing by Technician ,,96102,,Per Hour,0.00,0.00,$0.00,0,0,0
,Psychological Testing by Comp ,,96103,,Per Hour,0.00,0.00,$0.00,0,0,0
,Assessments-Other,,96105,,Encounter,0.00,0.00,$0.00,0,0,0
,Assessments-Other,,96110,,Encounter,0.00,0.00,$0.00,0,0,0
,Assessments-Other,,96111,,Encounter,0.00,0.00,$0.00,0,0,0
,Neurobehavioral Status Exam (Children's Waiver),,96116,,Per Hour,0.00,0.00,$0.00,0,0,0
,Neuropsych test by Psych/Phys ,,96118,,Per Hour,0.00,0.00,$0.00,0,0,0
,Neuropsych test by Tech ,,96119,,Per Hour,0.00,0.00,$0.00,0,0,0
,Neuropsych test Admin w/Comp ,,96120,,Per Hour,0.00,0.00,$0.00,0,0,0
,Medication Administration,,96372,,Encounter,315.00,"3,755.00","$246,104.00",781,66,12
,Physical Therapy,,97001,,Encounter,0.00,0.00,$0.00,0,0,0
,Physical Therapy,,97002,,Encounter,0.00,0.00,$0.00,0,0,0
,Occupational Therapy,,97003,,Encounter,0.00,0.00,$0.00,0,0,0
,Occupational Therapy,,97004,,Encounter,0.00,0.00,$0.00,0,0,0
,Occupational or Physical Therapy,,97110,,15 Minutes,0.00,0.00,$0.00,0,0,0
,Occupational or Physical Therapy,,97112,,15 Minutes,0.00,0.00,$0.00,0,0,0
,Occupational or Physical Therapy,,97113,,15 Minutes,0.00,0.00,$0.00,0,0,0
,Occupational or Physical Therapy,,97116,,15 Minutes,0.00,0.00,$0.00,0,0,0
,Occupational or Physical Therapy,,97124,,15 Minutes,0.00,0.00,$0.00,0,0,0
,Occupational or Physical Therapy,,97140,,15 Minutes,0.00,0.00,$0.00,0,0,0
,Occupational or Physical Therapy,,97150,,Encounter,0.00,0.00,$0.00,0,0,0
,Occupational or Physical Therapy,,97530,,15 Minutes,0.00,0.00,$0.00,0,0,0
,Occupational or Physical Therapy,,97532,,15 Minutes,0.00,0.00,$0.00,0,0,0
,Occupational or Physical Therapy,,97533,,15 Minutes,0.00,0.00,$0.00,0,0,0
,Occupational or Physical Therapy,,97535,,15 Minutes,0.00,0.00,$0.00,0,0,0
,Occupational or Physical Therapy,,97537,,15 Minutes,3.00,5.00,$279.00,93,56,2
,Occupational or Physical Therapy,,97542,,15 Minutes,0.00,0.00,$0.00,0,0,0
,Occupational Therapy,,97703,,15 Minutes,0.00,0.00,$0.00,0,0,0
Clinton Eaton Ingham,,,,,,,,,,,
,Occupational Therapy,,97750,,15 Minutes,0.00,0.00,$0.00,0,0,0
,Occupational Therapy,,97755,,15 Minutes,0.00,0.00,$0.00,0,0,0
,Occupational Therapy,,97760,,15 Minutes,0.00,0.00,$0.00,0,0,0
,C/O for Orthotic/Prosth Use ,,97762,,15 minutes,0.00,0.00,$0.00,0,0,0
,Assessment or Health Services,,97802,,15 Minutes,14.00,37.00,"$2,830.00",202,76,3
,Assessment or Health Services,,97803,,15 Minutes,19.00,44.00,"$1,812.00",95,41,2
,Health Services,,97804,,30 Minutes,34.00,68.00,$616.00,18,9,2
,Additional Codes-Physician Services,,99201,,Encounter,0.00,0.00,$0.00,0,0,0
,Additional Codes-Physician Services,,99202,,Encounter,0.00,0.00,$0.00,0,0,0
,Additional Codes-Physician Services,,99203,,Encounter,0.00,0.00,$0.00,0,0,0
,Additional Codes-Physician Services,,99204,,Encounter,0.00,0.00,$0.00,0,0,0
,Additional Codes-Physician Services,,99205,,Encounter,0.00,0.00,$0.00,0,0,0
,Additional Codes-Physician Services  Medication Administration,,99211,,Encounter,0.00,0.00,$0.00,0,0,0
,Additional Codes-Physician Services,,99212,,Encounter,0.00,0.00,$0.00,0,0,0
,Additional Codes-Physician Services,,99213,,Encounter,0.00,0.00,$0.00,0,0,0
,Additional Codes-Physician Services,,99214,,Encounter,0.00,0.00,$0.00,0,0,0
,Additional Codes-Physician Services,,99215,,Encounter,0.00,0.00,$0.00,0,0,0
,Additional Codes-Physician Services,,99221,,30 Minutes,0.00,0.00,$0.00,0,0,0
,Additional Codes-Physician Services,,99222,,50 Minutes,0.00,0.00,$0.00,0,0,0
,Additional Codes-Physician Services,,99223,,70 Minutes,0.00,0.00,$0.00,0,0,0
,Additional Codes-Physician Services,,99231,,15 Minutes,0.00,0.00,$0.00,0,0,0
,Additional Codes-Physician Services,,99232,,25 minutes,0.00,0.00,$0.00,0,0,0
,Additional Codes-Physician Services,,99233,,35 Minutes,0.00,0.00,$0.00,0,0,0
,Additional Codes-Physician Services,,99238,,30 Minutes or less,0.00,0.00,$0.00,0,0,0
,Additional Codes-Physician Services,,99241,,Encounter,0.00,0.00,$0.00,0,0,0
,Additional Codes-Physician Services,,99242,,Encounter,0.00,0.00,$0.00,0,0,0
,Additional Codes-Physician Services,,99243,,Encounter,0.00,0.00,$0.00,0,0,0
,Additional Codes-Physician Services,,99244,,Encounter,0.00,0.00,$0.00,0,0,0
,Additional Codes-Physician Services,,99245,,Encounter,0.00,0.00,$0.00,0,0,0
,Additional Codes-Physician Services,,99251,,Encounter,0.00,0.00,$0.00,0,0,0
,Additional Codes-Physician Services,,99252,,Encounter,0.00,0.00,$0.00,0,0,0
,Additional Codes-Physician Services,,99253,,Encounter,0.00,0.00,$0.00,0,0,0
,Additional Codes-Physician Services,,99254,,Encounter,0.00,0.00,$0.00,0,0,0
,Additional Codes-Physician Services,,99255,,Encounter,0.00,0.00,$0.00,0,0,0
,Additional Codes-Physician Services,,99261,,Encounter,0.00,0.00,$0.00,0,0,0
,Additional Codes-Physician Services,,99262,,Encounter,0.00,0.00,$0.00,0,0,0
,Additional Codes-Physician Services,,99263,,Encounter,0.00,0.00,$0.00,0,0,0
,Additional Codes-Physician Services,,99271,,Encounter,0.00,0.00,$0.00,0,0,0
,Additional Codes-Physician Services,,99272,,Encounter,0.00,0.00,$0.00,0,0,0
,Additional Codes-Physician Services,,99273,,Encounter,0.00,0.00,$0.00,0,0,0
,Additional Codes-Physician Services,,99274,,Encounter,0.00,0.00,$0.00,0,0,0
,Additional Codes-Physician Services,,99275,,Encounter,0.00,0.00,$0.00,0,0,0
,Medication Administration,,99605,,Encounter,0.00,0.00,$0.00,0,0,0
,Transportation,,A0080,,Per mile,0.00,0.00,$0.00,0,0,0
,Transportation,,A0090,,Per mile,0.00,0.00,$0.00,0,0,0
,Transportation,,A0100,,Per one-way trip,0.00,0.00,$0.00,0,0,0
,Transportation,,A0110,,Per one-way trip,0.00,0.00,$0.00,0,0,0
,Transportation,,A0120,,Per one-way trip,0.00,0.00,$0.00,0,0,0
,Transportation,,A0130,,Per one-way trip,0.00,0.00,$0.00,0,0,0
,Transportation,,A0140,,Per one-way trip,0.00,0.00,$0.00,0,0,0
Clinton Eaton Ingham,,,,,,,,,,,
,Transportation,,A0170,,,0.00,0.00,$0.00,0,0,0
,Additional Codes-Transportation,,A0425,,Per Mile,215.00,"7,951.00","$81,382.00",379,10,37
,Additional Codes-Transportation,,A0427,,Refer to code descriptions.,0.00,0.00,$0.00,0,0,0
,Additional codes - Transportation,,A0428,,,216.00,290.00,"$2,968.00",14,10,1
,Repair or Non-Routine Service for DME (Children's Waiver),,E1340,,15 Minutes,0.00,0.00,$0.00,0,0,0
,Enhanced Medical Equipment-Supplies,,E1399,,Items,0.00,0.00,$0.00,0,0,0
,Activity Therapy (Children's Waiver),,G0176,,Encounter,0.00,0.00,$0.00,0,0,0
,Family Training/Support EBP only,,G0177,,Encounter Session at least 45 min,13.00,155.00,"$52,987.00",4076,342,12
,Substance Abuse: Individual Assessment,,H0001,,Encounter,0.00,0.00,$0.00,0,0,0
,Assessment ,,H0002,,Encounter,0.00,0.00,$0.00,0,0,0
,Substance Abuse: Individual Assessment,,H0002,,Encounter,0.00,0.00,$0.00,0,0,0
,Substance Abuse:Laboratory,,H0003,,Encounter,0.00,0.00,$0.00,0,0,0
,Substance Abuse: Outpatient Treatment,"0900, 0906, 0914, 0915, 0916, 0919",H0004,,15 Minutes,0.00,0.00,$0.00,0,0,0
,Substance Abuse: Outpatient Treatment,"0900, 0906, 0914, 0915, 0916, 0919",H0005,,Encounter,0.00,0.00,$0.00,0,0,0
,Substance Abuse: Case Management,,H0006,,Encounter,0.00,0.00,$0.00,0,0,0
,Substance Abuse: Sub-Acute Detoxification,1002,H0010,,Days,0.00,0.00,$0.00,0,0,0
,Substance Abuse: Sub-Acute Detoxification,1002,H0012,,Days,0.00,0.00,$0.00,0,0,0
,Substance Abuse: Sub-Acute Detoxification,1002,H0014,,Days,0.00,0.00,$0.00,0,0,0
,Substance Abuse: Outpatient Care,"0900, 0906, 0914, 0915, 0916, 0919",H0015,,Days,0.00,0.00,$0.00,0,0,0
,Crisis Residential Services,,H0018,,Days,373.00,"4,401.00","$952,954.00",2555,217,12
,Substance Abuse: Residential,1002,H0018,,Days,0.00,0.00,$0.00,0,0,0
,Substance Abuse: Residential,1002,H0019,,Days,0.00,0.00,$0.00,0,0,0
,Substance Abuse: Methadone,,H0020,,Encounter,0.00,0.00,$0.00,0,0,0
,Substance Abuse: Early Intervention,,H0022,,Encounter,0.00,0.00,$0.00,0,0,0
,Peer Directed and Operated Support Services,,H0023,,Encounter,0.00,0.00,$0.00,0,0,0
,Prevention Services - Direct Model,,H0025,,Face to Face Contact,24.00,104.00,"$23,063.00",961,222,4
,Crisis Intervention,,H0030,,Per Service,0.00,0.00,$0.00,0,0,0
,Assessment ,,H0031,,Encounter,"1,624.00","1,996.00","$622,582.00",383,312,1
,Substance Abuse: Assessment,,H0031,,Encounter,0.00,0.00,$0.00,0,0,0
,Treatment Planning,,H0032,,Encounter,38.00,38.00,"$32,599.00",858,858,1
,Monitoring of Treatment - Clinician,,H0032,TS,Encounter,0.00,0.00,$0.00,0,0,0
,Substance Abuse: Pharmalogical Support - Suboxane,,H0033,,Direct Observation Encounter,0.00,0.00,$0.00,0,0,0
,Health Services,,H0034,,15 Minutes,373.00,"2,794.00","$267,986.00",718,96,7
,Home Based Services,,H0036,,15 Minutes,110.00,"7,691.00","$3,470,305.00",31548,451,70
,Home Based Services,,H0036,ST,15 Minutes,0.00,0.00,$0.00,0,0,0
,Community Psychiatric Supportive Treatment ,,H0037,,Per diem,0.00,0.00,$0.00,0,0,0
,Peer Directed and Operated Support Services,,H0038,,15 minutes,291.00,"6,898.00","$235,168.00",808,34,24
,Peer Directed and Operated Support Services,,NA,,,0.00,0.00,$0.00,0,0,0
,Assertive Community Treatment (ACT),,H0039,,15 Minutes,88.00,"14,707.00","$979,968.00",11136,67,167
,Community Living Supports in Independent living/own home,,H0043,,Per diem,0.00,0.00,$0.00,0,0,0
,Community Living Supports in Independent living/own home,,H0043,TT,Per diem,0.00,0.00,$0.00,0,0,0
,Respite,,H0045,,Days,0.00,0.00,$0.00,0,0,0
,Respite (Children's Waiver),,H0045,TD,Per Diem,0.00,0.00,$0.00,0,0,0
,Respite (Children's Waiver),,H0045,TE,Per Diem,0.00,0.00,$0.00,0,0,0
,Substance Abuse:Laboratory (cells now unlocked),,H0048,,Encounter,0.00,0.00,$0.00,0,0,0
,Substance Abuse: Individual Assessment,,H0049,,Encounter,0.00,0.00,$0.00,0,0,0
,Behavior Treatment Plan Review,,H2000,,Encounter,0.00,0.00,$0.00,0,0,0
,Behavior Treatment Plan Review - Monitoring Activities,,H2000,TS,Encounter,0.00,0.00,$0.00,0,0,0
Clinton Eaton Ingham,,,,,,,,,,,
,Comprehensive Medication Services - EBP only,,H2010,,15 minutes,0.00,0.00,$0.00,0,0,0
,Crisis Intervention,,H2011,,15 Minutes,"1,843.00","10,764.00","$1,523,147.00",826,142,6
,Skill-Building and Out of Home Non Vocational Habilitation,,H2014,,15 minutes,5.00,18.00,$59.00,12,3,4
,Skill-Building and Out of Home Non Vocational Habilitation,,H2014,TT,15 Minutes,0.00,0.00,$0.00,0,0,0
,Community Living Supports (15 Minutes),,H2015,,15 Minutes,544.00,"87,582.00","$363,979.00",669,4,161
,Community Living Supports (15 Minutes),,H2015,TT,15 Minutes,0.00,0.00,$0.00,0,0,0
,Community Living Supports (Daily),,H2016,,Per Diem,42.00,"10,971.00","$269,933.00",6427,25,261
,Community Living Supports (Daily),,H2016,TF,Per Diem,32.00,"8,238.00","$474,996.00",14844,58,257
,Community Living Supports (Daily),,H2016,TG,Per Diem,89.00,"24,528.00","$3,283,739.00",36896,134,276
,Behavior Services,,H2019,,15 Minutes,0.00,0.00,$0.00,0,0,0
,Behavior Services,,H2019,TT,15 Minutes,0.00,0.00,$0.00,0,0,0
,Crisis Intervention,,H2020,,Days,0.00,0.00,$0.00,0,0,0
,Wraparound,,H2021,,15 Minutes,1.00,23.00,"$1,695.00",1695,74,23
,Wraparound,,H2022,,Days,0.00,0.00,$0.00,0,0,0
,Supported Employment Services,,H2023,,15 minutes,143.00,"2,394.00","$130,017.00",909,54,17
,Supported Employment Services,,H2023,TT,15 Minutes,0.00,0.00,$0.00,0,0,0
,Mental Health Therapy,,H2027,,15 Minutes,0.00,0.00,$0.00,0,0,0
,Clubhouse Psychosocial Rehabilitation Programs ,,H2030,,15 Minutes,108.00,"127,545.00","$557,534.00",5162,4,1181
,Home Based Services,,H2033,,15 Minutes,0.00,0.00,$0.00,0,0,0
,Substance Abuse: Outpatient Care,"0900, 0906, 0914, 0915, 0916, 0919",H2035,,Hour,0.00,0.00,$0.00,0,0,0
,Substance Abuse: Outpatient Care,"0900, 0906, 0914, 0915, 0916, 0919",H2036,,Per Diem,0.00,0.00,$0.00,0,0,0
,Medication Review ,,M0064,,"Encounter Face-to-Face, generally less than 10 minutes",0.00,0.00,$0.00,0,0,0
,Transportation,,S0209,,Per Mile,0.00,0.00,$0.00,0,0,0
,Transportation,,S0215,,Per Mile,0.00,0.00,$0.00,0,0,0
,Family Training - EBP,,S5110,,15 Minutes,10.00,182.00,"$5,449.00",545,30,18
,Family Training,,S5111,,Encounter,0.00,0.00,$0.00,0,0,0
,Family Training,,S5111,HA,Encounter,0.00,0.00,$0.00,0,0,0
,"Home Care Training, Non-Family (Children's Waiver)",,S5116,,Encounter,0.00,0.00,$0.00,0,0,0
,Chore Services,,S5120,,15 Minutes,0.00,0.00,$0.00,0,0,0
,Foster Care,,S5140,,Days,28.00,"8,689.00","$217,379.00",7764,25,310
,Foster Care,,S5145,,Days,0.00,0.00,$0.00,0,0,0
,Respite,,S5150,,15 Minutes,1.00,28.00,$332.00,332,12,28
,Respite,,S5151,,Per Diem,0.00,0.00,$0.00,0,0,0
,Personal Emergency Response System (PERS),,S5160,,Encounter,0.00,0.00,$0.00,0,0,0
,Personal Emergency Response System (PERS),,S5161,,Month,0.00,0.00,$0.00,0,0,0
,Environmental Modification ,,S5165,,Service,0.00,0.00,$0.00,0,0,0
,Enhanced Medical Equipment-Supplies,,S5199,,Items,0.00,0.00,$0.00,0,0,0
,Occupational or Physical Therapy,,S8990,,Encounter,0.00,0.00,$0.00,0,0,0
,Private Duty Nursing,0582,S9123,,Hour,0.00,0.00,$0.00,0,0,0
,Private Duty Nursing,,S9123,,Hour,0.00,0.00,$0.00,0,0,0
,Private Duty Nursing,,S9123,TT,Hour,0.00,0.00,$0.00,0,0,0
,Private Duty Nursing,0582,S9124,,Hour,0.00,0.00,$0.00,0,0,0
,Private Duty Nursing,,S9124,,Hour,0.00,0.00,$0.00,0,0,0
,Private Duty Nursing,,S9124,TT,Hour,0.00,0.00,$0.00,0,0,0
,Respite Care in the Home (RN) (Children's Waiver),,S9125,TD,Per Diem,0.00,0.00,$0.00,0,0,0
,Respite Care in the Home (LPN) (Children's Waiver),,S9125,TE,Per Diem,0.00,0.00,$0.00,0,0,0
,Health Services,,S9445,,Encounter,331.00,"1,091.00","$59,325.00",179,54,3
,Health Services,,S9446,,Encounter,0.00,0.00,$0.00,0,0,0
Clinton Eaton Ingham,,,,,,,,,,,
,Health Services,,S9470,,Encounter,0.00,0.00,$0.00,0,0,0
,Intensive Crisis Stabilization-Enrolled Program,,S9484,,Hour,0.00,0.00,$0.00,0,0,0
,Reidential Room and Board,,S9976,,Days,373.00,"4,402.00","$776,175.00",2081,176,12
,Private Duty Nursing,,T1000,,Up to 15 min,0.00,0.00,$0.00,0,0,0
,Private Duty Nursing,,T1000,TD,Up to 15 min,0.00,0.00,$0.00,0,0,0
,Private Duty Nursing,,T1000,TE,Up to 15 min,0.00,0.00,$0.00,0,0,0
,Assessment,,T1001,,Encounter,120.00,136.00,"$18,551.00",155,136,1
,Health Services,,T1002,,Up to 15 min,764.00,"2,573.00","$137,851.00",180,54,3
,Respite Care,,T1005,,15 Minutes,5.00,69.00,$199.00,40,3,14
,Respite Care,,T1005,TD,15 Minutes,0.00,0.00,$0.00,0,0,0
,Respite Care,,T1005,TE,15 Minutes,0.00,0.00,$0.00,0,0,0
,Substance Abuse: Recovery Support Services,"0900, 0906, 0914, 0915, 0916, 0919",T1012,,Encounter,0.00,0.00,$0.00,0,0,0
,Family Psycho-Education - EBP,,T1015,,Encounter,23.00,51.00,"$3,363.00",146,66,2
,Supports Coordination/Wrap Facilitation,,T1016,,15 minutes,0.00,0.00,$0.00,0,0,0
,Targeted Case Management ,,T1017,,15 minutes,"1,351.00","53,595.00","$3,588,049.00",2656,67,40
,Nursing Home Mental Health Monitoring,,T1017,SE,15 minutes,75.00,"2,596.00","$175,359.00",2338,68,35
,Personal Care in Licensed Specialized Residential Setting,,T1020,,Days,142.00,"41,289.00","$382,312.00",2692,9,291
,Personal Care in Licensed Specialized Residential Setting,,T1020,TF,Days,6.00,"1,191.00","$68,286.00",11381,57,199
,Personal Care in Licensed Specialized Residential Setting,,T1020,TG,Days,5.00,"1,272.00","$173,223.00",34645,136,254
,Assessments,,T1023,,Encounter,35.00,38.00,"$10,332.00",295,272,1
,Enhanced Medical Supplies or Pharmacy,,T1999,,Items,0.00,0.00,$0.00,0,0,0
,Transportation,,T2001,,Encounter,0.00,0.00,$0.00,0,0,0
,Transportation,,T2002,,Per Diem,0.00,0.00,$0.00,0,0,0
,Transportation,,T2003,,Encounter / Trip,0.00,0.00,$0.00,0,0,0
,Transportation,,T2004,,Encounter,0.00,0.00,$0.00,0,0,0
,Transportation,,T2005,,Encounter,0.00,0.00,$0.00,0,0,0
,Out of Home Prevocational Service,,T2015,,Hour,0.00,0.00,$0.00,0,0,0
,Targeted Case Management (Children's Waiver),,T2023,,Month,0.00,0.00,$0.00,0,0,0
,Fiscal Intermediary Services,,T2025,,Month,0.00,0.00,$0.00,0,0,0
,Enhanced Medical Equipment-Supplies,,T2028,,Items,0.00,0.00,$0.00,0,0,0
,Enhanced Medical Equipment-Supplies,,T2029,,Items,0.00,0.00,$0.00,0,0,0
,Crisis Intervention,,T2034,,Days,0.00,0.00,$0.00,0,0,0
,Respite Care,,T2036,,Encounter / Trip. Per session. One night = one session,0.00,0.00,$0.00,0,0,0
,Respite Care,,T2037,,Encounter / Trip  Per session. One day/partial day = one session,0.00,0.00,$0.00,0,0,0
,Housing Assistance,,T2038,,Month   Service,0.00,0.00,$0.00,0,0,0
,Enhanced Medical Equipment-Supplies,,T2039,,Items,0.00,0.00,$0.00,0,0,0
,Pharmacy (Drugs and Other Biologicals),,,,,0.00,0.00,$0.00,0,0,0
,Other,,,,,0.00,0.00,$0.00,0,0,0
,Aggregate for 'J' Codes,,ALL,,,0.00,0.00,$0.00,0,0,0
CMH for Central Michigan,,,,,,,,,,,
,State Psychiatric Hospital - Inpatient PT22,"0100, 0101, 0114, 0124, 0134, 0154",,PT22,Days,42.00,"3,413.00","$1,231,833.00",29329,361,81
,State Mental Retardation Facility - Inpatient (ICF/MR) PT65,"0100, 0101, 0114, 0124, 0134, 0154",,PT65,Days,0.00,219.00,"$109,062.00",0,498,0
,Local Psychiatric Hospital/IMD PT68,"0100, 0101, 0114, 0124, 0134, 0154",,PT68,Days,397.00,"2,662.00","$1,973,471.00",4971,741,7
,Local Psychiatric Hospital - Acute Community PT73,"0100, 0101, 0114, 0124, 0134, 0154",,PT73,Days,0.00,0.00,$0.00,0,0,0
,Inpatient Hospital Ancillary Services - Leave of Absence,0183,,,Days,0.00,0.00,$0.00,0,0,0
,Inpatient Hospital Ancillary Services - Pharmacy,"0250-0254, 0257-0258 ",,,,0.00,0.00,$0.00,0,0,0
,Inpatient Hospital Ancillary Services - Medical/Surgical Supplies and Devices,0270-0272,,,# of items,0.00,0.00,$0.00,0,0,0
,Inpatient Hospital Ancillary Services - Laboratory,"0300-0302, 0305-0307",,,# of tests,0.00,0.00,$0.00,0,0,0
,Inpatient Hospital Ancillary Services - Radiology,0320,,,# of tests,0.00,0.00,$0.00,0,0,0
,ECT Anesthesia,0370,,,,0.00,0.00,$0.00,0,0,0
,Inpatient Hospital Ancillary Services - Respiratory Services,0410,,,# of treatments,0.00,0.00,$0.00,0,0,0
,Inpatient Hospital Ancillary Services -Physical Therapy,0420-0424,,,# of treatments,0.00,0.00,$0.00,0,0,0
,Inpatient Hospital Ancillary Services - Occupational Therapy,0430-0434,,,# of treatments,0.00,0.00,$0.00,0,0,0
,Inpatient Hospital Ancillary Services - Speech-Language Pathology,0440-0444,,,# of treatments,0.00,0.00,$0.00,0,0,0
,Inpatient Hospital Ancillary Services - Emergency Room,0450,,,# of visits,0.00,0.00,$0.00,0,0,0
,Inpatient Hospital Ancillary Services - Pulmonary Function,0460,,,# of tests,0.00,0.00,$0.00,0,0,0
,Inpatient Hospital Ancillary Services - Audiology,0470-0472,,,# of tests,0.00,0.00,$0.00,0,0,0
,Inpatient Hospital Ancillary Services - Magnetic Resonance Technology (MRT),0610-0611,,,# of tests,0.00,0.00,$0.00,0,0,0
,Inpatient Hospital Ancillary Services - Pharmacy,0636,,,# of units,0.00,0.00,$0.00,0,0,0
,ECT Recovery Room,0701,,,,0.00,0.00,$0.00,0,0,0
,Inpatient Hospital Ancillary Services -EKG/ECG,0730-0731,,,# of tests,0.00,0.00,$0.00,0,0,0
,Inpatient Hospital Ancillary Services - EEG,0740,,,# of tests,0.00,0.00,$0.00,0,0,0
,Crisis Observation Care,0762,,,Hour,0.00,0.00,$0.00,0,0,0
,Additional Codes-ECT Facility Charge,0901,,,Encounter,0.00,0.00,$0.00,0,0,0
,Inpatient Hospital Ancillary Services - Psychiatric/Psychological Treatments/Services,"0900, 0902-0904, 0911, 0914-0919",,,# of visits,0.00,0.00,$0.00,0,0,0
,Outpatient Partial Hospitalization,0912,,,Days,0.00,0.00,$0.00,0,0,0
,Outpatient Partial Hospitalization,0913,,,Days,0.00,0.00,$0.00,0,0,0
,Inpatient Hospital Ancillary Services - Other Diagnosis Services,0925,,,# of tests,0.00,0.00,$0.00,0,0,0
,Inpatient Hospital Ancillary Services - Other Therapeutic Services,0940-0942,,,# of visits,0.00,0.00,$0.00,0,0,0
,Additional Codes-ECT Anesthesia,,00104,,Minutes,0.00,0.00,$0.00,0,0,0
,Drug Screen for Methadone Clients Only,,80100,,Per Screen,0.00,0.00,$0.00,0,0,0
,Drug Screen for Methadone Clients Only,,80101,,Per Screen,0.00,0.00,$0.00,0,0,0
,Alcohol Breath Test for Methadone Clients Only,,82075,,Per Test,0.00,0.00,$0.00,0,0,0
,Medication Administration,,90772,,Encounter,126.00,"1,149.00","$30,380.00",241,26,9
,Assessment-Psychiatric Assessment,,90801,,Encounter,678.00,697.00,"$137,539.00",203,197,1
,Substance Abuse: Psychiatric Evaluation,,90801,,Encounter,0.00,0.00,$0.00,0,0,0
,Assessment-Psychiatric Assessment,,90802,,Encounter,0.00,0.00,$0.00,0,0,0
,Substance Abuse: Psychiatric Evaluation,,90802,,Encounter,0.00,0.00,$0.00,0,0,0
,Therapy-Individual Therapy,,90804,,Encounter 20-30 Min,651.00,"1,371.00","$73,719.00",113,54,2
,Substance Abuse: Outpatient Treatment,"0900, 0914, 0915, 0916, 0919",90804,,Encounter 20-30 Min,0.00,0.00,$0.00,0,0,0
CMH for Central Michigan,,,,,,,,,,,
,Therapy-Individual Therapy,,90805,,Encounter 20-30 Min,322.00,783.00,"$109,111.00",339,139,2
,Substance Abuse: Outpatient Treatment,"0900, 0914, 0915, 0916, 0919",90805,,Encounter 20-30 Min,0.00,0.00,$0.00,0,0,0
,Therapy-Individual Therapy,,90806,,Encounter 45-50 Min,"2,840.00","18,903.00","$1,843,428.00",649,98,7
,Substance Abuse: Outpatient Treatment,"0900, 0914, 0915, 0916, 0919",90806,,Encounter 45-50 Min,0.00,0.00,$0.00,0,0,0
,Therapy-Individual Therapy,,90807,,Encounter 45-50 Min,8.00,8.00,"$1,382.00",173,173,1
,Substance Abuse: Outpatient Treatment,"0900, 0914, 0915, 0916, 0919",90807,,Encounter 45-50 Min,0.00,0.00,$0.00,0,0,0
,Therapy-Individual Therapy,,90808,,Encounter 75-80 Min,261.00,383.00,"$46,983.00",180,123,1
,Substance Abuse: Outpatient Treatment,"0900, 0914, 0915, 0916, 0919",90808,,Encounter 75-80 Min,0.00,0.00,$0.00,0,0,0
,Therapy-Individual Therapy,,90809,,Encounter 75-80 Min,0.00,0.00,$0.00,0,0,0
,Substance Abuse: Outpatient Treatment,"0900, 0914, 0915, 0916, 0919",90809,,Encounter 75-80 Min,0.00,0.00,$0.00,0,0,0
,Therapy-Individual Therapy,,90810,,Encounter 20-30 Min,0.00,0.00,$0.00,0,0,0
,Substance Abuse: Outpatient Treatment,"0900, 0914, 0915, 0916, 0919",90810,,Encounter 20-30 Min,0.00,0.00,$0.00,0,0,0
,Therapy-Individual Therapy,,90811,,Encounter 20-30 Min,0.00,0.00,$0.00,0,0,0
,Substance Abuse: Outpatient Treatment,"0900, 0914, 0915, 0916, 0919",90811,,Encounter 20-30 Min,0.00,0.00,$0.00,0,0,0
,Therapy-Individual Therapy,,90812,,Encounter 45-50 Min,1.00,7.00,$152.00,152,22,7
,Substance Abuse: Outpatient Treatment,"0900, 0914, 0915, 0916, 0919",90812,,Encounter 45-50 Min,0.00,0.00,$0.00,0,0,0
,Therapy-Individual Therapy,,90813,,Encounter 45-50 Min,0.00,0.00,$0.00,0,0,0
,Substance Abuse: Outpatient Treatment,"0900, 0914, 0915, 0916, 0919",90813,,Encounter 45-50 Min,0.00,0.00,$0.00,0,0,0
,Therapy-Individual Therapy,,90814,,Encounter 75-80 Min,0.00,0.00,$0.00,0,0,0
,Substance Abuse: Outpatient Treatment,"0900, 0914, 0915, 0916, 0919",90814,,Encounter 75-80 Min,0.00,0.00,$0.00,0,0,0
,Therapy-Individual Therapy,,90815,,Encounter 75-80 Min,0.00,0.00,$0.00,0,0,0
,Substance Abuse: Outpatient Treatment,"0900, 0914, 0915, 0916, 0919",90815,,Encounter 75-80 Min,0.00,0.00,$0.00,0,0,0
,Therapy-Individual Therapy,,90816,,Encounter 20-30 Min,0.00,0.00,$0.00,0,0,0
,Therapy-Individual Therapy,,90817,,Encounter 20-30 Min,0.00,0.00,$0.00,0,0,0
,Therapy-Individual Therapy,,90818,,Encounter 45-50 Min,0.00,0.00,$0.00,0,0,0
,Therapy-Individual Therapy,,90819,,Encounter 45-50 Min,0.00,0.00,$0.00,0,0,0
,Therapy-Individual Therapy,,90821,,Encounter 75-80 Min,0.00,0.00,$0.00,0,0,0
,Therapy-Individual Therapy,,90822,,Encounter 75-80 Min,0.00,0.00,$0.00,0,0,0
,Therapy-Individual Therapy,,90823,,Encounter 20-30 Min,0.00,0.00,$0.00,0,0,0
,Therapy-Individual Therapy,,90824,,Encounter 20-30 Min,0.00,0.00,$0.00,0,0,0
,Therapy-Individual Therapy,,90826,,Encounter 45-50 Min,0.00,0.00,$0.00,0,0,0
,Substance Abuse: Psychotherapy (Individual Therapy),,90826,,Encounter 45-50 Min,0.00,0.00,$0.00,0,0,0
,Therapy-Individual Therapy,,90827,,Encounter 45-50 Min,0.00,0.00,$0.00,0,0,0
,Therapy-Individual Therapy,,90828,,Encounter 75-80 Min,0.00,0.00,$0.00,0,0,0
,Therapy-Individual Therapy,,90829,,Encounter 75-80 Min,0.00,0.00,$0.00,0,0,0
,Therapy-Family Therapy,,90846,,Encounter,4.00,5.00,$630.00,158,126,1
,Therapy-Family Therapy,,90847,,Encounter,50.00,155.00,"$16,312.00",326,105,3
,Substance Abuse: Outpatient Treatment,"0900, 0906, 0914, 0915, 0916, 0919",90847,,Encounter,0.00,0.00,$0.00,0,0,0
,Therapy-Family Therapy,,90849,,Encounter,0.00,0.00,$0.00,0,0,0
,Therapy-Family Therapy,,90849,HS,Encounter,0.00,0.00,$0.00,0,0,0
CMH for Central Michigan,,,,,,,,,,,
,Therapy-Group Therapy,,90853,,Encounter,370.00,"4,564.00","$229,204.00",619,50,12
,Substance Abuse: Outpatient Treatment,"0900, 0906, 0914, 0915, 0916, 0919",90853,,Encounter,0.00,0.00,$0.00,0,0,0
,Therapy-Group Therapy,,90857,,Encounter,0.00,0.00,$0.00,0,0,0
,Substance Abuse: Outpatient Treatment,"0900, 0906, 0914, 0915, 0916, 0919",90857,,Encounter,0.00,0.00,$0.00,0,0,0
,Medication Review ,,90862,,Encounter,"2,002.00","7,357.00","$847,379.00",423,115,4
,Substance Abuse: Medication Review,"0900, 0914, 0915, 0916, 0919",90862,,Encounter,0.00,0.00,$0.00,0,0,0
,Additional Codes-ECT Physician,,90870,,Encounter,0.00,0.00,$0.00,0,0,0
,Additional Codes-ECT Physician,0901,90870,,Encounter,0.00,0.00,$0.00,0,0,0
,Assessments-Other,,90887,,Encounter,0.00,0.00,$0.00,0,0,0
,Speech & Language Therapy ,,92506,,Encounter,0.00,0.00,$0.00,0,0,0
,Speech & Language Therapy ,,92507,,Encounter,0.00,0.00,$0.00,0,0,0
,Speech & Language Therapy ,,92508,,Encounter,0.00,0.00,$0.00,0,0,0
,Speech & Language Therapy ,,92526,,Encounter,0.00,0.00,$0.00,0,0,0
,Speech & Language Therapy ,,92610,,Encounter,0.00,0.00,$0.00,0,0,0
,Evaluation of Auditory Rehabilitation Status (Children's Waiver),,92626,,First Hour,0.00,0.00,$0.00,0,0,0
,Evaluation of Auditory Rehabiliation Status (Children's Waiver),,92627,,Each Additional 15 Minutes,0.00,0.00,$0.00,0,0,0
,Auditory Rehabilitation Preling Hearing Loss (Children's Waiver),,92630,,Encounter,0.00,0.00,$0.00,0,0,0
,Auditory Rehabilitation; Post-Lingual Hearing Loss (Children's Waiver),,92633,,Encounter,0.00,0.00,$0.00,0,0,0
,Psychological Testing PSYCH/PHYS ,,96101,,Per Hour,27.00,52.00,"$9,527.00",353,183,2
,Psychological Testing by Technician ,,96102,,Per Hour,1.00,2.00,$366.00,366,183,2
,Psychological Testing by Comp ,,96103,,Per Hour,0.00,0.00,$0.00,0,0,0
,Assessments-Other,,96105,,Encounter,0.00,0.00,$0.00,0,0,0
,Assessments-Other,,96110,,Encounter,1.00,1.00,"$1,210.00",1210,1210,1
,Assessments-Other,,96111,,Encounter,0.00,0.00,$0.00,0,0,0
,Neurobehavioral Status Exam (Children's Waiver),,96116,,Per Hour,0.00,0.00,$0.00,0,0,0
,Neuropsych test by Psych/Phys ,,96118,,Per Hour,0.00,0.00,$0.00,0,0,0
,Neuropsych test by Tech ,,96119,,Per Hour,0.00,0.00,$0.00,0,0,0
,Neuropsych test Admin w/Comp ,,96120,,Per Hour,0.00,0.00,$0.00,0,0,0
,Medication Administration,,96372,,Encounter,125.00,963.00,"$25,558.00",204,27,8
,Physical Therapy,,97001,,Encounter,0.00,0.00,$0.00,0,0,0
,Physical Therapy,,97002,,Encounter,0.00,0.00,$0.00,0,0,0
,Occupational Therapy,,97003,,Encounter,3.00,3.00,$530.00,177,177,1
,Occupational Therapy,,97004,,Encounter,1.00,1.00,$125.00,125,125,1
,Occupational or Physical Therapy,,97110,,15 Minutes,1.00,2.00,$62.00,62,31,2
,Occupational or Physical Therapy,,97112,,15 Minutes,0.00,0.00,$0.00,0,0,0
,Occupational or Physical Therapy,,97113,,15 Minutes,0.00,0.00,$0.00,0,0,0
,Occupational or Physical Therapy,,97116,,15 Minutes,0.00,0.00,$0.00,0,0,0
,Occupational or Physical Therapy,,97124,,15 Minutes,0.00,0.00,$0.00,0,0,0
,Occupational or Physical Therapy,,97140,,15 Minutes,0.00,0.00,$0.00,0,0,0
,Occupational or Physical Therapy,,97150,,Encounter,0.00,0.00,$0.00,0,0,0
,Occupational or Physical Therapy,,97530,,15 Minutes,0.00,0.00,$0.00,0,0,0
,Occupational or Physical Therapy,,97532,,15 Minutes,0.00,0.00,$0.00,0,0,0
,Occupational or Physical Therapy,,97533,,15 Minutes,0.00,0.00,$0.00,0,0,0
,Occupational or Physical Therapy,,97535,,15 Minutes,1.00,4.00,$118.00,118,30,4
,Occupational or Physical Therapy,,97537,,15 Minutes,0.00,0.00,$0.00,0,0,0
,Occupational or Physical Therapy,,97542,,15 Minutes,0.00,0.00,$0.00,0,0,0
,Occupational Therapy,,97703,,15 Minutes,0.00,0.00,$0.00,0,0,0
CMH for Central Michigan,,,,,,,,,,,
,Occupational Therapy,,97750,,15 Minutes,0.00,0.00,$0.00,0,0,0
,Occupational Therapy,,97755,,15 Minutes,0.00,0.00,$0.00,0,0,0
,Occupational Therapy,,97760,,15 Minutes,0.00,0.00,$0.00,0,0,0
,C/O for Orthotic/Prosth Use ,,97762,,15 minutes,0.00,0.00,$0.00,0,0,0
,Assessment or Health Services,,97802,,15 Minutes,0.00,0.00,$0.00,0,0,0
,Assessment or Health Services,,97803,,15 Minutes,0.00,0.00,$0.00,0,0,0
,Health Services,,97804,,30 Minutes,1.00,11.00,"$2,020.00",2020,184,11
,Additional Codes-Physician Services,,99201,,Encounter,0.00,0.00,$0.00,0,0,0
,Additional Codes-Physician Services,,99202,,Encounter,0.00,0.00,$0.00,0,0,0
,Additional Codes-Physician Services,,99203,,Encounter,0.00,0.00,$0.00,0,0,0
,Additional Codes-Physician Services,,99204,,Encounter,0.00,0.00,$0.00,0,0,0
,Additional Codes-Physician Services,,99205,,Encounter,0.00,0.00,$0.00,0,0,0
,Additional Codes-Physician Services  Medication Administration,,99211,,Encounter,0.00,0.00,$0.00,0,0,0
,Additional Codes-Physician Services,,99212,,Encounter,0.00,0.00,$0.00,0,0,0
,Additional Codes-Physician Services,,99213,,Encounter,0.00,0.00,$0.00,0,0,0
,Additional Codes-Physician Services,,99214,,Encounter,0.00,0.00,$0.00,0,0,0
,Additional Codes-Physician Services,,99215,,Encounter,0.00,0.00,$0.00,0,0,0
,Additional Codes-Physician Services,,99221,,30 Minutes,2.00,2.00,$80.00,40,40,1
,Additional Codes-Physician Services,,99222,,50 Minutes,19.00,22.00,"$1,351.00",71,61,1
,Additional Codes-Physician Services,,99223,,70 Minutes,3.00,4.00,$366.00,122,92,1
,Additional Codes-Physician Services,,99231,,15 Minutes,24.00,108.00,"$3,629.00",151,34,5
,Additional Codes-Physician Services,,99232,,25 minutes,13.00,49.00,"$1,582.00",122,32,4
,Additional Codes-Physician Services,,99233,,35 Minutes,0.00,0.00,$0.00,0,0,0
,Additional Codes-Physician Services,,99238,,30 Minutes or less,3.00,3.00,$200.00,67,67,1
,Additional Codes-Physician Services,,99241,,Encounter,0.00,0.00,$0.00,0,0,0
,Additional Codes-Physician Services,,99242,,Encounter,0.00,0.00,$0.00,0,0,0
,Additional Codes-Physician Services,,99243,,Encounter,0.00,0.00,$0.00,0,0,0
,Additional Codes-Physician Services,,99244,,Encounter,0.00,0.00,$0.00,0,0,0
,Additional Codes-Physician Services,,99245,,Encounter,0.00,0.00,$0.00,0,0,0
,Additional Codes-Physician Services,,99251,,Encounter,0.00,0.00,$0.00,0,0,0
,Additional Codes-Physician Services,,99252,,Encounter,0.00,0.00,$0.00,0,0,0
,Additional Codes-Physician Services,,99253,,Encounter,0.00,0.00,$0.00,0,0,0
,Additional Codes-Physician Services,,99254,,Encounter,0.00,0.00,$0.00,0,0,0
,Additional Codes-Physician Services,,99255,,Encounter,0.00,0.00,$0.00,0,0,0
,Additional Codes-Physician Services,,99261,,Encounter,0.00,0.00,$0.00,0,0,0
,Additional Codes-Physician Services,,99262,,Encounter,0.00,0.00,$0.00,0,0,0
,Additional Codes-Physician Services,,99263,,Encounter,0.00,0.00,$0.00,0,0,0
,Additional Codes-Physician Services,,99271,,Encounter,0.00,0.00,$0.00,0,0,0
,Additional Codes-Physician Services,,99272,,Encounter,0.00,0.00,$0.00,0,0,0
,Additional Codes-Physician Services,,99273,,Encounter,0.00,0.00,$0.00,0,0,0
,Additional Codes-Physician Services,,99274,,Encounter,0.00,0.00,$0.00,0,0,0
,Additional Codes-Physician Services,,99275,,Encounter,0.00,0.00,$0.00,0,0,0
,Medication Administration,,99605,,Encounter,0.00,0.00,$0.00,0,0,0
,Transportation,,A0080,,Per mile,0.00,0.00,$0.00,0,0,0
,Transportation,,A0090,,Per mile,0.00,0.00,$0.00,0,0,0
,Transportation,,A0100,,Per one-way trip,0.00,0.00,$0.00,0,0,0
,Transportation,,A0110,,Per one-way trip,0.00,0.00,$0.00,0,0,0
,Transportation,,A0120,,Per one-way trip,0.00,0.00,$0.00,0,0,0
,Transportation,,A0130,,Per one-way trip,0.00,0.00,$0.00,0,0,0
,Transportation,,A0140,,Per one-way trip,0.00,0.00,$0.00,0,0,0
CMH for Central Michigan,,,,,,,,,,,
,Transportation,,A0170,,,0.00,0.00,$0.00,0,0,0
,Additional Codes-Transportation,,A0425,,Per Mile,0.00,0.00,$0.00,0,0,0
,Additional Codes-Transportation,,A0427,,Refer to code descriptions.,0.00,0.00,$0.00,0,0,0
,Additional codes - Transportation,,A0428,,,0.00,0.00,$0.00,0,0,0
,Repair or Non-Routine Service for DME (Children's Waiver),,E1340,,15 Minutes,0.00,0.00,$0.00,0,0,0
,Enhanced Medical Equipment-Supplies,,E1399,,Items,0.00,0.00,$0.00,0,0,0
,Activity Therapy (Children's Waiver),,G0176,,Encounter,0.00,0.00,$0.00,0,0,0
,Family Training/Support EBP only,,G0177,,Encounter Session at least 45 min,16.00,70.00,"$3,258.00",204,47,4
,Substance Abuse: Individual Assessment,,H0001,,Encounter,0.00,0.00,$0.00,0,0,0
,Assessment ,,H0002,,Encounter,0.00,0.00,$0.00,0,0,0
,Substance Abuse: Individual Assessment,,H0002,,Encounter,0.00,0.00,$0.00,0,0,0
,Substance Abuse:Laboratory,,H0003,,Encounter,0.00,0.00,$0.00,0,0,0
,Substance Abuse: Outpatient Treatment,"0900, 0906, 0914, 0915, 0916, 0919",H0004,,15 Minutes,0.00,0.00,$0.00,0,0,0
,Substance Abuse: Outpatient Treatment,"0900, 0906, 0914, 0915, 0916, 0919",H0005,,Encounter,0.00,0.00,$0.00,0,0,0
,Substance Abuse: Case Management,,H0006,,Encounter,0.00,0.00,$0.00,0,0,0
,Substance Abuse: Sub-Acute Detoxification,1002,H0010,,Days,0.00,0.00,$0.00,0,0,0
,Substance Abuse: Sub-Acute Detoxification,1002,H0012,,Days,0.00,0.00,$0.00,0,0,0
,Substance Abuse: Sub-Acute Detoxification,1002,H0014,,Days,0.00,0.00,$0.00,0,0,0
,Substance Abuse: Outpatient Care,"0900, 0906, 0914, 0915, 0916, 0919",H0015,,Days,0.00,0.00,$0.00,0,0,0
,Crisis Residential Services,,H0018,,Days,0.00,0.00,$0.00,0,0,0
,Substance Abuse: Residential,1002,H0018,,Days,0.00,0.00,$0.00,0,0,0
,Substance Abuse: Residential,1002,H0019,,Days,0.00,0.00,$0.00,0,0,0
,Substance Abuse: Methadone,,H0020,,Encounter,0.00,0.00,$0.00,0,0,0
,Substance Abuse: Early Intervention,,H0022,,Encounter,0.00,0.00,$0.00,0,0,0
,Peer Directed and Operated Support Services,,H0023,,Encounter,0.00,0.00,"$201,571.00",0,0,0
,Prevention Services - Direct Model,,H0025,,Face to Face Contact,34.00,46.00,"$13,487.00",397,293,1
,Crisis Intervention,,H0030,,Per Service,0.00,0.00,$0.00,0,0,0
,Assessment ,,H0031,,Encounter,"2,280.00","2,749.00","$443,661.00",195,161,1
,Substance Abuse: Assessment,,H0031,,Encounter,0.00,0.00,$0.00,0,0,0
,Treatment Planning,,H0032,,Encounter,"1,585.00","2,223.00","$268,872.00",170,121,1
,Monitoring of Treatment - Clinician,,H0032,TS,Encounter,0.00,0.00,$0.00,0,0,0
,Substance Abuse: Pharmalogical Support - Suboxane,,H0033,,Direct Observation Encounter,0.00,0.00,$0.00,0,0,0
,Health Services,,H0034,,15 Minutes,171.00,332.00,"$13,280.00",78,40,2
,Home Based Services,,H0036,,15 Minutes,47.00,"4,550.00","$198,562.00",4225,44,97
,Home Based Services,,H0036,ST,15 Minutes,0.00,0.00,$0.00,0,0,0
,Community Psychiatric Supportive Treatment ,,H0037,,Per diem,0.00,0.00,$0.00,0,0,0
,Peer Directed and Operated Support Services,,H0038,,15 minutes,56.00,"1,303.00","$4,456.00",80,3,23
,Peer Directed and Operated Support Services,,NA,,,0.00,0.00,$0.00,0,0,0
,Assertive Community Treatment (ACT),,H0039,,15 Minutes,98.00,"9,494.00","$925,190.00",9441,97,97
,Community Living Supports in Independent living/own home,,H0043,,Per diem,9.00,"1,889.00","$104,197.00",11577,55,210
,Community Living Supports in Independent living/own home,,H0043,TT,Per diem,0.00,0.00,$0.00,0,0,0
,Respite,,H0045,,Days,1.00,5.00,$235.00,235,47,5
,Respite (Children's Waiver),,H0045,TD,Per Diem,0.00,0.00,$0.00,0,0,0
,Respite (Children's Waiver),,H0045,TE,Per Diem,0.00,0.00,$0.00,0,0,0
,Substance Abuse:Laboratory (cells now unlocked),,H0048,,Encounter,0.00,0.00,$0.00,0,0,0
,Substance Abuse: Individual Assessment,,H0049,,Encounter,0.00,0.00,$0.00,0,0,0
,Behavior Treatment Plan Review,,H2000,,Encounter,0.00,0.00,$0.00,0,0,0
,Behavior Treatment Plan Review - Monitoring Activities,,H2000,TS,Encounter,0.00,0.00,$0.00,0,0,0
CMH for Central Michigan,,,,,,,,,,,
,Comprehensive Medication Services - EBP only,,H2010,,15 minutes,0.00,0.00,$0.00,0,0,0
,Crisis Intervention,,H2011,,15 Minutes,417.00,"1,963.00","$127,320.00",305,65,5
,Skill-Building and Out of Home Non Vocational Habilitation,,H2014,,15 minutes,465.00,"180,510.00","$413,367.00",889,2,388
,Skill-Building and Out of Home Non Vocational Habilitation,,H2014,TT,15 Minutes,0.00,0.00,$0.00,0,0,0
,Community Living Supports (15 Minutes),,H2015,,15 Minutes,461.00,"344,299.00","$1,036,340.00",2248,3,747
,Community Living Supports (15 Minutes),,H2015,TT,15 Minutes,0.00,0.00,$0.00,0,0,0
,Community Living Supports (Daily),,H2016,,Per Diem,40.00,"5,667.00","$135,895.00",3397,24,142
,Community Living Supports (Daily),,H2016,TF,Per Diem,43.00,"8,379.00","$441,071.00",10257,53,195
,Community Living Supports (Daily),,H2016,TG,Per Diem,70.00,"13,639.00","$1,620,859.00",23155,119,195
,Behavior Services,,H2019,,15 Minutes,6.00,23.00,"$2,200.00",367,96,4
,Behavior Services,,H2019,TT,15 Minutes,0.00,0.00,$0.00,0,0,0
,Crisis Intervention,,H2020,,Days,0.00,0.00,$0.00,0,0,0
,Wraparound,,H2021,,15 Minutes,0.00,0.00,$0.00,0,0,0
,Wraparound,,H2022,,Days,0.00,0.00,$0.00,0,0,0
,Supported Employment Services,,H2023,,15 minutes,59.00,"70,146.00","$157,127.00",2663,2,1189
,Supported Employment Services,,H2023,TT,15 Minutes,0.00,0.00,$0.00,0,0,0
,Mental Health Therapy,,H2027,,15 Minutes,0.00,0.00,$0.00,0,0,0
,Clubhouse Psychosocial Rehabilitation Programs ,,H2030,,15 Minutes,163.00,"178,032.00","$489,588.00",3004,3,1092
,Home Based Services,,H2033,,15 Minutes,0.00,0.00,$0.00,0,0,0
,Substance Abuse: Outpatient Care,"0900, 0906, 0914, 0915, 0916, 0919",H2035,,Hour,0.00,0.00,$0.00,0,0,0
,Substance Abuse: Outpatient Care,"0900, 0906, 0914, 0915, 0916, 0919",H2036,,Per Diem,0.00,0.00,$0.00,0,0,0
,Medication Review ,,M0064,,"Encounter Face-to-Face, generally less than 10 minutes",536.00,890.00,"$86,019.00",160,97,2
,Transportation,,S0209,,Per Mile,0.00,0.00,$0.00,0,0,0
,Transportation,,S0215,,Per Mile,0.00,0.00,$0.00,0,0,0
,Family Training - EBP,,S5110,,15 Minutes,0.00,0.00,$0.00,0,0,0
,Family Training,,S5111,,Encounter,0.00,0.00,$0.00,0,0,0
,Family Training,,S5111,HA,Encounter,0.00,0.00,$0.00,0,0,0
,"Home Care Training, Non-Family (Children's Waiver)",,S5116,,Encounter,0.00,0.00,$0.00,0,0,0
,Chore Services,,S5120,,15 Minutes,0.00,0.00,$0.00,0,0,0
,Foster Care,,S5140,,Days,0.00,0.00,$0.00,0,0,0
,Foster Care,,S5145,,Days,0.00,0.00,$0.00,0,0,0
,Respite,,S5150,,15 Minutes,0.00,0.00,$0.00,0,0,0
,Respite,,S5151,,Per Diem,0.00,0.00,$0.00,0,0,0
,Personal Emergency Response System (PERS),,S5160,,Encounter,0.00,0.00,$0.00,0,0,0
,Personal Emergency Response System (PERS),,S5161,,Month,19.00,143.00,"$73,237.00",3855,512,8
,Environmental Modification ,,S5165,,Service,2.00,2.00,"$3,498.00",1749,1749,1
,Enhanced Medical Equipment-Supplies,,S5199,,Items,2.00,2.00,$454.00,227,227,1
,Occupational or Physical Therapy,,S8990,,Encounter,1.00,405.00,$980.00,980,2,405
,Private Duty Nursing,0582,S9123,,Hour,0.00,0.00,$0.00,0,0,0
,Private Duty Nursing,,S9123,,Hour,0.00,0.00,$0.00,0,0,0
,Private Duty Nursing,,S9123,TT,Hour,0.00,0.00,$0.00,0,0,0
,Private Duty Nursing,0582,S9124,,Hour,0.00,0.00,$0.00,0,0,0
,Private Duty Nursing,,S9124,,Hour,0.00,0.00,$0.00,0,0,0
,Private Duty Nursing,,S9124,TT,Hour,0.00,0.00,$0.00,0,0,0
,Respite Care in the Home (RN) (Children's Waiver),,S9125,TD,Per Diem,0.00,0.00,$0.00,0,0,0
,Respite Care in the Home (LPN) (Children's Waiver),,S9125,TE,Per Diem,0.00,0.00,$0.00,0,0,0
,Health Services,,S9445,,Encounter,31.00,31.00,$916.00,30,30,1
,Health Services,,S9446,,Encounter,0.00,0.00,$0.00,0,0,0
CMH for Central Michigan,,,,,,,,,,,
,Health Services,,S9470,,Encounter,0.00,0.00,$0.00,0,0,0
,Intensive Crisis Stabilization-Enrolled Program,,S9484,,Hour,0.00,0.00,$0.00,0,0,0
,Reidential Room and Board,,S9976,,Days,0.00,0.00,$0.00,0,0,0
,Private Duty Nursing,,T1000,,Up to 15 min,0.00,0.00,$0.00,0,0,0
,Private Duty Nursing,,T1000,TD,Up to 15 min,0.00,0.00,$0.00,0,0,0
,Private Duty Nursing,,T1000,TE,Up to 15 min,0.00,0.00,$0.00,0,0,0
,Assessment,,T1001,,Encounter,8.00,8.00,"$2,055.00",257,257,1
,Health Services,,T1002,,Up to 15 min,"2,371.00","10,116.00","$578,939.00",244,57,4
,Respite Care,,T1005,,15 Minutes,15.00,"11,805.00","$15,228.00",1015,1,787
,Respite Care,,T1005,TD,15 Minutes,0.00,0.00,$0.00,0,0,0
,Respite Care,,T1005,TE,15 Minutes,0.00,0.00,$0.00,0,0,0
,Substance Abuse: Recovery Support Services,"0900, 0906, 0914, 0915, 0916, 0919",T1012,,Encounter,0.00,0.00,$0.00,0,0,0
,Family Psycho-Education - EBP,,T1015,,Encounter,3.00,5.00,$435.00,145,87,2
,Supports Coordination/Wrap Facilitation,,T1016,,15 minutes,334.00,"11,276.00","$834,198.00",2498,74,34
,Targeted Case Management ,,T1017,,15 minutes,"1,008.00","40,275.00","$2,979,545.00",2956,74,40
,Nursing Home Mental Health Monitoring,,T1017,SE,15 minutes,0.00,0.00,$0.00,0,0,0
,Personal Care in Licensed Specialized Residential Setting,,T1020,,Days,137.00,"21,595.00","$393,461.00",2872,18,158
,Personal Care in Licensed Specialized Residential Setting,,T1020,TF,Days,14.00,"3,370.00","$172,241.00",12303,51,241
,Personal Care in Licensed Specialized Residential Setting,,T1020,TG,Days,64.00,"3,650.00","$406,209.00",6347,111,57
,Assessments,,T1023,,Encounter,536.00,"1,167.00","$338,068.00",631,290,2
,Enhanced Medical Supplies or Pharmacy,,T1999,,Items,37.00,57.00,"$7,131.00",193,125,2
,Transportation,,T2001,,Encounter,0.00,0.00,$0.00,0,0,0
,Transportation,,T2002,,Per Diem,265.00,"80,609.00","$180,565.00",681,2,304
,Transportation,,T2003,,Encounter / Trip,50.00,443.00,"$2,729.00",55,6,9
,Transportation,,T2004,,Encounter,0.00,0.00,$0.00,0,0,0
,Transportation,,T2005,,Encounter,0.00,0.00,$0.00,0,0,0
,Out of Home Prevocational Service,,T2015,,Hour,0.00,0.00,$0.00,0,0,0
,Targeted Case Management (Children's Waiver),,T2023,,Month,0.00,0.00,$0.00,0,0,0
,Fiscal Intermediary Services,,T2025,,Month,7.00,50.00,"$7,687.00",1098,154,7
,Enhanced Medical Equipment-Supplies,,T2028,,Items,1.00,2.00,$225.00,225,113,2
,Enhanced Medical Equipment-Supplies,,T2029,,Items,4.00,5.00,"$1,010.00",253,202,1
,Crisis Intervention,,T2034,,Days,0.00,0.00,$0.00,0,0,0
,Respite Care,,T2036,,Encounter / Trip. Per session. One night = one session,0.00,0.00,$0.00,0,0,0
,Respite Care,,T2037,,Encounter / Trip  Per session. One day/partial day = one session,0.00,0.00,$0.00,0,0,0
,Housing Assistance,,T2038,,Month   Service,52.00,141.00,"$79,446.00",1528,563,3
,Enhanced Medical Equipment-Supplies,,T2039,,Items,0.00,0.00,$0.00,0,0,0
,Pharmacy (Drugs and Other Biologicals),,,,,0.00,0.00,"$19,460.00",0,0,0
,Other,,,,,122.00,0.00,"$98,708.00",809,0,0
,Aggregate for 'J' Codes,,ALL,,,88.00,0.00,"$89,920.00",1022,0,0
Copper Country,,,,,,,,,,,
,State Psychiatric Hospital - Inpatient PT22,"0100, 0101, 0114, 0124, 0134, 0154",,PT22,Days,3.00,408.00,"$177,915.00",59305,436,136
,State Mental Retardation Facility - Inpatient (ICF/MR) PT65,"0100, 0101, 0114, 0124, 0134, 0154",,PT65,Days,0.00,0.00,$0.00,0,0,0
,Local Psychiatric Hospital/IMD PT68,"0100, 0101, 0114, 0124, 0134, 0154",,PT68,Days,0.00,0.00,$0.00,0,0,0
,Local Psychiatric Hospital - Acute Community PT73,"0100, 0101, 0114, 0124, 0134, 0154",,PT73,Days,53.00,529.00,"$359,842.00",6789,680,10
,Inpatient Hospital Ancillary Services - Leave of Absence,0183,,,Days,0.00,0.00,$0.00,0,0,0
,Inpatient Hospital Ancillary Services - Pharmacy,"0250-0254, 0257-0258 ",,,,0.00,0.00,$0.00,0,0,0
,Inpatient Hospital Ancillary Services - Medical/Surgical Supplies and Devices,0270-0272,,,# of items,0.00,0.00,$0.00,0,0,0
,Inpatient Hospital Ancillary Services - Laboratory,"0300-0302, 0305-0307",,,# of tests,0.00,0.00,$0.00,0,0,0
,Inpatient Hospital Ancillary Services - Radiology,0320,,,# of tests,0.00,0.00,$0.00,0,0,0
,ECT Anesthesia,0370,,,,0.00,0.00,$0.00,0,0,0
,Inpatient Hospital Ancillary Services - Respiratory Services,0410,,,# of treatments,0.00,0.00,$0.00,0,0,0
,Inpatient Hospital Ancillary Services -Physical Therapy,0420-0424,,,# of treatments,0.00,0.00,$0.00,0,0,0
,Inpatient Hospital Ancillary Services - Occupational Therapy,0430-0434,,,# of treatments,0.00,0.00,$0.00,0,0,0
,Inpatient Hospital Ancillary Services - Speech-Language Pathology,0440-0444,,,# of treatments,0.00,0.00,$0.00,0,0,0
,Inpatient Hospital Ancillary Services - Emergency Room,0450,,,# of visits,0.00,0.00,$0.00,0,0,0
,Inpatient Hospital Ancillary Services - Pulmonary Function,0460,,,# of tests,0.00,0.00,$0.00,0,0,0
,Inpatient Hospital Ancillary Services - Audiology,0470-0472,,,# of tests,0.00,0.00,$0.00,0,0,0
,Inpatient Hospital Ancillary Services - Magnetic Resonance Technology (MRT),0610-0611,,,# of tests,0.00,0.00,$0.00,0,0,0
,Inpatient Hospital Ancillary Services - Pharmacy,0636,,,# of units,0.00,0.00,$0.00,0,0,0
,ECT Recovery Room,0701,,,,0.00,0.00,$0.00,0,0,0
,Inpatient Hospital Ancillary Services -EKG/ECG,0730-0731,,,# of tests,0.00,0.00,$0.00,0,0,0
,Inpatient Hospital Ancillary Services - EEG,0740,,,# of tests,0.00,0.00,$0.00,0,0,0
,Crisis Observation Care,0762,,,Hour,0.00,0.00,$0.00,0,0,0
,Additional Codes-ECT Facility Charge,0901,,,Encounter,1.00,8.00,"$4,963.00",4963,620,8
,Inpatient Hospital Ancillary Services - Psychiatric/Psychological Treatments/Services,"0900, 0902-0904, 0911, 0914-0919",,,# of visits,0.00,0.00,$0.00,0,0,0
,Outpatient Partial Hospitalization,0912,,,Days,0.00,0.00,$0.00,0,0,0
,Outpatient Partial Hospitalization,0913,,,Days,0.00,0.00,$0.00,0,0,0
,Inpatient Hospital Ancillary Services - Other Diagnosis Services,0925,,,# of tests,0.00,0.00,$0.00,0,0,0
,Inpatient Hospital Ancillary Services - Other Therapeutic Services,0940-0942,,,# of visits,0.00,0.00,$0.00,0,0,0
,Additional Codes-ECT Anesthesia,,00104,,Minutes,0.00,0.00,$0.00,0,0,0
,Drug Screen for Methadone Clients Only,,80100,,Per Screen,0.00,0.00,$0.00,0,0,0
,Drug Screen for Methadone Clients Only,,80101,,Per Screen,0.00,0.00,$0.00,0,0,0
,Alcohol Breath Test for Methadone Clients Only,,82075,,Per Test,0.00,0.00,$0.00,0,0,0
,Medication Administration,,90772,,Encounter,23.00,118.00,"$14,218.00",618,120,5
,Assessment-Psychiatric Assessment,,90801,,Encounter,103.00,124.00,"$61,071.00",593,493,1
,Substance Abuse: Psychiatric Evaluation,,90801,,Encounter,0.00,0.00,$0.00,0,0,0
,Assessment-Psychiatric Assessment,,90802,,Encounter,0.00,0.00,$0.00,0,0,0
,Substance Abuse: Psychiatric Evaluation,,90802,,Encounter,0.00,0.00,$0.00,0,0,0
,Therapy-Individual Therapy,,90804,,Encounter 20-30 Min,93.00,301.00,"$33,270.00",358,111,3
,Substance Abuse: Outpatient Treatment,"0900, 0914, 0915, 0916, 0919",90804,,Encounter 20-30 Min,0.00,0.00,$0.00,0,0,0
Copper Country,,,,,,,,,,,
,Therapy-Individual Therapy,,90805,,Encounter 20-30 Min,0.00,0.00,$0.00,0,0,0
,Substance Abuse: Outpatient Treatment,"0900, 0914, 0915, 0916, 0919",90805,,Encounter 20-30 Min,0.00,0.00,$0.00,0,0,0
,Therapy-Individual Therapy,,90806,,Encounter 45-50 Min,222.00,"1,675.00","$353,908.00",1594,211,8
,Substance Abuse: Outpatient Treatment,"0900, 0914, 0915, 0916, 0919",90806,,Encounter 45-50 Min,0.00,0.00,$0.00,0,0,0
,Therapy-Individual Therapy,,90807,,Encounter 45-50 Min,0.00,0.00,$0.00,0,0,0
,Substance Abuse: Outpatient Treatment,"0900, 0914, 0915, 0916, 0919",90807,,Encounter 45-50 Min,0.00,0.00,$0.00,0,0,0
,Therapy-Individual Therapy,,90808,,Encounter 75-80 Min,9.00,9.00,"$3,485.00",387,387,1
,Substance Abuse: Outpatient Treatment,"0900, 0914, 0915, 0916, 0919",90808,,Encounter 75-80 Min,0.00,0.00,$0.00,0,0,0
,Therapy-Individual Therapy,,90809,,Encounter 75-80 Min,0.00,0.00,$0.00,0,0,0
,Substance Abuse: Outpatient Treatment,"0900, 0914, 0915, 0916, 0919",90809,,Encounter 75-80 Min,0.00,0.00,$0.00,0,0,0
,Therapy-Individual Therapy,,90810,,Encounter 20-30 Min,0.00,0.00,$0.00,0,0,0
,Substance Abuse: Outpatient Treatment,"0900, 0914, 0915, 0916, 0919",90810,,Encounter 20-30 Min,0.00,0.00,$0.00,0,0,0
,Therapy-Individual Therapy,,90811,,Encounter 20-30 Min,0.00,0.00,$0.00,0,0,0
,Substance Abuse: Outpatient Treatment,"0900, 0914, 0915, 0916, 0919",90811,,Encounter 20-30 Min,0.00,0.00,$0.00,0,0,0
,Therapy-Individual Therapy,,90812,,Encounter 45-50 Min,0.00,0.00,$0.00,0,0,0
,Substance Abuse: Outpatient Treatment,"0900, 0914, 0915, 0916, 0919",90812,,Encounter 45-50 Min,0.00,0.00,$0.00,0,0,0
,Therapy-Individual Therapy,,90813,,Encounter 45-50 Min,0.00,0.00,$0.00,0,0,0
,Substance Abuse: Outpatient Treatment,"0900, 0914, 0915, 0916, 0919",90813,,Encounter 45-50 Min,0.00,0.00,$0.00,0,0,0
,Therapy-Individual Therapy,,90814,,Encounter 75-80 Min,0.00,0.00,$0.00,0,0,0
,Substance Abuse: Outpatient Treatment,"0900, 0914, 0915, 0916, 0919",90814,,Encounter 75-80 Min,0.00,0.00,$0.00,0,0,0
,Therapy-Individual Therapy,,90815,,Encounter 75-80 Min,0.00,0.00,$0.00,0,0,0
,Substance Abuse: Outpatient Treatment,"0900, 0914, 0915, 0916, 0919",90815,,Encounter 75-80 Min,0.00,0.00,$0.00,0,0,0
,Therapy-Individual Therapy,,90816,,Encounter 20-30 Min,0.00,0.00,$0.00,0,0,0
,Therapy-Individual Therapy,,90817,,Encounter 20-30 Min,0.00,0.00,$0.00,0,0,0
,Therapy-Individual Therapy,,90818,,Encounter 45-50 Min,0.00,0.00,$0.00,0,0,0
,Therapy-Individual Therapy,,90819,,Encounter 45-50 Min,0.00,0.00,$0.00,0,0,0
,Therapy-Individual Therapy,,90821,,Encounter 75-80 Min,0.00,0.00,$0.00,0,0,0
,Therapy-Individual Therapy,,90822,,Encounter 75-80 Min,0.00,0.00,$0.00,0,0,0
,Therapy-Individual Therapy,,90823,,Encounter 20-30 Min,0.00,0.00,$0.00,0,0,0
,Therapy-Individual Therapy,,90824,,Encounter 20-30 Min,0.00,0.00,$0.00,0,0,0
,Therapy-Individual Therapy,,90826,,Encounter 45-50 Min,0.00,0.00,$0.00,0,0,0
,Substance Abuse: Psychotherapy (Individual Therapy),,90826,,Encounter 45-50 Min,0.00,0.00,$0.00,0,0,0
,Therapy-Individual Therapy,,90827,,Encounter 45-50 Min,0.00,0.00,$0.00,0,0,0
,Therapy-Individual Therapy,,90828,,Encounter 75-80 Min,0.00,0.00,$0.00,0,0,0
,Therapy-Individual Therapy,,90829,,Encounter 75-80 Min,0.00,0.00,$0.00,0,0,0
,Therapy-Family Therapy,,90846,,Encounter,4.00,12.00,"$3,272.00",818,273,3
,Therapy-Family Therapy,,90847,,Encounter,27.00,51.00,"$14,268.00",528,280,2
,Substance Abuse: Outpatient Treatment,"0900, 0906, 0914, 0915, 0916, 0919",90847,,Encounter,0.00,0.00,$0.00,0,0,0
,Therapy-Family Therapy,,90849,,Encounter,8.00,29.00,"$10,696.00",1337,369,4
,Therapy-Family Therapy,,90849,HS,Encounter,1.00,7.00,"$2,531.00",2531,362,7
Copper Country,,,,,,,,,,,
,Therapy-Group Therapy,,90853,,Encounter,18.00,220.00,"$66,197.00",3678,301,12
,Substance Abuse: Outpatient Treatment,"0900, 0906, 0914, 0915, 0916, 0919",90853,,Encounter,0.00,0.00,$0.00,0,0,0
,Therapy-Group Therapy,,90857,,Encounter,0.00,0.00,$0.00,0,0,0
,Substance Abuse: Outpatient Treatment,"0900, 0906, 0914, 0915, 0916, 0919",90857,,Encounter,0.00,0.00,$0.00,0,0,0
,Medication Review ,,90862,,Encounter,275.00,"1,533.00","$262,346.00",954,171,6
,Substance Abuse: Medication Review,"0900, 0914, 0915, 0916, 0919",90862,,Encounter,0.00,0.00,$0.00,0,0,0
,Additional Codes-ECT Physician,,90870,,Encounter,0.00,0.00,$0.00,0,0,0
,Additional Codes-ECT Physician,0901,90870,,Encounter,0.00,0.00,$0.00,0,0,0
,Assessments-Other,,90887,,Encounter,0.00,0.00,$0.00,0,0,0
,Speech & Language Therapy ,,92506,,Encounter,0.00,0.00,$0.00,0,0,0
,Speech & Language Therapy ,,92507,,Encounter,0.00,0.00,$0.00,0,0,0
,Speech & Language Therapy ,,92508,,Encounter,0.00,0.00,$0.00,0,0,0
,Speech & Language Therapy ,,92526,,Encounter,0.00,0.00,$0.00,0,0,0
,Speech & Language Therapy ,,92610,,Encounter,0.00,0.00,$0.00,0,0,0
,Evaluation of Auditory Rehabilitation Status (Children's Waiver),,92626,,First Hour,0.00,0.00,$0.00,0,0,0
,Evaluation of Auditory Rehabiliation Status (Children's Waiver),,92627,,Each Additional 15 Minutes,0.00,0.00,$0.00,0,0,0
,Auditory Rehabilitation Preling Hearing Loss (Children's Waiver),,92630,,Encounter,0.00,0.00,$0.00,0,0,0
,Auditory Rehabilitation; Post-Lingual Hearing Loss (Children's Waiver),,92633,,Encounter,0.00,0.00,$0.00,0,0,0
,Psychological Testing PSYCH/PHYS ,,96101,,Per Hour,2.00,2.00,$482.00,241,241,1
,Psychological Testing by Technician ,,96102,,Per Hour,0.00,0.00,$0.00,0,0,0
,Psychological Testing by Comp ,,96103,,Per Hour,0.00,0.00,$0.00,0,0,0
,Assessments-Other,,96105,,Encounter,0.00,0.00,$0.00,0,0,0
,Assessments-Other,,96110,,Encounter,0.00,0.00,$0.00,0,0,0
,Assessments-Other,,96111,,Encounter,0.00,0.00,$0.00,0,0,0
,Neurobehavioral Status Exam (Children's Waiver),,96116,,Per Hour,0.00,0.00,$0.00,0,0,0
,Neuropsych test by Psych/Phys ,,96118,,Per Hour,0.00,0.00,$0.00,0,0,0
,Neuropsych test by Tech ,,96119,,Per Hour,0.00,0.00,$0.00,0,0,0
,Neuropsych test Admin w/Comp ,,96120,,Per Hour,0.00,0.00,$0.00,0,0,0
,Medication Administration,,96372,,Encounter,38.00,385.00,"$50,823.00",1337,132,10
,Physical Therapy,,97001,,Encounter,0.00,0.00,$0.00,0,0,0
,Physical Therapy,,97002,,Encounter,0.00,0.00,$0.00,0,0,0
,Occupational Therapy,,97003,,Encounter,0.00,0.00,$0.00,0,0,0
,Occupational Therapy,,97004,,Encounter,0.00,0.00,$0.00,0,0,0
,Occupational or Physical Therapy,,97110,,15 Minutes,0.00,0.00,$0.00,0,0,0
,Occupational or Physical Therapy,,97112,,15 Minutes,0.00,0.00,$0.00,0,0,0
,Occupational or Physical Therapy,,97113,,15 Minutes,1.00,3.00,$99.00,99,33,3
,Occupational or Physical Therapy,,97116,,15 Minutes,0.00,0.00,$0.00,0,0,0
,Occupational or Physical Therapy,,97124,,15 Minutes,0.00,0.00,$0.00,0,0,0
,Occupational or Physical Therapy,,97140,,15 Minutes,0.00,0.00,$0.00,0,0,0
,Occupational or Physical Therapy,,97150,,Encounter,0.00,0.00,$0.00,0,0,0
,Occupational or Physical Therapy,,97530,,15 Minutes,0.00,0.00,$0.00,0,0,0
,Occupational or Physical Therapy,,97532,,15 Minutes,8.00,56.00,"$14,981.00",1873,268,7
,Occupational or Physical Therapy,,97533,,15 Minutes,0.00,0.00,$0.00,0,0,0
,Occupational or Physical Therapy,,97535,,15 Minutes,0.00,0.00,$0.00,0,0,0
,Occupational or Physical Therapy,,97537,,15 Minutes,0.00,0.00,$0.00,0,0,0
,Occupational or Physical Therapy,,97542,,15 Minutes,0.00,0.00,$0.00,0,0,0
,Occupational Therapy,,97703,,15 Minutes,0.00,0.00,$0.00,0,0,0
Copper Country,,,,,,,,,,,
,Occupational Therapy,,97750,,15 Minutes,0.00,0.00,$0.00,0,0,0
,Occupational Therapy,,97755,,15 Minutes,0.00,0.00,$0.00,0,0,0
,Occupational Therapy,,97760,,15 Minutes,0.00,0.00,$0.00,0,0,0
,C/O for Orthotic/Prosth Use ,,97762,,15 minutes,0.00,0.00,$0.00,0,0,0
,Assessment or Health Services,,97802,,15 Minutes,0.00,0.00,$0.00,0,0,0
,Assessment or Health Services,,97803,,15 Minutes,0.00,0.00,$0.00,0,0,0
,Health Services,,97804,,30 Minutes,0.00,0.00,$0.00,0,0,0
,Additional Codes-Physician Services,,99201,,Encounter,0.00,0.00,$0.00,0,0,0
,Additional Codes-Physician Services,,99202,,Encounter,0.00,0.00,$0.00,0,0,0
,Additional Codes-Physician Services,,99203,,Encounter,0.00,0.00,$0.00,0,0,0
,Additional Codes-Physician Services,,99204,,Encounter,0.00,0.00,$0.00,0,0,0
,Additional Codes-Physician Services,,99205,,Encounter,0.00,0.00,$0.00,0,0,0
,Additional Codes-Physician Services  Medication Administration,,99211,,Encounter,0.00,0.00,$0.00,0,0,0
,Additional Codes-Physician Services,,99212,,Encounter,0.00,0.00,$0.00,0,0,0
,Additional Codes-Physician Services,,99213,,Encounter,0.00,0.00,$0.00,0,0,0
,Additional Codes-Physician Services,,99214,,Encounter,1.00,1.00,"$2,386.00",2386,2386,1
,Additional Codes-Physician Services,,99215,,Encounter,0.00,0.00,$0.00,0,0,0
,Additional Codes-Physician Services,,99221,,30 Minutes,0.00,0.00,$0.00,0,0,0
,Additional Codes-Physician Services,,99222,,50 Minutes,0.00,0.00,$0.00,0,0,0
,Additional Codes-Physician Services,,99223,,70 Minutes,0.00,0.00,$0.00,0,0,0
,Additional Codes-Physician Services,,99231,,15 Minutes,0.00,0.00,$0.00,0,0,0
,Additional Codes-Physician Services,,99232,,25 minutes,0.00,0.00,$0.00,0,0,0
,Additional Codes-Physician Services,,99233,,35 Minutes,0.00,0.00,$0.00,0,0,0
,Additional Codes-Physician Services,,99238,,30 Minutes or less,0.00,0.00,$0.00,0,0,0
,Additional Codes-Physician Services,,99241,,Encounter,0.00,0.00,$0.00,0,0,0
,Additional Codes-Physician Services,,99242,,Encounter,0.00,0.00,$0.00,0,0,0
,Additional Codes-Physician Services,,99243,,Encounter,0.00,0.00,$0.00,0,0,0
,Additional Codes-Physician Services,,99244,,Encounter,0.00,0.00,$0.00,0,0,0
,Additional Codes-Physician Services,,99245,,Encounter,0.00,0.00,$0.00,0,0,0
,Additional Codes-Physician Services,,99251,,Encounter,0.00,0.00,$0.00,0,0,0
,Additional Codes-Physician Services,,99252,,Encounter,0.00,0.00,$0.00,0,0,0
,Additional Codes-Physician Services,,99253,,Encounter,0.00,0.00,$0.00,0,0,0
,Additional Codes-Physician Services,,99254,,Encounter,0.00,0.00,$0.00,0,0,0
,Additional Codes-Physician Services,,99255,,Encounter,0.00,0.00,$0.00,0,0,0
,Additional Codes-Physician Services,,99261,,Encounter,0.00,0.00,$0.00,0,0,0
,Additional Codes-Physician Services,,99262,,Encounter,0.00,0.00,$0.00,0,0,0
,Additional Codes-Physician Services,,99263,,Encounter,0.00,0.00,$0.00,0,0,0
,Additional Codes-Physician Services,,99271,,Encounter,0.00,0.00,$0.00,0,0,0
,Additional Codes-Physician Services,,99272,,Encounter,0.00,0.00,$0.00,0,0,0
,Additional Codes-Physician Services,,99273,,Encounter,0.00,0.00,$0.00,0,0,0
,Additional Codes-Physician Services,,99274,,Encounter,0.00,0.00,$0.00,0,0,0
,Additional Codes-Physician Services,,99275,,Encounter,0.00,0.00,$0.00,0,0,0
,Medication Administration,,99605,,Encounter,0.00,0.00,$0.00,0,0,0
,Transportation,,A0080,,Per mile,0.00,0.00,$0.00,0,0,0
,Transportation,,A0090,,Per mile,0.00,0.00,$0.00,0,0,0
,Transportation,,A0100,,Per one-way trip,0.00,0.00,$0.00,0,0,0
,Transportation,,A0110,,Per one-way trip,0.00,0.00,$0.00,0,0,0
,Transportation,,A0120,,Per one-way trip,0.00,0.00,$0.00,0,0,0
,Transportation,,A0130,,Per one-way trip,0.00,0.00,$0.00,0,0,0
,Transportation,,A0140,,Per one-way trip,0.00,0.00,$0.00,0,0,0
Copper Country,,,,,,,,,,,
,Transportation,,A0170,,,0.00,0.00,$0.00,0,0,0
,Additional Codes-Transportation,,A0425,,Per Mile,0.00,0.00,$0.00,0,0,0
,Additional Codes-Transportation,,A0427,,Refer to code descriptions.,0.00,0.00,$0.00,0,0,0
,Additional codes - Transportation,,A0428,,,0.00,0.00,$0.00,0,0,0
,Repair or Non-Routine Service for DME (Children's Waiver),,E1340,,15 Minutes,0.00,0.00,$0.00,0,0,0
,Enhanced Medical Equipment-Supplies,,E1399,,Items,0.00,0.00,$0.00,0,0,0
,Activity Therapy (Children's Waiver),,G0176,,Encounter,0.00,0.00,$0.00,0,0,0
,Family Training/Support EBP only,,G0177,,Encounter Session at least 45 min,18.00,122.00,"$45,701.00",2539,375,7
,Substance Abuse: Individual Assessment,,H0001,,Encounter,0.00,0.00,$0.00,0,0,0
,Assessment ,,H0002,,Encounter,0.00,0.00,$0.00,0,0,0
,Substance Abuse: Individual Assessment,,H0002,,Encounter,0.00,0.00,$0.00,0,0,0
,Substance Abuse:Laboratory,,H0003,,Encounter,0.00,0.00,$0.00,0,0,0
,Substance Abuse: Outpatient Treatment,"0900, 0906, 0914, 0915, 0916, 0919",H0004,,15 Minutes,0.00,0.00,$0.00,0,0,0
,Substance Abuse: Outpatient Treatment,"0900, 0906, 0914, 0915, 0916, 0919",H0005,,Encounter,0.00,0.00,$0.00,0,0,0
,Substance Abuse: Case Management,,H0006,,Encounter,0.00,0.00,$0.00,0,0,0
,Substance Abuse: Sub-Acute Detoxification,1002,H0010,,Days,0.00,0.00,$0.00,0,0,0
,Substance Abuse: Sub-Acute Detoxification,1002,H0012,,Days,0.00,0.00,$0.00,0,0,0
,Substance Abuse: Sub-Acute Detoxification,1002,H0014,,Days,0.00,0.00,$0.00,0,0,0
,Substance Abuse: Outpatient Care,"0900, 0906, 0914, 0915, 0916, 0919",H0015,,Days,0.00,0.00,$0.00,0,0,0
,Crisis Residential Services,,H0018,,Days,0.00,0.00,$0.00,0,0,0
,Substance Abuse: Residential,1002,H0018,,Days,0.00,0.00,$0.00,0,0,0
,Substance Abuse: Residential,1002,H0019,,Days,0.00,0.00,$0.00,0,0,0
,Substance Abuse: Methadone,,H0020,,Encounter,0.00,0.00,$0.00,0,0,0
,Substance Abuse: Early Intervention,,H0022,,Encounter,0.00,0.00,$0.00,0,0,0
,Peer Directed and Operated Support Services,,H0023,,Encounter,0.00,0.00,$0.00,0,0,0
,Prevention Services - Direct Model,,H0025,,Face to Face Contact,0.00,0.00,$0.00,0,0,0
,Crisis Intervention,,H0030,,Per Service,0.00,0.00,$0.00,0,0,0
,Assessment ,,H0031,,Encounter,95.00,134.00,"$47,775.00",503,357,1
,Substance Abuse: Assessment,,H0031,,Encounter,0.00,0.00,$0.00,0,0,0
,Treatment Planning,,H0032,,Encounter,219.00,240.00,"$81,984.00",374,342,1
,Monitoring of Treatment - Clinician,,H0032,TS,Encounter,4.00,7.00,"$1,596.00",399,228,2
,Substance Abuse: Pharmalogical Support - Suboxane,,H0033,,Direct Observation Encounter,0.00,0.00,$0.00,0,0,0
,Health Services,,H0034,,15 Minutes,0.00,0.00,$0.00,0,0,0
,Home Based Services,,H0036,,15 Minutes,6.00,478.00,"$44,666.00",7444,93,80
,Home Based Services,,H0036,ST,15 Minutes,0.00,0.00,$0.00,0,0,0
,Community Psychiatric Supportive Treatment ,,H0037,,Per diem,0.00,0.00,$0.00,0,0,0
,Peer Directed and Operated Support Services,,H0038,,15 minutes,0.00,0.00,$0.00,0,0,0
,Peer Directed and Operated Support Services,,NA,,,0.00,0.00,"$72,435.00",0,0,0
,Assertive Community Treatment (ACT),,H0039,,15 Minutes,33.00,"13,640.00","$588,632.00",17837,43,413
,Community Living Supports in Independent living/own home,,H0043,,Per diem,0.00,0.00,$0.00,0,0,0
,Community Living Supports in Independent living/own home,,H0043,TT,Per diem,0.00,0.00,$0.00,0,0,0
,Respite,,H0045,,Days,0.00,0.00,$0.00,0,0,0
,Respite (Children's Waiver),,H0045,TD,Per Diem,0.00,0.00,$0.00,0,0,0
,Respite (Children's Waiver),,H0045,TE,Per Diem,0.00,0.00,$0.00,0,0,0
,Substance Abuse:Laboratory (cells now unlocked),,H0048,,Encounter,0.00,0.00,$0.00,0,0,0
,Substance Abuse: Individual Assessment,,H0049,,Encounter,0.00,0.00,$0.00,0,0,0
,Behavior Treatment Plan Review,,H2000,,Encounter,11.00,29.00,"$4,699.00",427,162,3
,Behavior Treatment Plan Review - Monitoring Activities,,H2000,TS,Encounter,9.00,44.00,$836.00,93,19,5
Copper Country,,,,,,,,,,,
,Comprehensive Medication Services - EBP only,,H2010,,15 minutes,0.00,0.00,$0.00,0,0,0
,Crisis Intervention,,H2011,,15 Minutes,141.00,966.00,"$192,173.00",1363,199,7
,Skill-Building and Out of Home Non Vocational Habilitation,,H2014,,15 minutes,20.00,"2,138.00","$30,790.00",1540,14,107
,Skill-Building and Out of Home Non Vocational Habilitation,,H2014,TT,15 Minutes,29.00,"37,303.00","$180,304.00",6217,5,1286
,Community Living Supports (15 Minutes),,H2015,,15 Minutes,157.00,"32,395.00","$389,574.00",2481,12,206
,Community Living Supports (15 Minutes),,H2015,TT,15 Minutes,57.00,"7,903.00","$105,033.00",1843,13,139
,Community Living Supports (Daily),,H2016,,Per Diem,1.00,4.00,$111.00,111,28,4
,Community Living Supports (Daily),,H2016,TF,Per Diem,8.00,792.00,"$47,750.00",5969,60,99
,Community Living Supports (Daily),,H2016,TG,Per Diem,40.00,"4,975.00","$877,973.00",21949,176,124
,Behavior Services,,H2019,,15 Minutes,0.00,0.00,$0.00,0,0,0
,Behavior Services,,H2019,TT,15 Minutes,0.00,0.00,$0.00,0,0,0
,Crisis Intervention,,H2020,,Days,0.00,0.00,$0.00,0,0,0
,Wraparound,,H2021,,15 Minutes,0.00,0.00,$0.00,0,0,0
,Wraparound,,H2022,,Days,0.00,0.00,$0.00,0,0,0
,Supported Employment Services,,H2023,,15 minutes,46.00,"11,523.00","$111,426.00",2422,10,251
,Supported Employment Services,,H2023,TT,15 Minutes,7.00,364.00,"$10,415.00",1488,29,52
,Mental Health Therapy,,H2027,,15 Minutes,0.00,0.00,$0.00,0,0,0
,Clubhouse Psychosocial Rehabilitation Programs ,,H2030,,15 Minutes,43.00,"60,901.00","$175,387.00",4079,3,1416
,Home Based Services,,H2033,,15 Minutes,0.00,0.00,$0.00,0,0,0
,Substance Abuse: Outpatient Care,"0900, 0906, 0914, 0915, 0916, 0919",H2035,,Hour,0.00,0.00,$0.00,0,0,0
,Substance Abuse: Outpatient Care,"0900, 0906, 0914, 0915, 0916, 0919",H2036,,Per Diem,0.00,0.00,$0.00,0,0,0
,Medication Review ,,M0064,,"Encounter Face-to-Face, generally less than 10 minutes",151.00,869.00,"$133,541.00",884,154,6
,Transportation,,S0209,,Per Mile,0.00,0.00,$0.00,0,0,0
,Transportation,,S0215,,Per Mile,0.00,0.00,$0.00,0,0,0
,Family Training - EBP,,S5110,,15 Minutes,0.00,0.00,$0.00,0,0,0
,Family Training,,S5111,,Encounter,0.00,0.00,$0.00,0,0,0
,Family Training,,S5111,HA,Encounter,0.00,0.00,$0.00,0,0,0
,"Home Care Training, Non-Family (Children's Waiver)",,S5116,,Encounter,0.00,0.00,$0.00,0,0,0
,Chore Services,,S5120,,15 Minutes,0.00,0.00,$0.00,0,0,0
,Foster Care,,S5140,,Days,0.00,0.00,$0.00,0,0,0
,Foster Care,,S5145,,Days,0.00,0.00,$0.00,0,0,0
,Respite,,S5150,,15 Minutes,0.00,0.00,$0.00,0,0,0
,Respite,,S5151,,Per Diem,0.00,0.00,$0.00,0,0,0
,Personal Emergency Response System (PERS),,S5160,,Encounter,0.00,0.00,$0.00,0,0,0
,Personal Emergency Response System (PERS),,S5161,,Month,2.00,22.00,"$1,146.00",573,52,11
,Environmental Modification ,,S5165,,Service,0.00,0.00,$0.00,0,0,0
,Enhanced Medical Equipment-Supplies,,S5199,,Items,0.00,0.00,$0.00,0,0,0
,Occupational or Physical Therapy,,S8990,,Encounter,0.00,0.00,$0.00,0,0,0
,Private Duty Nursing,0582,S9123,,Hour,0.00,0.00,$0.00,0,0,0
,Private Duty Nursing,,S9123,,Hour,0.00,0.00,$0.00,0,0,0
,Private Duty Nursing,,S9123,TT,Hour,0.00,0.00,$0.00,0,0,0
,Private Duty Nursing,0582,S9124,,Hour,0.00,0.00,$0.00,0,0,0
,Private Duty Nursing,,S9124,,Hour,0.00,0.00,$0.00,0,0,0
,Private Duty Nursing,,S9124,TT,Hour,0.00,0.00,$0.00,0,0,0
,Respite Care in the Home (RN) (Children's Waiver),,S9125,TD,Per Diem,0.00,0.00,$0.00,0,0,0
,Respite Care in the Home (LPN) (Children's Waiver),,S9125,TE,Per Diem,0.00,0.00,$0.00,0,0,0
,Health Services,,S9445,,Encounter,0.00,0.00,$0.00,0,0,0
,Health Services,,S9446,,Encounter,1.00,2.00,"$1,011.00",1011,506,2
Copper Country,,,,,,,,,,,
,Health Services,,S9470,,Encounter,0.00,0.00,$0.00,0,0,0
,Intensive Crisis Stabilization-Enrolled Program,,S9484,,Hour,0.00,0.00,$0.00,0,0,0
,Reidential Room and Board,,S9976,,Days,0.00,0.00,$0.00,0,0,0
,Private Duty Nursing,,T1000,,Up to 15 min,0.00,0.00,$0.00,0,0,0
,Private Duty Nursing,,T1000,TD,Up to 15 min,0.00,0.00,$0.00,0,0,0
,Private Duty Nursing,,T1000,TE,Up to 15 min,0.00,0.00,$0.00,0,0,0
,Assessment,,T1001,,Encounter,17.00,38.00,"$6,113.00",360,161,2
,Health Services,,T1002,,Up to 15 min,55.00,438.00,"$96,484.00",1754,220,8
,Respite Care,,T1005,,15 Minutes,0.00,0.00,$0.00,0,0,0
,Respite Care,,T1005,TD,15 Minutes,0.00,0.00,$0.00,0,0,0
,Respite Care,,T1005,TE,15 Minutes,0.00,0.00,$0.00,0,0,0
,Substance Abuse: Recovery Support Services,"0900, 0906, 0914, 0915, 0916, 0919",T1012,,Encounter,0.00,0.00,$0.00,0,0,0
,Family Psycho-Education - EBP,,T1015,,Encounter,1.00,1.00,$108.00,108,108,1
,Supports Coordination/Wrap Facilitation,,T1016,,15 minutes,41.00,762.00,"$85,937.00",2096,113,19
,Targeted Case Management ,,T1017,,15 minutes,111.00,"2,983.00","$314,985.00",2838,106,27
,Nursing Home Mental Health Monitoring,,T1017,SE,15 minutes,2.00,20.00,"$2,995.00",1498,150,10
,Personal Care in Licensed Specialized Residential Setting,,T1020,,Days,44.00,"5,512.00","$88,307.00",2007,16,125
,Personal Care in Licensed Specialized Residential Setting,,T1020,TF,Days,1.00,151.00,"$8,024.00",8024,53,151
,Personal Care in Licensed Specialized Residential Setting,,T1020,TG,Days,0.00,0.00,$0.00,0,0,0
,Assessments,,T1023,,Encounter,243.00,300.00,"$184,410.00",759,615,1
,Enhanced Medical Supplies or Pharmacy,,T1999,,Items,14.00,111.00,"$2,741.00",196,25,8
,Transportation,,T2001,,Encounter,0.00,0.00,$0.00,0,0,0
,Transportation,,T2002,,Per Diem,0.00,0.00,$0.00,0,0,0
,Transportation,,T2003,,Encounter / Trip,0.00,0.00,$0.00,0,0,0
,Transportation,,T2004,,Encounter,0.00,0.00,$0.00,0,0,0
,Transportation,,T2005,,Encounter,0.00,0.00,$0.00,0,0,0
,Out of Home Prevocational Service,,T2015,,Hour,0.00,0.00,$0.00,0,0,0
,Targeted Case Management (Children's Waiver),,T2023,,Month,0.00,0.00,$0.00,0,0,0
,Fiscal Intermediary Services,,T2025,,Month,0.00,0.00,$0.00,0,0,0
,Enhanced Medical Equipment-Supplies,,T2028,,Items,6.00,6.00,$386.00,64,64,1
,Enhanced Medical Equipment-Supplies,,T2029,,Items,0.00,0.00,$0.00,0,0,0
,Crisis Intervention,,T2034,,Days,0.00,0.00,$0.00,0,0,0
,Respite Care,,T2036,,Encounter / Trip. Per session. One night = one session,0.00,0.00,$0.00,0,0,0
,Respite Care,,T2037,,Encounter / Trip  Per session. One day/partial day = one session,0.00,0.00,$0.00,0,0,0
,Housing Assistance,,T2038,,Month   Service,0.00,0.00,$0.00,0,0,0
,Enhanced Medical Equipment-Supplies,,T2039,,Items,0.00,0.00,$0.00,0,0,0
,Pharmacy (Drugs and Other Biologicals),,,,,0.00,0.00,$0.00,0,0,0
,Other,,,,,0.00,0.00,$0.00,0,0,0
,Aggregate for 'J' Codes,,ALL,,,41.00,0.00,"$104,270.00",2543,0,0
Detroit-Wayne,,,,,,,,,,,
,State Psychiatric Hospital - Inpatient PT22,"0100, 0101, 0114, 0124, 0134, 0154",,PT22,Days,354.00,"71,115.00","$25,427,098.00",71828,358,201
,State Mental Retardation Facility - Inpatient (ICF/MR) PT65,"0100, 0101, 0114, 0124, 0134, 0154",,PT65,Days,1.00,92.00,"$15,180.00",15180,165,92
,Local Psychiatric Hospital/IMD PT68,"0100, 0101, 0114, 0124, 0134, 0154",,PT68,Days,"3,611.00","32,958.00","$19,294,277.00",5343,585,9
,Local Psychiatric Hospital - Acute Community PT73,"0100, 0101, 0114, 0124, 0134, 0154",,PT73,Days,"3,546.00","33,716.00","$28,319,405.00",7986,840,10
,Inpatient Hospital Ancillary Services - Leave of Absence,0183,,,Days,0.00,0.00,$0.00,0,0,0
,Inpatient Hospital Ancillary Services - Pharmacy,"0250-0254, 0257-0258 ",,,,0.00,0.00,$0.00,0,0,0
,Inpatient Hospital Ancillary Services - Medical/Surgical Supplies and Devices,0270-0272,,,# of items,0.00,0.00,$0.00,0,0,0
,Inpatient Hospital Ancillary Services - Laboratory,"0300-0302, 0305-0307",,,# of tests,0.00,0.00,$0.00,0,0,0
,Inpatient Hospital Ancillary Services - Radiology,0320,,,# of tests,0.00,0.00,$0.00,0,0,0
,ECT Anesthesia,0370,,,,0.00,0.00,$0.00,0,0,0
,Inpatient Hospital Ancillary Services - Respiratory Services,0410,,,# of treatments,0.00,0.00,$0.00,0,0,0
,Inpatient Hospital Ancillary Services -Physical Therapy,0420-0424,,,# of treatments,0.00,0.00,$0.00,0,0,0
,Inpatient Hospital Ancillary Services - Occupational Therapy,0430-0434,,,# of treatments,0.00,0.00,$0.00,0,0,0
,Inpatient Hospital Ancillary Services - Speech-Language Pathology,0440-0444,,,# of treatments,0.00,0.00,$0.00,0,0,0
,Inpatient Hospital Ancillary Services - Emergency Room,0450,,,# of visits,"2,169.00","3,537.00","$1,698,049.00",783,480,2
,Inpatient Hospital Ancillary Services - Pulmonary Function,0460,,,# of tests,0.00,0.00,$0.00,0,0,0
,Inpatient Hospital Ancillary Services - Audiology,0470-0472,,,# of tests,0.00,0.00,$0.00,0,0,0
,Inpatient Hospital Ancillary Services - Magnetic Resonance Technology (MRT),0610-0611,,,# of tests,0.00,0.00,$0.00,0,0,0
,Inpatient Hospital Ancillary Services - Pharmacy,0636,,,# of units,0.00,0.00,$0.00,0,0,0
,ECT Recovery Room,0701,,,,0.00,0.00,$0.00,0,0,0
,Inpatient Hospital Ancillary Services -EKG/ECG,0730-0731,,,# of tests,0.00,0.00,$0.00,0,0,0
,Inpatient Hospital Ancillary Services - EEG,0740,,,# of tests,0.00,0.00,$0.00,0,0,0
,Crisis Observation Care,0762,,,Hour,0.00,0.00,$0.00,0,0,0
,Additional Codes-ECT Facility Charge,0901,,,Encounter,2.00,3.00,"$1,012.00",506,337,2
,Inpatient Hospital Ancillary Services - Psychiatric/Psychological Treatments/Services,"0900, 0902-0904, 0911, 0914-0919",,,# of visits,0.00,0.00,$0.00,0,0,0
,Outpatient Partial Hospitalization,0912,,,Days,348.00,"4,100.00","$1,323,406.00",3803,323,12
,Outpatient Partial Hospitalization,0913,,,Days,0.00,0.00,$0.00,0,0,0
,Inpatient Hospital Ancillary Services - Other Diagnosis Services,0925,,,# of tests,0.00,0.00,$0.00,0,0,0
,Inpatient Hospital Ancillary Services - Other Therapeutic Services,0940-0942,,,# of visits,0.00,0.00,$0.00,0,0,0
,Additional Codes-ECT Anesthesia,,00104,,Minutes,0.00,0.00,$0.00,0,0,0
,Drug Screen for Methadone Clients Only,,80100,,Per Screen,"1,594.00","6,813.00","$85,501.00",54,13,4
,Drug Screen for Methadone Clients Only,,80101,,Per Screen,0.00,0.00,$0.00,0,0,0
,Alcohol Breath Test for Methadone Clients Only,,82075,,Per Test,203.00,240.00,"$2,839.00",14,12,1
,Medication Administration,,90772,,Encounter,"1,857.00","4,930.00","$131,178.00",71,27,3
,Assessment-Psychiatric Assessment,,90801,,Encounter,"20,885.00","30,472.00","$5,279,181.00",253,173,1
,Substance Abuse: Psychiatric Evaluation,,90801,,Encounter,"1,204.00","1,305.00","$87,617.00",73,67,1
,Assessment-Psychiatric Assessment,,90802,,Encounter,58.00,60.00,"$7,869.00",136,131,1
,Substance Abuse: Psychiatric Evaluation,,90802,,Encounter,0.00,0.00,$0.00,0,0,0
,Therapy-Individual Therapy,,90804,,Encounter 20-30 Min,"9,823.00","31,880.00","$1,820,606.00",185,57,3
,Substance Abuse: Outpatient Treatment,"0900, 0914, 0915, 0916, 0919",90804,,Encounter 20-30 Min,"1,399.00","37,499.00","$983,141.00",703,26,27
Detroit-Wayne,,,,,,,,,,,
,Therapy-Individual Therapy,,90805,,Encounter 20-30 Min,366.00,997.00,"$58,412.00",160,59,3
,Substance Abuse: Outpatient Treatment,"0900, 0914, 0915, 0916, 0919",90805,,Encounter 20-30 Min,0.00,0.00,$0.00,0,0,0
,Therapy-Individual Therapy,,90806,,Encounter 45-50 Min,"11,258.00","44,795.00","$4,855,843.00",431,108,4
,Substance Abuse: Outpatient Treatment,"0900, 0914, 0915, 0916, 0919",90806,,Encounter 45-50 Min,0.00,0.00,$0.00,0,0,0
,Therapy-Individual Therapy,,90807,,Encounter 45-50 Min,165.00,293.00,"$22,634.00",137,77,2
,Substance Abuse: Outpatient Treatment,"0900, 0914, 0915, 0916, 0919",90807,,Encounter 45-50 Min,0.00,0.00,$0.00,0,0,0
,Therapy-Individual Therapy,,90808,,Encounter 75-80 Min,"1,172.00","2,611.00","$431,001.00",368,165,2
,Substance Abuse: Outpatient Treatment,"0900, 0914, 0915, 0916, 0919",90808,,Encounter 75-80 Min,0.00,0.00,$0.00,0,0,0
,Therapy-Individual Therapy,,90809,,Encounter 75-80 Min,5.00,5.00,$421.00,84,84,1
,Substance Abuse: Outpatient Treatment,"0900, 0914, 0915, 0916, 0919",90809,,Encounter 75-80 Min,0.00,0.00,$0.00,0,0,0
,Therapy-Individual Therapy,,90810,,Encounter 20-30 Min,1.00,1.00,$115.00,115,115,1
,Substance Abuse: Outpatient Treatment,"0900, 0914, 0915, 0916, 0919",90810,,Encounter 20-30 Min,0.00,0.00,$0.00,0,0,0
,Therapy-Individual Therapy,,90811,,Encounter 20-30 Min,0.00,0.00,$0.00,0,0,0
,Substance Abuse: Outpatient Treatment,"0900, 0914, 0915, 0916, 0919",90811,,Encounter 20-30 Min,0.00,0.00,$0.00,0,0,0
,Therapy-Individual Therapy,,90812,,Encounter 45-50 Min,1.00,1.00,$149.00,149,149,1
,Substance Abuse: Outpatient Treatment,"0900, 0914, 0915, 0916, 0919",90812,,Encounter 45-50 Min,0.00,0.00,$0.00,0,0,0
,Therapy-Individual Therapy,,90813,,Encounter 45-50 Min,0.00,0.00,$0.00,0,0,0
,Substance Abuse: Outpatient Treatment,"0900, 0914, 0915, 0916, 0919",90813,,Encounter 45-50 Min,0.00,0.00,$0.00,0,0,0
,Therapy-Individual Therapy,,90814,,Encounter 75-80 Min,0.00,0.00,$0.00,0,0,0
,Substance Abuse: Outpatient Treatment,"0900, 0914, 0915, 0916, 0919",90814,,Encounter 75-80 Min,0.00,0.00,$0.00,0,0,0
,Therapy-Individual Therapy,,90815,,Encounter 75-80 Min,5.00,7.00,$280.00,56,40,1
,Substance Abuse: Outpatient Treatment,"0900, 0914, 0915, 0916, 0919",90815,,Encounter 75-80 Min,61.00,448.00,"$4,480.00",73,10,7
,Therapy-Individual Therapy,,90816,,Encounter 20-30 Min,0.00,0.00,$0.00,0,0,0
,Therapy-Individual Therapy,,90817,,Encounter 20-30 Min,6.00,45.00,"$3,033.00",506,67,8
,Therapy-Individual Therapy,,90818,,Encounter 45-50 Min,0.00,0.00,$0.00,0,0,0
,Therapy-Individual Therapy,,90819,,Encounter 45-50 Min,0.00,0.00,$0.00,0,0,0
,Therapy-Individual Therapy,,90821,,Encounter 75-80 Min,0.00,0.00,$0.00,0,0,0
,Therapy-Individual Therapy,,90822,,Encounter 75-80 Min,0.00,0.00,$0.00,0,0,0
,Therapy-Individual Therapy,,90823,,Encounter 20-30 Min,0.00,0.00,$0.00,0,0,0
,Therapy-Individual Therapy,,90824,,Encounter 20-30 Min,0.00,0.00,$0.00,0,0,0
,Therapy-Individual Therapy,,90826,,Encounter 45-50 Min,0.00,0.00,$0.00,0,0,0
,Substance Abuse: Psychotherapy (Individual Therapy),,90826,,Encounter 45-50 Min,0.00,0.00,$0.00,0,0,0
,Therapy-Individual Therapy,,90827,,Encounter 45-50 Min,0.00,0.00,$0.00,0,0,0
,Therapy-Individual Therapy,,90828,,Encounter 75-80 Min,0.00,0.00,$0.00,0,0,0
,Therapy-Individual Therapy,,90829,,Encounter 75-80 Min,0.00,0.00,$0.00,0,0,0
,Therapy-Family Therapy,,90846,,Encounter,184.00,422.00,"$21,421.00",116,51,2
,Therapy-Family Therapy,,90847,,Encounter,362.00,923.00,"$108,277.00",299,117,3
,Substance Abuse: Outpatient Treatment,"0900, 0906, 0914, 0915, 0916, 0919",90847,,Encounter,61.00,626.00,"$2,817.00",46,5,10
,Therapy-Family Therapy,,90849,,Encounter,0.00,0.00,$0.00,0,0,0
,Therapy-Family Therapy,,90849,HS,Encounter,0.00,0.00,$0.00,0,0,0
Detroit-Wayne,,,,,,,,,,,
,Therapy-Group Therapy,,90853,,Encounter,"5,377.00","36,448.00","$1,464,835.00",272,40,7
,Substance Abuse: Outpatient Treatment,"0900, 0906, 0914, 0915, 0916, 0919",90853,,Encounter,965.00,"30,430.00","$167,528.00",174,6,32
,Therapy-Group Therapy,,90857,,Encounter,102.00,808.00,"$34,094.00",334,42,8
,Substance Abuse: Outpatient Treatment,"0900, 0906, 0914, 0915, 0916, 0919",90857,,Encounter,300.00,"14,480.00","$65,160.00",217,5,48
,Medication Review ,,90862,,Encounter,"26,265.00","124,447.00","$9,151,879.00",348,74,5
,Substance Abuse: Medication Review,"0900, 0914, 0915, 0916, 0919",90862,,Encounter,0.00,0.00,$0.00,0,0,0
,Additional Codes-ECT Physician,,90870,,Encounter,1.00,10.00,"$1,529.00",1529,153,10
,Additional Codes-ECT Physician,0901,90870,,Encounter,0.00,0.00,$0.00,0,0,0
,Assessments-Other,,90887,,Encounter,"3,091.00","5,697.00","$154,928.00",50,27,2
,Speech & Language Therapy ,,92506,,Encounter,0.00,0.00,$0.00,0,0,0
,Speech & Language Therapy ,,92507,,Encounter,0.00,0.00,$0.00,0,0,0
,Speech & Language Therapy ,,92508,,Encounter,0.00,0.00,$0.00,0,0,0
,Speech & Language Therapy ,,92526,,Encounter,0.00,0.00,$0.00,0,0,0
,Speech & Language Therapy ,,92610,,Encounter,0.00,0.00,$0.00,0,0,0
,Evaluation of Auditory Rehabilitation Status (Children's Waiver),,92626,,First Hour,0.00,0.00,$0.00,0,0,0
,Evaluation of Auditory Rehabiliation Status (Children's Waiver),,92627,,Each Additional 15 Minutes,0.00,0.00,$0.00,0,0,0
,Auditory Rehabilitation Preling Hearing Loss (Children's Waiver),,92630,,Encounter,0.00,0.00,$0.00,0,0,0
,Auditory Rehabilitation; Post-Lingual Hearing Loss (Children's Waiver),,92633,,Encounter,0.00,0.00,$0.00,0,0,0
,Psychological Testing PSYCH/PHYS ,,96101,,Per Hour,90.00,402.00,"$44,500.00",494,111,4
,Psychological Testing by Technician ,,96102,,Per Hour,0.00,0.00,$0.00,0,0,0
,Psychological Testing by Comp ,,96103,,Per Hour,0.00,0.00,$0.00,0,0,0
,Assessments-Other,,96105,,Encounter,0.00,0.00,$0.00,0,0,0
,Assessments-Other,,96110,,Encounter,"1,286.00","27,139.00","$1,815,013.00",1411,67,21
,Assessments-Other,,96111,,Encounter,27.00,62.00,"$9,126.00",338,147,2
,Neurobehavioral Status Exam (Children's Waiver),,96116,,Per Hour,2.00,10.00,$725.00,363,73,5
,Neuropsych test by Psych/Phys ,,96118,,Per Hour,0.00,0.00,$0.00,0,0,0
,Neuropsych test by Tech ,,96119,,Per Hour,0.00,0.00,$0.00,0,0,0
,Neuropsych test Admin w/Comp ,,96120,,Per Hour,0.00,0.00,$0.00,0,0,0
,Medication Administration,,96372,,Encounter,"3,015.00","14,964.00","$371,741.00",123,25,5
,Physical Therapy,,97001,,Encounter,0.00,0.00,$0.00,0,0,0
,Physical Therapy,,97002,,Encounter,0.00,0.00,$0.00,0,0,0
,Occupational Therapy,,97003,,Encounter,153.00,155.00,"$35,221.00",230,227,1
,Occupational Therapy,,97004,,Encounter,19.00,20.00,"$3,885.00",204,194,1
,Occupational or Physical Therapy,,97110,,15 Minutes,5.00,71.00,"$2,551.00",510,36,14
,Occupational or Physical Therapy,,97112,,15 Minutes,0.00,0.00,$0.00,0,0,0
,Occupational or Physical Therapy,,97113,,15 Minutes,0.00,0.00,$0.00,0,0,0
,Occupational or Physical Therapy,,97116,,15 Minutes,0.00,0.00,$0.00,0,0,0
,Occupational or Physical Therapy,,97124,,15 Minutes,0.00,0.00,$0.00,0,0,0
,Occupational or Physical Therapy,,97140,,15 Minutes,0.00,0.00,$0.00,0,0,0
,Occupational or Physical Therapy,,97150,,Encounter,812.00,"11,999.00","$246,624.00",304,21,15
,Occupational or Physical Therapy,,97530,,15 Minutes,15.00,73.00,"$12,376.00",825,170,5
,Occupational or Physical Therapy,,97532,,15 Minutes,0.00,0.00,$0.00,0,0,0
,Occupational or Physical Therapy,,97533,,15 Minutes,0.00,0.00,$0.00,0,0,0
,Occupational or Physical Therapy,,97535,,15 Minutes,0.00,0.00,$0.00,0,0,0
,Occupational or Physical Therapy,,97537,,15 Minutes,0.00,0.00,$0.00,0,0,0
,Occupational or Physical Therapy,,97542,,15 Minutes,0.00,0.00,$0.00,0,0,0
,Occupational Therapy,,97703,,15 Minutes,0.00,0.00,$0.00,0,0,0
Detroit-Wayne,,,,,,,,,,,
,Occupational Therapy,,97750,,15 Minutes,0.00,0.00,$0.00,0,0,0
,Occupational Therapy,,97755,,15 Minutes,0.00,0.00,$0.00,0,0,0
,Occupational Therapy,,97760,,15 Minutes,0.00,0.00,$0.00,0,0,0
,C/O for Orthotic/Prosth Use ,,97762,,15 minutes,0.00,0.00,$0.00,0,0,0
,Assessment or Health Services,,97802,,15 Minutes,0.00,0.00,$0.00,0,0,0
,Assessment or Health Services,,97803,,15 Minutes,1.00,2.00,$431.00,431,216,2
,Health Services,,97804,,30 Minutes,0.00,0.00,$0.00,0,0,0
,Additional Codes-Physician Services,,99201,,Encounter,0.00,0.00,$0.00,0,0,0
,Additional Codes-Physician Services,,99202,,Encounter,0.00,0.00,$0.00,0,0,0
,Additional Codes-Physician Services,,99203,,Encounter,0.00,0.00,$0.00,0,0,0
,Additional Codes-Physician Services,,99204,,Encounter,0.00,0.00,$0.00,0,0,0
,Additional Codes-Physician Services,,99205,,Encounter,0.00,0.00,$0.00,0,0,0
,Additional Codes-Physician Services  Medication Administration,,99211,,Encounter,0.00,0.00,$0.00,0,0,0
,Additional Codes-Physician Services,,99212,,Encounter,0.00,0.00,$0.00,0,0,0
,Additional Codes-Physician Services,,99213,,Encounter,0.00,0.00,$0.00,0,0,0
,Additional Codes-Physician Services,,99214,,Encounter,0.00,0.00,$0.00,0,0,0
,Additional Codes-Physician Services,,99215,,Encounter,0.00,0.00,$0.00,0,0,0
,Additional Codes-Physician Services,,99221,,30 Minutes,0.00,0.00,$0.00,0,0,0
,Additional Codes-Physician Services,,99222,,50 Minutes,682.00,904.00,"$50,739.00",74,56,1
,Additional Codes-Physician Services,,99223,,70 Minutes,5.00,5.00,$673.00,135,135,1
,Additional Codes-Physician Services,,99231,,15 Minutes,228.00,"1,295.00","$67,368.00",295,52,6
,Additional Codes-Physician Services,,99232,,25 minutes,498.00,"3,302.00","$181,208.00",364,55,7
,Additional Codes-Physician Services,,99233,,35 Minutes,78.00,142.00,"$10,079.00",129,71,2
,Additional Codes-Physician Services,,99238,,30 Minutes or less,0.00,0.00,$0.00,0,0,0
,Additional Codes-Physician Services,,99241,,Encounter,0.00,0.00,$0.00,0,0,0
,Additional Codes-Physician Services,,99242,,Encounter,107.00,117.00,"$6,410.00",60,55,1
,Additional Codes-Physician Services,,99243,,Encounter,6.00,6.00,$390.00,65,65,1
,Additional Codes-Physician Services,,99244,,Encounter,0.00,0.00,$0.00,0,0,0
,Additional Codes-Physician Services,,99245,,Encounter,0.00,0.00,$0.00,0,0,0
,Additional Codes-Physician Services,,99251,,Encounter,45.00,50.00,"$1,750.00",39,35,1
,Additional Codes-Physician Services,,99252,,Encounter,45.00,49.00,"$2,403.00",53,49,1
,Additional Codes-Physician Services,,99253,,Encounter,203.00,224.00,"$13,307.00",66,59,1
,Additional Codes-Physician Services,,99254,,Encounter,55.00,60.00,"$4,577.00",83,76,1
,Additional Codes-Physician Services,,99255,,Encounter,79.00,81.00,"$7,577.00",96,94,1
,Additional Codes-Physician Services,,99261,,Encounter,0.00,0.00,$0.00,0,0,0
,Additional Codes-Physician Services,,99262,,Encounter,0.00,0.00,$0.00,0,0,0
,Additional Codes-Physician Services,,99263,,Encounter,0.00,0.00,$0.00,0,0,0
,Additional Codes-Physician Services,,99271,,Encounter,0.00,0.00,$0.00,0,0,0
,Additional Codes-Physician Services,,99272,,Encounter,0.00,0.00,$0.00,0,0,0
,Additional Codes-Physician Services,,99273,,Encounter,0.00,0.00,$0.00,0,0,0
,Additional Codes-Physician Services,,99274,,Encounter,0.00,0.00,$0.00,0,0,0
,Additional Codes-Physician Services,,99275,,Encounter,0.00,0.00,$0.00,0,0,0
,Medication Administration,,99605,,Encounter,0.00,0.00,$0.00,0,0,0
,Transportation,,A0080,,Per mile,0.00,0.00,$0.00,0,0,0
,Transportation,,A0090,,Per mile,0.00,0.00,$0.00,0,0,0
,Transportation,,A0100,,Per one-way trip,0.00,0.00,$0.00,0,0,0
,Transportation,,A0110,,Per one-way trip,0.00,0.00,$0.00,0,0,0
,Transportation,,A0120,,Per one-way trip,4.00,4.00,$476.00,119,119,1
,Transportation,,A0130,,Per one-way trip,1.00,1.00,$35.00,35,35,1
,Transportation,,A0140,,Per one-way trip,0.00,0.00,$0.00,0,0,0
Detroit-Wayne,,,,,,,,,,,
,Transportation,,A0170,,,0.00,0.00,$0.00,0,0,0
,Additional Codes-Transportation,,A0425,,Per Mile,871.00,"23,099.00","$96,149.00",110,4,27
,Additional Codes-Transportation,,A0427,,Refer to code descriptions.,758.00,981.00,"$122,690.00",162,125,1
,Additional codes - Transportation,,A0428,,,0.00,0.00,$0.00,0,0,0
,Repair or Non-Routine Service for DME (Children's Waiver),,E1340,,15 Minutes,0.00,0.00,$0.00,0,0,0
,Enhanced Medical Equipment-Supplies,,E1399,,Items,1.00,1.00,$108.00,108,108,1
,Activity Therapy (Children's Waiver),,G0176,,Encounter,0.00,0.00,$0.00,0,0,0
,Family Training/Support EBP only,,G0177,,Encounter Session at least 45 min,77.00,"1,273.00","$57,577.00",748,45,17
,Substance Abuse: Individual Assessment,,H0001,,Encounter,"3,013.00","5,945.00","$387,028.00",128,65,2
,Assessment ,,H0002,,Encounter,"3,643.00","4,839.00","$305,781.00",84,63,1
,Substance Abuse: Individual Assessment,,H0002,,Encounter,869.00,"1,050.00","$128,633.00",148,123,1
,Substance Abuse:Laboratory,,H0003,,Encounter,710.00,"3,274.00","$95,666.00",135,29,5
,Substance Abuse: Outpatient Treatment,"0900, 0906, 0914, 0915, 0916, 0919",H0004,,15 Minutes,521.00,"17,629.00","$279,320.00",536,16,34
,Substance Abuse: Outpatient Treatment,"0900, 0906, 0914, 0915, 0916, 0919",H0005,,Encounter,6.00,78.00,$234.00,39,3,13
,Substance Abuse: Case Management,,H0006,,Encounter,0.00,0.00,$0.00,0,0,0
,Substance Abuse: Sub-Acute Detoxification,1002,H0010,,Days,656.00,"2,865.00","$318,761.00",486,111,4
,Substance Abuse: Sub-Acute Detoxification,1002,H0012,,Days,0.00,0.00,$0.00,0,0,0
,Substance Abuse: Sub-Acute Detoxification,1002,H0014,,Days,0.00,0.00,$0.00,0,0,0
,Substance Abuse: Outpatient Care,"0900, 0906, 0914, 0915, 0916, 0919",H0015,,Days,478.00,"7,716.00","$752,813.00",1575,98,16
,Crisis Residential Services,,H0018,,Days,183.00,"1,569.00","$517,770.00",2829,330,9
,Substance Abuse: Residential,1002,H0018,,Days,454.00,"8,117.00","$795,994.00",1753,98,18
,Substance Abuse: Residential,1002,H0019,,Days,423.00,"18,004.00","$807,760.00",1910,45,43
,Substance Abuse: Methadone,,H0020,,Encounter,873.00,"185,304.00","$666,481.00",763,4,212
,Substance Abuse: Early Intervention,,H0022,,Encounter,0.00,0.00,$0.00,0,0,0
,Peer Directed and Operated Support Services,,H0023,,Encounter,763.00,"29,944.00","$997,368.00",1307,33,39
,Prevention Services - Direct Model,,H0025,,Face to Face Contact,20.00,307.00,"$50,211.00",2511,164,15
,Crisis Intervention,,H0030,,Per Service,0.00,0.00,$0.00,0,0,0
,Assessment ,,H0031,,Encounter,"16,364.00","23,656.00","$3,425,329.00",209,145,1
,Substance Abuse: Assessment,,H0031,,Encounter,0.00,0.00,$0.00,0,0,0
,Treatment Planning,,H0032,,Encounter,"15,229.00","28,211.00","$3,087,732.00",203,109,2
,Monitoring of Treatment - Clinician,,H0032,TS,Encounter,306.00,388.00,"$50,902.00",166,131,1
,Substance Abuse: Pharmalogical Support - Suboxane,,H0033,,Direct Observation Encounter,0.00,0.00,$0.00,0,0,0
,Health Services,,H0034,,15 Minutes,"1,167.00","3,726.00","$68,748.00",59,18,3
,Home Based Services,,H0036,,15 Minutes,232.00,"25,462.00","$1,242,972.00",5358,49,110
,Home Based Services,,H0036,ST,15 Minutes,0.00,0.00,$0.00,0,0,0
,Community Psychiatric Supportive Treatment ,,H0037,,Per diem,0.00,0.00,$0.00,0,0,0
,Peer Directed and Operated Support Services,,H0038,,15 minutes,"3,496.00","59,156.00","$448,472.00",128,8,17
,Peer Directed and Operated Support Services,,NA,,,0.00,0.00,$0.00,0,0,0
,Assertive Community Treatment (ACT),,H0039,,15 Minutes,"1,693.00","349,827.00","$10,959,521.00",6473,31,207
,Community Living Supports in Independent living/own home,,H0043,,Per diem,822.00,"98,500.00","$5,761,081.00",7009,58,120
,Community Living Supports in Independent living/own home,,H0043,TT,Per diem,0.00,0.00,$0.00,0,0,0
,Respite,,H0045,,Days,1.00,36.00,"$2,160.00",2160,60,36
,Respite (Children's Waiver),,H0045,TD,Per Diem,0.00,0.00,$0.00,0,0,0
,Respite (Children's Waiver),,H0045,TE,Per Diem,0.00,0.00,$0.00,0,0,0
,Substance Abuse:Laboratory (cells now unlocked),,H0048,,Encounter,0.00,0.00,$0.00,0,0,0
,Substance Abuse: Individual Assessment,,H0049,,Encounter,"1,460.00","2,114.00","$261,096.00",179,124,1
,Behavior Treatment Plan Review,,H2000,,Encounter,22.00,32.00,"$4,437.00",202,139,1
,Behavior Treatment Plan Review - Monitoring Activities,,H2000,TS,Encounter,2.00,2.00,$125.00,63,63,1
Detroit-Wayne,,,,,,,,,,,
,Comprehensive Medication Services - EBP only,,H2010,,15 minutes,0.00,0.00,$0.00,0,0,0
,Crisis Intervention,,H2011,,15 Minutes,"3,852.00","97,707.00","$1,248,619.00",324,13,25
,Skill-Building and Out of Home Non Vocational Habilitation,,H2014,,15 minutes,"2,488.00","2,052,002.00","$6,685,976.00",2687,3,825
,Skill-Building and Out of Home Non Vocational Habilitation,,H2014,TT,15 Minutes,14.00,"3,357.00","$10,160.00",726,3,240
,Community Living Supports (15 Minutes),,H2015,,15 Minutes,114.00,"759,703.00","$951,495.00",8346,1,6664
,Community Living Supports (15 Minutes),,H2015,TT,15 Minutes,1.00,"4,050.00","$13,867.00",13867,3,4050
,Community Living Supports (Daily),,H2016,,Per Diem,"3,016.00","363,223.00","$23,179,887.00",7686,64,120
,Community Living Supports (Daily),,H2016,TF,Per Diem,"2,058.00","330,764.00","$17,047,955.00",8284,52,161
,Community Living Supports (Daily),,H2016,TG,Per Diem,285.00,"59,145.00","$5,103,138.00",17906,86,208
,Behavior Services,,H2019,,15 Minutes,0.00,0.00,$0.00,0,0,0
,Behavior Services,,H2019,TT,15 Minutes,18.00,"1,449.00","$50,815.00",2823,35,81
,Crisis Intervention,,H2020,,Days,0.00,0.00,$0.00,0,0,0
,Wraparound,,H2021,,15 Minutes,0.00,0.00,$0.00,0,0,0
,Wraparound,,H2022,,Days,695.00,"50,891.00","$322,994.00",465,6,73
,Supported Employment Services,,H2023,,15 minutes,0.00,0.00,$0.00,0,0,0
,Supported Employment Services,,H2023,TT,15 Minutes,0.00,0.00,$0.00,0,0,0
,Mental Health Therapy,,H2027,,15 Minutes,"1,004.00","1,286,435.00","$5,583,437.00",5561,4,1281
,Clubhouse Psychosocial Rehabilitation Programs ,,H2030,,15 Minutes,0.00,0.00,$0.00,0,0,0
,Home Based Services,,H2033,,15 Minutes,0.00,0.00,$0.00,0,0,0
,Substance Abuse: Outpatient Care,"0900, 0906, 0914, 0915, 0916, 0919",H2035,,Hour,0.00,0.00,$0.00,0,0,0
,Substance Abuse: Outpatient Care,"0900, 0906, 0914, 0915, 0916, 0919",H2036,,Per Diem,"1,865.00","5,004.00","$124,671.00",67,25,3
,Medication Review ,,M0064,,"Encounter Face-to-Face, generally less than 10 minutes",0.00,0.00,$0.00,0,0,0
,Transportation,,S0209,,Per Mile,0.00,0.00,$0.00,0,0,0
,Transportation,,S0215,,Per Mile,0.00,0.00,$0.00,0,0,0
,Family Training - EBP,,S5110,,15 Minutes,82.00,236.00,"$9,920.00",121,42,3
,Family Training,,S5111,,Encounter,0.00,0.00,$0.00,0,0,0
,Family Training,,S5111,HA,Encounter,0.00,0.00,$0.00,0,0,0
,"Home Care Training, Non-Family (Children's Waiver)",,S5116,,Encounter,0.00,0.00,$0.00,0,0,0
,Chore Services,,S5120,,15 Minutes,0.00,0.00,$0.00,0,0,0
,Foster Care,,S5140,,Days,0.00,0.00,$0.00,0,0,0
,Foster Care,,S5145,,Days,2.00,300.00,"$73,472.00",36736,245,150
,Respite,,S5150,,15 Minutes,0.00,0.00,$0.00,0,0,0
,Respite,,S5151,,Per Diem,0.00,0.00,$0.00,0,0,0
,Personal Emergency Response System (PERS),,S5160,,Encounter,0.00,0.00,$0.00,0,0,0
,Personal Emergency Response System (PERS),,S5161,,Month,0.00,0.00,$0.00,0,0,0
,Environmental Modification ,,S5165,,Service,0.00,0.00,$0.00,0,0,0
,Enhanced Medical Equipment-Supplies,,S5199,,Items,0.00,0.00,$0.00,0,0,0
,Occupational or Physical Therapy,,S8990,,Encounter,0.00,0.00,$0.00,0,0,0
,Private Duty Nursing,0582,S9123,,Hour,0.00,0.00,$0.00,0,0,0
,Private Duty Nursing,,S9123,,Hour,0.00,0.00,$0.00,0,0,0
,Private Duty Nursing,,S9123,TT,Hour,0.00,0.00,$0.00,0,0,0
,Private Duty Nursing,0582,S9124,,Hour,0.00,0.00,$0.00,0,0,0
,Private Duty Nursing,,S9124,,Hour,0.00,0.00,$0.00,0,0,0
,Private Duty Nursing,,S9124,TT,Hour,0.00,0.00,$0.00,0,0,0
,Respite Care in the Home (RN) (Children's Waiver),,S9125,TD,Per Diem,0.00,0.00,$0.00,0,0,0
,Respite Care in the Home (LPN) (Children's Waiver),,S9125,TE,Per Diem,0.00,0.00,$0.00,0,0,0
,Health Services,,S9445,,Encounter,"8,418.00","28,123.00","$1,298,767.00",154,46,3
,Health Services,,S9446,,Encounter,791.00,"4,218.00","$102,077.00",129,24,5
Detroit-Wayne,,,,,,,,,,,
,Health Services,,S9470,,Encounter,1.00,1.00,$74.00,74,74,1
,Intensive Crisis Stabilization-Enrolled Program,,S9484,,Hour,462.00,594.00,"$592,540.00",1283,998,1
,Reidential Room and Board,,S9976,,Days,626.00,"23,387.00","$508,504.00",812,22,37
,Private Duty Nursing,,T1000,,Up to 15 min,0.00,0.00,$0.00,0,0,0
,Private Duty Nursing,,T1000,TD,Up to 15 min,0.00,0.00,$0.00,0,0,0
,Private Duty Nursing,,T1000,TE,Up to 15 min,0.00,0.00,$0.00,0,0,0
,Assessment,,T1001,,Encounter,"10,253.00","18,776.00","$1,352,623.00",132,72,2
,Health Services,,T1002,,Up to 15 min,"3,223.00","10,062.00","$404,737.00",126,40,3
,Respite Care,,T1005,,15 Minutes,2.00,376.00,"$1,181.00",591,3,188
,Respite Care,,T1005,TD,15 Minutes,0.00,0.00,$0.00,0,0,0
,Respite Care,,T1005,TE,15 Minutes,0.00,0.00,$0.00,0,0,0
,Substance Abuse: Recovery Support Services,"0900, 0906, 0914, 0915, 0916, 0919",T1012,,Encounter,0.00,0.00,$0.00,0,0,0
,Family Psycho-Education - EBP,,T1015,,Encounter,19.00,38.00,"$4,201.00",221,111,2
,Supports Coordination/Wrap Facilitation,,T1016,,15 minutes,"1,254.00","23,033.00","$879,775.00",702,38,18
,Targeted Case Management ,,T1017,,15 minutes,"18,876.00","512,178.00","$22,176,073.00",1175,43,27
,Nursing Home Mental Health Monitoring,,T1017,SE,15 minutes,0.00,0.00,$0.00,0,0,0
,Personal Care in Licensed Specialized Residential Setting,,T1020,,Days,"3,000.00","426,322.00","$11,754,807.00",3918,28,142
,Personal Care in Licensed Specialized Residential Setting,,T1020,TF,Days,"1,525.00","214,184.00","$9,452,196.00",6198,44,140
,Personal Care in Licensed Specialized Residential Setting,,T1020,TG,Days,265.00,"53,751.00","$5,037,977.00",19011,94,203
,Assessments,,T1023,,Encounter,113.00,122.00,"$6,503.00",58,53,1
,Enhanced Medical Supplies or Pharmacy,,T1999,,Items,46.00,89.00,"$43,010.00",935,483,2
,Transportation,,T2001,,Encounter,0.00,0.00,$0.00,0,0,0
,Transportation,,T2002,,Per Diem,0.00,0.00,$0.00,0,0,0
,Transportation,,T2003,,Encounter / Trip,"1,584.00","3,779.00","$340,665.00",215,90,2
,Transportation,,T2004,,Encounter,0.00,0.00,$0.00,0,0,0
,Transportation,,T2005,,Encounter,0.00,0.00,$0.00,0,0,0
,Out of Home Prevocational Service,,T2015,,Hour,0.00,0.00,$0.00,0,0,0
,Targeted Case Management (Children's Waiver),,T2023,,Month,0.00,0.00,$0.00,0,0,0
,Fiscal Intermediary Services,,T2025,,Month,3.00,17.00,"$1,015.00",338,60,6
,Enhanced Medical Equipment-Supplies,,T2028,,Items,0.00,0.00,$0.00,0,0,0
,Enhanced Medical Equipment-Supplies,,T2029,,Items,0.00,0.00,$0.00,0,0,0
,Crisis Intervention,,T2034,,Days,0.00,0.00,$0.00,0,0,0
,Respite Care,,T2036,,Encounter / Trip. Per session. One night = one session,0.00,0.00,$0.00,0,0,0
,Respite Care,,T2037,,Encounter / Trip  Per session. One day/partial day = one session,0.00,0.00,$0.00,0,0,0
,Housing Assistance,,T2038,,Month   Service,56.00,124.00,"$101,814.00",1818,821,2
,Enhanced Medical Equipment-Supplies,,T2039,,Items,0.00,0.00,$0.00,0,0,0
,Pharmacy (Drugs and Other Biologicals),,,,,0.00,0.00,$0.00,0,0,0
,Other,,,,,0.00,0.00,$0.00,0,0,0
,Aggregate for 'J' Codes,,ALL,,,0.00,0.00,$0.00,0,0,0
Genesee,,,,,,,,,,,
,State Psychiatric Hospital - Inpatient PT22,"0100, 0101, 0114, 0124, 0134, 0154",,PT22,Days,61.00,"10,375.00","$4,258,896.00",69818,410,170
,State Mental Retardation Facility - Inpatient (ICF/MR) PT65,"0100, 0101, 0114, 0124, 0134, 0154",,PT65,Days,0.00,0.00,$0.00,0,0,0
,Local Psychiatric Hospital/IMD PT68,"0100, 0101, 0114, 0124, 0134, 0154",,PT68,Days,0.00,0.00,$0.00,0,0,0
,Local Psychiatric Hospital - Acute Community PT73,"0100, 0101, 0114, 0124, 0134, 0154",,PT73,Days,"1,069.00","10,942.00","$6,595,102.00",6169,603,10
,Inpatient Hospital Ancillary Services - Leave of Absence,0183,,,Days,0.00,0.00,$0.00,0,0,0
,Inpatient Hospital Ancillary Services - Pharmacy,"0250-0254, 0257-0258 ",,,,0.00,0.00,$0.00,0,0,0
,Inpatient Hospital Ancillary Services - Medical/Surgical Supplies and Devices,0270-0272,,,# of items,0.00,0.00,$0.00,0,0,0
,Inpatient Hospital Ancillary Services - Laboratory,"0300-0302, 0305-0307",,,# of tests,0.00,0.00,$0.00,0,0,0
,Inpatient Hospital Ancillary Services - Radiology,0320,,,# of tests,0.00,0.00,$0.00,0,0,0
,ECT Anesthesia,0370,,,,0.00,0.00,$0.00,0,0,0
,Inpatient Hospital Ancillary Services - Respiratory Services,0410,,,# of treatments,0.00,0.00,$0.00,0,0,0
,Inpatient Hospital Ancillary Services -Physical Therapy,0420-0424,,,# of treatments,0.00,0.00,$0.00,0,0,0
,Inpatient Hospital Ancillary Services - Occupational Therapy,0430-0434,,,# of treatments,0.00,0.00,$0.00,0,0,0
,Inpatient Hospital Ancillary Services - Speech-Language Pathology,0440-0444,,,# of treatments,0.00,0.00,$0.00,0,0,0
,Inpatient Hospital Ancillary Services - Emergency Room,0450,,,# of visits,0.00,0.00,$0.00,0,0,0
,Inpatient Hospital Ancillary Services - Pulmonary Function,0460,,,# of tests,0.00,0.00,$0.00,0,0,0
,Inpatient Hospital Ancillary Services - Audiology,0470-0472,,,# of tests,0.00,0.00,$0.00,0,0,0
,Inpatient Hospital Ancillary Services - Magnetic Resonance Technology (MRT),0610-0611,,,# of tests,0.00,0.00,$0.00,0,0,0
,Inpatient Hospital Ancillary Services - Pharmacy,0636,,,# of units,0.00,0.00,$0.00,0,0,0
,ECT Recovery Room,0701,,,,0.00,0.00,$0.00,0,0,0
,Inpatient Hospital Ancillary Services -EKG/ECG,0730-0731,,,# of tests,0.00,0.00,$0.00,0,0,0
,Inpatient Hospital Ancillary Services - EEG,0740,,,# of tests,0.00,0.00,$0.00,0,0,0
,Crisis Observation Care,0762,,,Hour,0.00,0.00,$0.00,0,0,0
,Additional Codes-ECT Facility Charge,0901,,,Encounter,0.00,0.00,$0.00,0,0,0
,Inpatient Hospital Ancillary Services - Psychiatric/Psychological Treatments/Services,"0900, 0902-0904, 0911, 0914-0919",,,# of visits,0.00,0.00,$0.00,0,0,0
,Outpatient Partial Hospitalization,0912,,,Days,143.00,"1,158.00","$253,742.00",1774,219,8
,Outpatient Partial Hospitalization,0913,,,Days,0.00,0.00,$0.00,0,0,0
,Inpatient Hospital Ancillary Services - Other Diagnosis Services,0925,,,# of tests,0.00,0.00,$0.00,0,0,0
,Inpatient Hospital Ancillary Services - Other Therapeutic Services,0940-0942,,,# of visits,0.00,0.00,$0.00,0,0,0
,Additional Codes-ECT Anesthesia,,00104,,Minutes,0.00,0.00,$0.00,0,0,0
,Drug Screen for Methadone Clients Only,,80100,,Per Screen,91.00,"2,083.00","$20,830.00",229,10,23
,Drug Screen for Methadone Clients Only,,80101,,Per Screen,0.00,0.00,$0.00,0,0,0
,Alcohol Breath Test for Methadone Clients Only,,82075,,Per Test,0.00,0.00,$0.00,0,0,0
,Medication Administration,,90772,,Encounter,221.00,818.00,"$114,835.00",520,140,4
,Assessment-Psychiatric Assessment,,90801,,Encounter,"2,622.00","2,825.00","$391,619.00",149,139,1
,Substance Abuse: Psychiatric Evaluation,,90801,,Encounter,37.00,37.00,"$4,440.00",120,120,1
,Assessment-Psychiatric Assessment,,90802,,Encounter,2.00,2.00,$280.00,140,140,1
,Substance Abuse: Psychiatric Evaluation,,90802,,Encounter,0.00,0.00,$0.00,0,0,0
,Therapy-Individual Therapy,,90804,,Encounter 20-30 Min,71.00,85.00,"$2,943.00",41,35,1
,Substance Abuse: Outpatient Treatment,"0900, 0914, 0915, 0916, 0919",90804,,Encounter 20-30 Min,0.00,0.00,$0.00,0,0,0
Genesee,,,,,,,,,,,
,Therapy-Individual Therapy,,90805,,Encounter 20-30 Min,0.00,0.00,$0.00,0,0,0
,Substance Abuse: Outpatient Treatment,"0900, 0914, 0915, 0916, 0919",90805,,Encounter 20-30 Min,0.00,0.00,$0.00,0,0,0
,Therapy-Individual Therapy,,90806,,Encounter 45-50 Min,"1,341.00","7,573.00","$455,668.00",340,60,6
,Substance Abuse: Outpatient Treatment,"0900, 0914, 0915, 0916, 0919",90806,,Encounter 45-50 Min,0.00,0.00,$0.00,0,0,0
,Therapy-Individual Therapy,,90807,,Encounter 45-50 Min,4.00,6.00,$390.00,98,65,2
,Substance Abuse: Outpatient Treatment,"0900, 0914, 0915, 0916, 0919",90807,,Encounter 45-50 Min,0.00,0.00,$0.00,0,0,0
,Therapy-Individual Therapy,,90808,,Encounter 75-80 Min,43.00,56.00,"$5,386.00",125,96,1
,Substance Abuse: Outpatient Treatment,"0900, 0914, 0915, 0916, 0919",90808,,Encounter 75-80 Min,0.00,0.00,$0.00,0,0,0
,Therapy-Individual Therapy,,90809,,Encounter 75-80 Min,0.00,0.00,$0.00,0,0,0
,Substance Abuse: Outpatient Treatment,"0900, 0914, 0915, 0916, 0919",90809,,Encounter 75-80 Min,0.00,0.00,$0.00,0,0,0
,Therapy-Individual Therapy,,90810,,Encounter 20-30 Min,0.00,0.00,$0.00,0,0,0
,Substance Abuse: Outpatient Treatment,"0900, 0914, 0915, 0916, 0919",90810,,Encounter 20-30 Min,0.00,0.00,$0.00,0,0,0
,Therapy-Individual Therapy,,90811,,Encounter 20-30 Min,0.00,0.00,$0.00,0,0,0
,Substance Abuse: Outpatient Treatment,"0900, 0914, 0915, 0916, 0919",90811,,Encounter 20-30 Min,0.00,0.00,$0.00,0,0,0
,Therapy-Individual Therapy,,90812,,Encounter 45-50 Min,0.00,0.00,$0.00,0,0,0
,Substance Abuse: Outpatient Treatment,"0900, 0914, 0915, 0916, 0919",90812,,Encounter 45-50 Min,0.00,0.00,$0.00,0,0,0
,Therapy-Individual Therapy,,90813,,Encounter 45-50 Min,0.00,0.00,$0.00,0,0,0
,Substance Abuse: Outpatient Treatment,"0900, 0914, 0915, 0916, 0919",90813,,Encounter 45-50 Min,0.00,0.00,$0.00,0,0,0
,Therapy-Individual Therapy,,90814,,Encounter 75-80 Min,0.00,0.00,$0.00,0,0,0
,Substance Abuse: Outpatient Treatment,"0900, 0914, 0915, 0916, 0919",90814,,Encounter 75-80 Min,0.00,0.00,$0.00,0,0,0
,Therapy-Individual Therapy,,90815,,Encounter 75-80 Min,0.00,0.00,$0.00,0,0,0
,Substance Abuse: Outpatient Treatment,"0900, 0914, 0915, 0916, 0919",90815,,Encounter 75-80 Min,0.00,0.00,$0.00,0,0,0
,Therapy-Individual Therapy,,90816,,Encounter 20-30 Min,1.00,1.00,$33.00,33,33,1
,Therapy-Individual Therapy,,90817,,Encounter 20-30 Min,18.00,156.00,"$9,840.00",547,63,9
,Therapy-Individual Therapy,,90818,,Encounter 45-50 Min,0.00,0.00,$0.00,0,0,0
,Therapy-Individual Therapy,,90819,,Encounter 45-50 Min,0.00,0.00,$0.00,0,0,0
,Therapy-Individual Therapy,,90821,,Encounter 75-80 Min,0.00,0.00,$0.00,0,0,0
,Therapy-Individual Therapy,,90822,,Encounter 75-80 Min,0.00,0.00,$0.00,0,0,0
,Therapy-Individual Therapy,,90823,,Encounter 20-30 Min,0.00,0.00,$0.00,0,0,0
,Therapy-Individual Therapy,,90824,,Encounter 20-30 Min,0.00,0.00,$0.00,0,0,0
,Therapy-Individual Therapy,,90826,,Encounter 45-50 Min,0.00,0.00,$0.00,0,0,0
,Substance Abuse: Psychotherapy (Individual Therapy),,90826,,Encounter 45-50 Min,0.00,0.00,$0.00,0,0,0
,Therapy-Individual Therapy,,90827,,Encounter 45-50 Min,0.00,0.00,$0.00,0,0,0
,Therapy-Individual Therapy,,90828,,Encounter 75-80 Min,0.00,0.00,$0.00,0,0,0
,Therapy-Individual Therapy,,90829,,Encounter 75-80 Min,0.00,0.00,$0.00,0,0,0
,Therapy-Family Therapy,,90846,,Encounter,0.00,0.00,$0.00,0,0,0
,Therapy-Family Therapy,,90847,,Encounter,4.00,18.00,"$2,996.00",749,166,5
,Substance Abuse: Outpatient Treatment,"0900, 0906, 0914, 0915, 0916, 0919",90847,,Encounter,0.00,0.00,$0.00,0,0,0
,Therapy-Family Therapy,,90849,,Encounter,0.00,0.00,$0.00,0,0,0
,Therapy-Family Therapy,,90849,HS,Encounter,0.00,0.00,$0.00,0,0,0
Genesee,,,,,,,,,,,
,Therapy-Group Therapy,,90853,,Encounter,104.00,"1,888.00","$178,512.00",1716,95,18
,Substance Abuse: Outpatient Treatment,"0900, 0906, 0914, 0915, 0916, 0919",90853,,Encounter,0.00,0.00,$0.00,0,0,0
,Therapy-Group Therapy,,90857,,Encounter,2.00,31.00,$775.00,388,25,16
,Substance Abuse: Outpatient Treatment,"0900, 0906, 0914, 0915, 0916, 0919",90857,,Encounter,0.00,0.00,$0.00,0,0,0
,Medication Review ,,90862,,Encounter,"3,537.00","12,760.00","$1,082,471.00",306,85,4
,Substance Abuse: Medication Review,"0900, 0914, 0915, 0916, 0919",90862,,Encounter,0.00,0.00,$0.00,0,0,0
,Additional Codes-ECT Physician,,90870,,Encounter,0.00,0.00,$0.00,0,0,0
,Additional Codes-ECT Physician,0901,90870,,Encounter,0.00,0.00,$0.00,0,0,0
,Assessments-Other,,90887,,Encounter,0.00,0.00,$0.00,0,0,0
,Speech & Language Therapy ,,92506,,Encounter,0.00,0.00,$0.00,0,0,0
,Speech & Language Therapy ,,92507,,Encounter,0.00,0.00,$0.00,0,0,0
,Speech & Language Therapy ,,92508,,Encounter,0.00,0.00,$0.00,0,0,0
,Speech & Language Therapy ,,92526,,Encounter,0.00,0.00,$0.00,0,0,0
,Speech & Language Therapy ,,92610,,Encounter,1.00,1.00,$304.00,304,304,1
,Evaluation of Auditory Rehabilitation Status (Children's Waiver),,92626,,First Hour,0.00,0.00,$0.00,0,0,0
,Evaluation of Auditory Rehabiliation Status (Children's Waiver),,92627,,Each Additional 15 Minutes,0.00,0.00,$0.00,0,0,0
,Auditory Rehabilitation Preling Hearing Loss (Children's Waiver),,92630,,Encounter,0.00,0.00,$0.00,0,0,0
,Auditory Rehabilitation; Post-Lingual Hearing Loss (Children's Waiver),,92633,,Encounter,0.00,0.00,$0.00,0,0,0
,Psychological Testing PSYCH/PHYS ,,96101,,Per Hour,8.00,24.00,"$7,290.00",911,304,3
,Psychological Testing by Technician ,,96102,,Per Hour,0.00,0.00,$0.00,0,0,0
,Psychological Testing by Comp ,,96103,,Per Hour,0.00,0.00,$0.00,0,0,0
,Assessments-Other,,96105,,Encounter,0.00,0.00,$0.00,0,0,0
,Assessments-Other,,96110,,Encounter,0.00,0.00,$0.00,0,0,0
,Assessments-Other,,96111,,Encounter,0.00,0.00,$0.00,0,0,0
,Neurobehavioral Status Exam (Children's Waiver),,96116,,Per Hour,0.00,0.00,$0.00,0,0,0
,Neuropsych test by Psych/Phys ,,96118,,Per Hour,0.00,0.00,$0.00,0,0,0
,Neuropsych test by Tech ,,96119,,Per Hour,0.00,0.00,$0.00,0,0,0
,Neuropsych test Admin w/Comp ,,96120,,Per Hour,0.00,0.00,$0.00,0,0,0
,Medication Administration,,96372,,Encounter,349.00,"2,616.00","$271,200.00",777,104,7
,Physical Therapy,,97001,,Encounter,3.00,3.00,$911.00,304,304,1
,Physical Therapy,,97002,,Encounter,3.00,5.00,"$1,519.00",506,304,2
,Occupational Therapy,,97003,,Encounter,12.00,12.00,"$3,808.00",317,317,1
,Occupational Therapy,,97004,,Encounter,3.00,3.00,$911.00,304,304,1
,Occupational or Physical Therapy,,97110,,15 Minutes,0.00,0.00,$0.00,0,0,0
,Occupational or Physical Therapy,,97112,,15 Minutes,0.00,0.00,$0.00,0,0,0
,Occupational or Physical Therapy,,97113,,15 Minutes,0.00,0.00,$0.00,0,0,0
,Occupational or Physical Therapy,,97116,,15 Minutes,0.00,0.00,$0.00,0,0,0
,Occupational or Physical Therapy,,97124,,15 Minutes,0.00,0.00,$0.00,0,0,0
,Occupational or Physical Therapy,,97140,,15 Minutes,0.00,0.00,$0.00,0,0,0
,Occupational or Physical Therapy,,97150,,Encounter,0.00,0.00,$0.00,0,0,0
,Occupational or Physical Therapy,,97530,,15 Minutes,0.00,0.00,$0.00,0,0,0
,Occupational or Physical Therapy,,97532,,15 Minutes,0.00,0.00,$0.00,0,0,0
,Occupational or Physical Therapy,,97533,,15 Minutes,0.00,0.00,$0.00,0,0,0
,Occupational or Physical Therapy,,97535,,15 Minutes,0.00,0.00,$0.00,0,0,0
,Occupational or Physical Therapy,,97537,,15 Minutes,0.00,0.00,$0.00,0,0,0
,Occupational or Physical Therapy,,97542,,15 Minutes,0.00,0.00,$0.00,0,0,0
,Occupational Therapy,,97703,,15 Minutes,0.00,0.00,$0.00,0,0,0
Genesee,,,,,,,,,,,
,Occupational Therapy,,97750,,15 Minutes,0.00,0.00,$0.00,0,0,0
,Occupational Therapy,,97755,,15 Minutes,0.00,0.00,$0.00,0,0,0
,Occupational Therapy,,97760,,15 Minutes,0.00,0.00,$0.00,0,0,0
,C/O for Orthotic/Prosth Use ,,97762,,15 minutes,0.00,0.00,$0.00,0,0,0
,Assessment or Health Services,,97802,,15 Minutes,25.00,81.00,"$24,604.00",984,304,3
,Assessment or Health Services,,97803,,15 Minutes,40.00,154.00,"$46,779.00",1169,304,4
,Health Services,,97804,,30 Minutes,0.00,0.00,$0.00,0,0,0
,Additional Codes-Physician Services,,99201,,Encounter,0.00,0.00,$0.00,0,0,0
,Additional Codes-Physician Services,,99202,,Encounter,0.00,0.00,$0.00,0,0,0
,Additional Codes-Physician Services,,99203,,Encounter,0.00,0.00,$0.00,0,0,0
,Additional Codes-Physician Services,,99204,,Encounter,0.00,0.00,$0.00,0,0,0
,Additional Codes-Physician Services,,99205,,Encounter,0.00,0.00,$0.00,0,0,0
,Additional Codes-Physician Services  Medication Administration,,99211,,Encounter,206.00,733.00,"$218,762.00",1062,298,4
,Additional Codes-Physician Services,,99212,,Encounter,0.00,0.00,$0.00,0,0,0
,Additional Codes-Physician Services,,99213,,Encounter,0.00,0.00,$0.00,0,0,0
,Additional Codes-Physician Services,,99214,,Encounter,0.00,0.00,$0.00,0,0,0
,Additional Codes-Physician Services,,99215,,Encounter,0.00,0.00,$0.00,0,0,0
,Additional Codes-Physician Services,,99221,,30 Minutes,7.00,7.00,$270.00,39,39,1
,Additional Codes-Physician Services,,99222,,50 Minutes,15.00,15.00,$920.00,61,61,1
,Additional Codes-Physician Services,,99223,,70 Minutes,5.00,5.00,$386.00,77,77,1
,Additional Codes-Physician Services,,99231,,15 Minutes,18.00,64.00,"$1,304.00",72,20,4
,Additional Codes-Physician Services,,99232,,25 minutes,26.00,121.00,"$3,544.00",136,29,5
,Additional Codes-Physician Services,,99233,,35 Minutes,4.00,7.00,$276.00,69,39,2
,Additional Codes-Physician Services,,99238,,30 Minutes or less,1.00,1.00,$29.00,29,29,1
,Additional Codes-Physician Services,,99241,,Encounter,0.00,0.00,$0.00,0,0,0
,Additional Codes-Physician Services,,99242,,Encounter,0.00,0.00,$0.00,0,0,0
,Additional Codes-Physician Services,,99243,,Encounter,0.00,0.00,$0.00,0,0,0
,Additional Codes-Physician Services,,99244,,Encounter,0.00,0.00,$0.00,0,0,0
,Additional Codes-Physician Services,,99245,,Encounter,0.00,0.00,$0.00,0,0,0
,Additional Codes-Physician Services,,99251,,Encounter,0.00,0.00,$0.00,0,0,0
,Additional Codes-Physician Services,,99252,,Encounter,4.00,4.00,$168.00,42,42,1
,Additional Codes-Physician Services,,99253,,Encounter,68.00,76.00,"$4,060.00",60,53,1
,Additional Codes-Physician Services,,99254,,Encounter,25.00,25.00,"$1,867.00",75,75,1
,Additional Codes-Physician Services,,99255,,Encounter,0.00,0.00,$0.00,0,0,0
,Additional Codes-Physician Services,,99261,,Encounter,0.00,0.00,$0.00,0,0,0
,Additional Codes-Physician Services,,99262,,Encounter,0.00,0.00,$0.00,0,0,0
,Additional Codes-Physician Services,,99263,,Encounter,0.00,0.00,$0.00,0,0,0
,Additional Codes-Physician Services,,99271,,Encounter,0.00,0.00,$0.00,0,0,0
,Additional Codes-Physician Services,,99272,,Encounter,0.00,0.00,$0.00,0,0,0
,Additional Codes-Physician Services,,99273,,Encounter,0.00,0.00,$0.00,0,0,0
,Additional Codes-Physician Services,,99274,,Encounter,0.00,0.00,$0.00,0,0,0
,Additional Codes-Physician Services,,99275,,Encounter,0.00,0.00,$0.00,0,0,0
,Medication Administration,,99605,,Encounter,59.00,453.00,"$35,063.00",594,77,8
,Transportation,,A0080,,Per mile,0.00,0.00,$0.00,0,0,0
,Transportation,,A0090,,Per mile,0.00,0.00,$0.00,0,0,0
,Transportation,,A0100,,Per one-way trip,0.00,0.00,$0.00,0,0,0
,Transportation,,A0110,,Per one-way trip,0.00,0.00,$0.00,0,0,0
,Transportation,,A0120,,Per one-way trip,0.00,0.00,$0.00,0,0,0
,Transportation,,A0130,,Per one-way trip,0.00,0.00,$0.00,0,0,0
,Transportation,,A0140,,Per one-way trip,0.00,0.00,$0.00,0,0,0
Genesee,,,,,,,,,,,
,Transportation,,A0170,,,0.00,0.00,$0.00,0,0,0
,Additional Codes-Transportation,,A0425,,Per Mile,13.00,571.00,"$62,043.00",4773,109,44
,Additional Codes-Transportation,,A0427,,Refer to code descriptions.,0.00,0.00,$0.00,0,0,0
,Additional codes - Transportation,,A0428,,,13.00,13.00,"$1,830.00",141,141,1
,Repair or Non-Routine Service for DME (Children's Waiver),,E1340,,15 Minutes,0.00,0.00,$0.00,0,0,0
,Enhanced Medical Equipment-Supplies,,E1399,,Items,0.00,0.00,$0.00,0,0,0
,Activity Therapy (Children's Waiver),,G0176,,Encounter,0.00,0.00,$0.00,0,0,0
,Family Training/Support EBP only,,G0177,,Encounter Session at least 45 min,2.00,2.00,$274.00,137,137,1
,Substance Abuse: Individual Assessment,,H0001,,Encounter,"1,350.00","1,962.00","$146,406.00",108,75,1
,Assessment ,,H0002,,Encounter,"3,351.00","3,578.00","$1,339,030.00",400,374,1
,Substance Abuse: Individual Assessment,,H0002,,Encounter,"2,935.00","3,962.00","$430,012.00",147,109,1
,Substance Abuse:Laboratory,,H0003,,Encounter,419.00,"7,560.00","$136,080.00",325,18,18
,Substance Abuse: Outpatient Treatment,"0900, 0906, 0914, 0915, 0916, 0919",H0004,,15 Minutes,"2,317.00","80,226.00","$1,277,810.00",551,16,35
,Substance Abuse: Outpatient Treatment,"0900, 0906, 0914, 0915, 0916, 0919",H0005,,Encounter,"1,486.00","25,484.00","$346,788.00",233,14,17
,Substance Abuse: Case Management,,H0006,,Encounter,176.00,"3,022.00","$22,665.00",129,8,17
,Substance Abuse: Sub-Acute Detoxification,1002,H0010,,Days,461.00,"1,517.00","$327,375.00",710,216,3
,Substance Abuse: Sub-Acute Detoxification,1002,H0012,,Days,0.00,0.00,$0.00,0,0,0
,Substance Abuse: Sub-Acute Detoxification,1002,H0014,,Days,0.00,0.00,$0.00,0,0,0
,Substance Abuse: Outpatient Care,"0900, 0906, 0914, 0915, 0916, 0919",H0015,,Days,205.00,"1,953.00","$140,496.00",685,72,10
,Crisis Residential Services,,H0018,,Days,540.00,"4,523.00","$1,116,910.00",2068,247,8
,Substance Abuse: Residential,1002,H0018,,Days,626.00,"10,024.00","$1,019,927.00",1629,102,16
,Substance Abuse: Residential,1002,H0019,,Days,118.00,"9,995.00","$844,212.00",7154,84,85
,Substance Abuse: Methadone,,H0020,,Encounter,441.00,"117,759.00","$370,249.00",840,3,267
,Substance Abuse: Early Intervention,,H0022,,Encounter,334.00,"1,316.00","$35,282.00",106,27,4
,Peer Directed and Operated Support Services,,H0023,,Encounter,0.00,0.00,$0.00,0,0,0
,Prevention Services - Direct Model,,H0025,,Face to Face Contact,0.00,0.00,$0.00,0,0,0
,Crisis Intervention,,H0030,,Per Service,0.00,0.00,$0.00,0,0,0
,Assessment ,,H0031,,Encounter,"2,204.00","2,737.00","$259,826.00",118,95,1
,Substance Abuse: Assessment,,H0031,,Encounter,0.00,0.00,$0.00,0,0,0
,Treatment Planning,,H0032,,Encounter,276.00,914.00,"$241,766.00",876,265,3
,Monitoring of Treatment - Clinician,,H0032,TS,Encounter,0.00,0.00,$0.00,0,0,0
,Substance Abuse: Pharmalogical Support - Suboxane,,H0033,,Direct Observation Encounter,0.00,0.00,$0.00,0,0,0
,Health Services,,H0034,,15 Minutes,2.00,3.00,$105.00,53,35,2
,Home Based Services,,H0036,,15 Minutes,0.00,0.00,$0.00,0,0,0
,Home Based Services,,H0036,ST,15 Minutes,0.00,0.00,$0.00,0,0,0
,Community Psychiatric Supportive Treatment ,,H0037,,Per diem,0.00,0.00,$0.00,0,0,0
,Peer Directed and Operated Support Services,,H0038,,15 minutes,229.00,"2,803.00","$256,415.00",1120,91,12
,Peer Directed and Operated Support Services,,NA,,,0.00,0.00,$0.00,0,0,0
,Assertive Community Treatment (ACT),,H0039,,15 Minutes,390.00,"77,973.00","$4,145,738.00",10630,53,200
,Community Living Supports in Independent living/own home,,H0043,,Per diem,0.00,0.00,$0.00,0,0,0
,Community Living Supports in Independent living/own home,,H0043,TT,Per diem,0.00,0.00,$0.00,0,0,0
,Respite,,H0045,,Days,0.00,0.00,$0.00,0,0,0
,Respite (Children's Waiver),,H0045,TD,Per Diem,0.00,0.00,$0.00,0,0,0
,Respite (Children's Waiver),,H0045,TE,Per Diem,0.00,0.00,$0.00,0,0,0
,Substance Abuse:Laboratory (cells now unlocked),,H0048,,Encounter,0.00,0.00,$0.00,0,0,0
,Substance Abuse: Individual Assessment,,H0049,,Encounter,0.00,0.00,$0.00,0,0,0
,Behavior Treatment Plan Review,,H2000,,Encounter,19.00,29.00,"$8,809.00",464,304,2
,Behavior Treatment Plan Review - Monitoring Activities,,H2000,TS,Encounter,0.00,0.00,$0.00,0,0,0
Genesee,,,,,,,,,,,
,Comprehensive Medication Services - EBP only,,H2010,,15 minutes,0.00,0.00,$0.00,0,0,0
,Crisis Intervention,,H2011,,15 Minutes,"1,640.00","14,881.00","$654,145.00",399,44,9
,Skill-Building and Out of Home Non Vocational Habilitation,,H2014,,15 minutes,119.00,"277,738.00","$675,184.00",5674,2,2334
,Skill-Building and Out of Home Non Vocational Habilitation,,H2014,TT,15 Minutes,0.00,0.00,$0.00,0,0,0
,Community Living Supports (15 Minutes),,H2015,,15 Minutes,100.00,"93,391.00","$364,731.00",3647,4,934
,Community Living Supports (15 Minutes),,H2015,TT,15 Minutes,0.00,0.00,$0.00,0,0,0
,Community Living Supports (Daily),,H2016,,Per Diem,165.00,"16,222.00","$1,291,662.00",7828,80,98
,Community Living Supports (Daily),,H2016,TF,Per Diem,49.00,"10,030.00","$476,483.00",9724,48,205
,Community Living Supports (Daily),,H2016,TG,Per Diem,141.00,"31,795.00","$3,645,881.00",25857,115,225
,Behavior Services,,H2019,,15 Minutes,0.00,0.00,$0.00,0,0,0
,Behavior Services,,H2019,TT,15 Minutes,0.00,0.00,$0.00,0,0,0
,Crisis Intervention,,H2020,,Days,0.00,0.00,$0.00,0,0,0
,Wraparound,,H2021,,15 Minutes,2.00,106.00,$0.00,0,0,53
,Wraparound,,H2022,,Days,0.00,0.00,$0.00,0,0,0
,Supported Employment Services,,H2023,,15 minutes,36.00,"7,609.00","$47,556.00",1321,6,211
,Supported Employment Services,,H2023,TT,15 Minutes,0.00,0.00,$0.00,0,0,0
,Mental Health Therapy,,H2027,,15 Minutes,0.00,0.00,$0.00,0,0,0
,Clubhouse Psychosocial Rehabilitation Programs ,,H2030,,15 Minutes,159.00,"207,917.00","$1,233,032.00",7755,6,1308
,Home Based Services,,H2033,,15 Minutes,0.00,0.00,$0.00,0,0,0
,Substance Abuse: Outpatient Care,"0900, 0906, 0914, 0915, 0916, 0919",H2035,,Hour,0.00,0.00,$0.00,0,0,0
,Substance Abuse: Outpatient Care,"0900, 0906, 0914, 0915, 0916, 0919",H2036,,Per Diem,0.00,0.00,$0.00,0,0,0
,Medication Review ,,M0064,,"Encounter Face-to-Face, generally less than 10 minutes",384.00,723.00,"$48,563.00",126,67,2
,Transportation,,S0209,,Per Mile,0.00,0.00,$0.00,0,0,0
,Transportation,,S0215,,Per Mile,0.00,0.00,$0.00,0,0,0
,Family Training - EBP,,S5110,,15 Minutes,0.00,0.00,$0.00,0,0,0
,Family Training,,S5111,,Encounter,2.00,2.00,$374.00,187,187,1
,Family Training,,S5111,HA,Encounter,0.00,0.00,$0.00,0,0,0
,"Home Care Training, Non-Family (Children's Waiver)",,S5116,,Encounter,0.00,0.00,$0.00,0,0,0
,Chore Services,,S5120,,15 Minutes,0.00,0.00,$0.00,0,0,0
,Foster Care,,S5140,,Days,0.00,0.00,$0.00,0,0,0
,Foster Care,,S5145,,Days,0.00,0.00,$0.00,0,0,0
,Respite,,S5150,,15 Minutes,0.00,0.00,$0.00,0,0,0
,Respite,,S5151,,Per Diem,0.00,0.00,$0.00,0,0,0
,Personal Emergency Response System (PERS),,S5160,,Encounter,0.00,0.00,$0.00,0,0,0
,Personal Emergency Response System (PERS),,S5161,,Month,0.00,0.00,$0.00,0,0,0
,Environmental Modification ,,S5165,,Service,0.00,0.00,$0.00,0,0,0
,Enhanced Medical Equipment-Supplies,,S5199,,Items,1.00,1.00,$475.00,475,475,1
,Occupational or Physical Therapy,,S8990,,Encounter,0.00,0.00,$0.00,0,0,0
,Private Duty Nursing,0582,S9123,,Hour,0.00,0.00,$0.00,0,0,0
,Private Duty Nursing,,S9123,,Hour,0.00,0.00,$0.00,0,0,0
,Private Duty Nursing,,S9123,TT,Hour,0.00,0.00,$0.00,0,0,0
,Private Duty Nursing,0582,S9124,,Hour,0.00,0.00,$0.00,0,0,0
,Private Duty Nursing,,S9124,,Hour,0.00,0.00,$0.00,0,0,0
,Private Duty Nursing,,S9124,TT,Hour,0.00,0.00,$0.00,0,0,0
,Respite Care in the Home (RN) (Children's Waiver),,S9125,TD,Per Diem,0.00,0.00,$0.00,0,0,0
,Respite Care in the Home (LPN) (Children's Waiver),,S9125,TE,Per Diem,0.00,0.00,$0.00,0,0,0
,Health Services,,S9445,,Encounter,34.00,52.00,"$13,401.00",394,258,2
,Health Services,,S9446,,Encounter,0.00,0.00,$0.00,0,0,0
Genesee,,,,,,,,,,,
,Health Services,,S9470,,Encounter,16.00,30.00,"$9,113.00",570,304,2
,Intensive Crisis Stabilization-Enrolled Program,,S9484,,Hour,975.00,"6,206.00","$868,770.00",891,140,6
,Reidential Room and Board,,S9976,,Days,812.00,"34,875.00","$638,840.00",787,18,43
,Private Duty Nursing,,T1000,,Up to 15 min,0.00,0.00,$0.00,0,0,0
,Private Duty Nursing,,T1000,TD,Up to 15 min,0.00,0.00,$0.00,0,0,0
,Private Duty Nursing,,T1000,TE,Up to 15 min,0.00,0.00,$0.00,0,0,0
,Assessment,,T1001,,Encounter,101.00,104.00,"$50,247.00",497,483,1
,Health Services,,T1002,,Up to 15 min,415.00,"2,533.00","$314,557.00",758,124,6
,Respite Care,,T1005,,15 Minutes,22.00,"25,664.00","$80,842.00",3675,3,1167
,Respite Care,,T1005,TD,15 Minutes,0.00,0.00,$0.00,0,0,0
,Respite Care,,T1005,TE,15 Minutes,0.00,0.00,$0.00,0,0,0
,Substance Abuse: Recovery Support Services,"0900, 0906, 0914, 0915, 0916, 0919",T1012,,Encounter,168.00,"15,150.00","$37,875.00",225,3,90
,Family Psycho-Education - EBP,,T1015,,Encounter,0.00,0.00,$0.00,0,0,0
,Supports Coordination/Wrap Facilitation,,T1016,,15 minutes,69.00,"3,471.00","$171,285.00",2482,49,50
,Targeted Case Management ,,T1017,,15 minutes,"3,909.00","198,893.00","$9,574,156.00",2449,48,51
,Nursing Home Mental Health Monitoring,,T1017,SE,15 minutes,0.00,0.00,$0.00,0,0,0
,Personal Care in Licensed Specialized Residential Setting,,T1020,,Days,0.00,0.00,$0.00,0,0,0
,Personal Care in Licensed Specialized Residential Setting,,T1020,TF,Days,97.00,"23,550.00","$865,021.00",8918,37,243
,Personal Care in Licensed Specialized Residential Setting,,T1020,TG,Days,32.00,"5,085.00","$390,207.00",12194,77,159
,Assessments,,T1023,,Encounter,"2,348.00","3,843.00","$563,032.00",240,147,2
,Enhanced Medical Supplies or Pharmacy,,T1999,,Items,0.00,0.00,$0.00,0,0,0
,Transportation,,T2001,,Encounter,0.00,0.00,$0.00,0,0,0
,Transportation,,T2002,,Per Diem,1.00,210.00,"$2,623.00",2623,12,210
,Transportation,,T2003,,Encounter / Trip,89.00,"11,915.00","$245,585.00",2759,21,134
,Transportation,,T2004,,Encounter,0.00,0.00,$0.00,0,0,0
,Transportation,,T2005,,Encounter,0.00,0.00,$0.00,0,0,0
,Out of Home Prevocational Service,,T2015,,Hour,0.00,0.00,$0.00,0,0,0
,Targeted Case Management (Children's Waiver),,T2023,,Month,0.00,0.00,$0.00,0,0,0
,Fiscal Intermediary Services,,T2025,,Month,5.00,50.00,"$5,875.00",1175,118,10
,Enhanced Medical Equipment-Supplies,,T2028,,Items,0.00,0.00,$0.00,0,0,0
,Enhanced Medical Equipment-Supplies,,T2029,,Items,0.00,0.00,$0.00,0,0,0
,Crisis Intervention,,T2034,,Days,0.00,0.00,$0.00,0,0,0
,Respite Care,,T2036,,Encounter / Trip. Per session. One night = one session,0.00,0.00,$0.00,0,0,0
,Respite Care,,T2037,,Encounter / Trip  Per session. One day/partial day = one session,0.00,0.00,$0.00,0,0,0
,Housing Assistance,,T2038,,Month   Service,161.00,484.00,"$439,975.00",2733,909,3
,Enhanced Medical Equipment-Supplies,,T2039,,Items,0.00,0.00,$0.00,0,0,0
,Pharmacy (Drugs and Other Biologicals),,,,,0.00,0.00,$0.00,0,0,0
,Other,,,,,73.00,0.00,"$67,555.00",925,0,0
,Aggregate for 'J' Codes,,ALL,,,253.00,0.00,"$288,370.00",1140,0,0
Gogebic,,,,,,,,,,,
,State Psychiatric Hospital - Inpatient PT22,"0100, 0101, 0114, 0124, 0134, 0154",,PT22,Days,1.00,36.00,"$17,721.00",17721,492,36
,State Mental Retardation Facility - Inpatient (ICF/MR) PT65,"0100, 0101, 0114, 0124, 0134, 0154",,PT65,Days,0.00,0.00,$0.00,0,0,0
,Local Psychiatric Hospital/IMD PT68,"0100, 0101, 0114, 0124, 0134, 0154",,PT68,Days,0.00,0.00,$0.00,0,0,0
,Local Psychiatric Hospital - Acute Community PT73,"0100, 0101, 0114, 0124, 0134, 0154",,PT73,Days,28.00,288.00,"$242,381.00",8656,842,10
,Inpatient Hospital Ancillary Services - Leave of Absence,0183,,,Days,0.00,0.00,$0.00,0,0,0
,Inpatient Hospital Ancillary Services - Pharmacy,"0250-0254, 0257-0258 ",,,,0.00,0.00,$0.00,0,0,0
,Inpatient Hospital Ancillary Services - Medical/Surgical Supplies and Devices,0270-0272,,,# of items,0.00,0.00,$0.00,0,0,0
,Inpatient Hospital Ancillary Services - Laboratory,"0300-0302, 0305-0307",,,# of tests,0.00,0.00,$0.00,0,0,0
,Inpatient Hospital Ancillary Services - Radiology,0320,,,# of tests,0.00,0.00,$0.00,0,0,0
,ECT Anesthesia,0370,,,,0.00,0.00,$0.00,0,0,0
,Inpatient Hospital Ancillary Services - Respiratory Services,0410,,,# of treatments,0.00,0.00,$0.00,0,0,0
,Inpatient Hospital Ancillary Services -Physical Therapy,0420-0424,,,# of treatments,0.00,0.00,$0.00,0,0,0
,Inpatient Hospital Ancillary Services - Occupational Therapy,0430-0434,,,# of treatments,0.00,0.00,$0.00,0,0,0
,Inpatient Hospital Ancillary Services - Speech-Language Pathology,0440-0444,,,# of treatments,0.00,0.00,$0.00,0,0,0
,Inpatient Hospital Ancillary Services - Emergency Room,0450,,,# of visits,0.00,0.00,$0.00,0,0,0
,Inpatient Hospital Ancillary Services - Pulmonary Function,0460,,,# of tests,0.00,0.00,$0.00,0,0,0
,Inpatient Hospital Ancillary Services - Audiology,0470-0472,,,# of tests,0.00,0.00,$0.00,0,0,0
,Inpatient Hospital Ancillary Services - Magnetic Resonance Technology (MRT),0610-0611,,,# of tests,0.00,0.00,$0.00,0,0,0
,Inpatient Hospital Ancillary Services - Pharmacy,0636,,,# of units,0.00,0.00,$0.00,0,0,0
,ECT Recovery Room,0701,,,,0.00,0.00,$0.00,0,0,0
,Inpatient Hospital Ancillary Services -EKG/ECG,0730-0731,,,# of tests,0.00,0.00,$0.00,0,0,0
,Inpatient Hospital Ancillary Services - EEG,0740,,,# of tests,0.00,0.00,$0.00,0,0,0
,Crisis Observation Care,0762,,,Hour,0.00,0.00,$0.00,0,0,0
,Additional Codes-ECT Facility Charge,0901,,,Encounter,1.00,1.00,$606.00,606,606,1
,Inpatient Hospital Ancillary Services - Psychiatric/Psychological Treatments/Services,"0900, 0902-0904, 0911, 0914-0919",,,# of visits,0.00,0.00,$0.00,0,0,0
,Outpatient Partial Hospitalization,0912,,,Days,0.00,0.00,$0.00,0,0,0
,Outpatient Partial Hospitalization,0913,,,Days,0.00,0.00,$0.00,0,0,0
,Inpatient Hospital Ancillary Services - Other Diagnosis Services,0925,,,# of tests,0.00,0.00,$0.00,0,0,0
,Inpatient Hospital Ancillary Services - Other Therapeutic Services,0940-0942,,,# of visits,0.00,0.00,$0.00,0,0,0
,Additional Codes-ECT Anesthesia,,00104,,Minutes,0.00,0.00,$0.00,0,0,0
,Drug Screen for Methadone Clients Only,,80100,,Per Screen,0.00,0.00,$0.00,0,0,0
,Drug Screen for Methadone Clients Only,,80101,,Per Screen,0.00,0.00,$0.00,0,0,0
,Alcohol Breath Test for Methadone Clients Only,,82075,,Per Test,0.00,0.00,$0.00,0,0,0
,Medication Administration,,90772,,Encounter,10.00,39.00,"$3,436.00",344,88,4
,Assessment-Psychiatric Assessment,,90801,,Encounter,25.00,25.00,"$18,586.00",743,743,1
,Substance Abuse: Psychiatric Evaluation,,90801,,Encounter,0.00,0.00,$0.00,0,0,0
,Assessment-Psychiatric Assessment,,90802,,Encounter,0.00,0.00,$0.00,0,0,0
,Substance Abuse: Psychiatric Evaluation,,90802,,Encounter,0.00,0.00,$0.00,0,0,0
,Therapy-Individual Therapy,,90804,,Encounter 20-30 Min,11.00,15.00,"$1,928.00",175,129,1
,Substance Abuse: Outpatient Treatment,"0900, 0914, 0915, 0916, 0919",90804,,Encounter 20-30 Min,0.00,0.00,$0.00,0,0,0
Gogebic,,,,,,,,,,,
,Therapy-Individual Therapy,,90805,,Encounter 20-30 Min,0.00,0.00,$0.00,0,0,0
,Substance Abuse: Outpatient Treatment,"0900, 0914, 0915, 0916, 0919",90805,,Encounter 20-30 Min,0.00,0.00,$0.00,0,0,0
,Therapy-Individual Therapy,,90806,,Encounter 45-50 Min,39.00,218.00,"$50,975.00",1307,234,6
,Substance Abuse: Outpatient Treatment,"0900, 0914, 0915, 0916, 0919",90806,,Encounter 45-50 Min,0.00,0.00,$0.00,0,0,0
,Therapy-Individual Therapy,,90807,,Encounter 45-50 Min,0.00,0.00,$0.00,0,0,0
,Substance Abuse: Outpatient Treatment,"0900, 0914, 0915, 0916, 0919",90807,,Encounter 45-50 Min,0.00,0.00,$0.00,0,0,0
,Therapy-Individual Therapy,,90808,,Encounter 75-80 Min,4.00,4.00,"$1,446.00",362,362,1
,Substance Abuse: Outpatient Treatment,"0900, 0914, 0915, 0916, 0919",90808,,Encounter 75-80 Min,0.00,0.00,$0.00,0,0,0
,Therapy-Individual Therapy,,90809,,Encounter 75-80 Min,0.00,0.00,$0.00,0,0,0
,Substance Abuse: Outpatient Treatment,"0900, 0914, 0915, 0916, 0919",90809,,Encounter 75-80 Min,0.00,0.00,$0.00,0,0,0
,Therapy-Individual Therapy,,90810,,Encounter 20-30 Min,0.00,0.00,$0.00,0,0,0
,Substance Abuse: Outpatient Treatment,"0900, 0914, 0915, 0916, 0919",90810,,Encounter 20-30 Min,0.00,0.00,$0.00,0,0,0
,Therapy-Individual Therapy,,90811,,Encounter 20-30 Min,0.00,0.00,$0.00,0,0,0
,Substance Abuse: Outpatient Treatment,"0900, 0914, 0915, 0916, 0919",90811,,Encounter 20-30 Min,0.00,0.00,$0.00,0,0,0
,Therapy-Individual Therapy,,90812,,Encounter 45-50 Min,0.00,0.00,$0.00,0,0,0
,Substance Abuse: Outpatient Treatment,"0900, 0914, 0915, 0916, 0919",90812,,Encounter 45-50 Min,0.00,0.00,$0.00,0,0,0
,Therapy-Individual Therapy,,90813,,Encounter 45-50 Min,0.00,0.00,$0.00,0,0,0
,Substance Abuse: Outpatient Treatment,"0900, 0914, 0915, 0916, 0919",90813,,Encounter 45-50 Min,0.00,0.00,$0.00,0,0,0
,Therapy-Individual Therapy,,90814,,Encounter 75-80 Min,0.00,0.00,$0.00,0,0,0
,Substance Abuse: Outpatient Treatment,"0900, 0914, 0915, 0916, 0919",90814,,Encounter 75-80 Min,0.00,0.00,$0.00,0,0,0
,Therapy-Individual Therapy,,90815,,Encounter 75-80 Min,0.00,0.00,$0.00,0,0,0
,Substance Abuse: Outpatient Treatment,"0900, 0914, 0915, 0916, 0919",90815,,Encounter 75-80 Min,0.00,0.00,$0.00,0,0,0
,Therapy-Individual Therapy,,90816,,Encounter 20-30 Min,0.00,0.00,$0.00,0,0,0
,Therapy-Individual Therapy,,90817,,Encounter 20-30 Min,0.00,0.00,$0.00,0,0,0
,Therapy-Individual Therapy,,90818,,Encounter 45-50 Min,0.00,0.00,$0.00,0,0,0
,Therapy-Individual Therapy,,90819,,Encounter 45-50 Min,0.00,0.00,$0.00,0,0,0
,Therapy-Individual Therapy,,90821,,Encounter 75-80 Min,0.00,0.00,$0.00,0,0,0
,Therapy-Individual Therapy,,90822,,Encounter 75-80 Min,0.00,0.00,$0.00,0,0,0
,Therapy-Individual Therapy,,90823,,Encounter 20-30 Min,0.00,0.00,$0.00,0,0,0
,Therapy-Individual Therapy,,90824,,Encounter 20-30 Min,0.00,0.00,$0.00,0,0,0
,Therapy-Individual Therapy,,90826,,Encounter 45-50 Min,0.00,0.00,$0.00,0,0,0
,Substance Abuse: Psychotherapy (Individual Therapy),,90826,,Encounter 45-50 Min,0.00,0.00,$0.00,0,0,0
,Therapy-Individual Therapy,,90827,,Encounter 45-50 Min,0.00,0.00,$0.00,0,0,0
,Therapy-Individual Therapy,,90828,,Encounter 75-80 Min,0.00,0.00,$0.00,0,0,0
,Therapy-Individual Therapy,,90829,,Encounter 75-80 Min,0.00,0.00,$0.00,0,0,0
,Therapy-Family Therapy,,90846,,Encounter,0.00,0.00,$0.00,0,0,0
,Therapy-Family Therapy,,90847,,Encounter,0.00,0.00,$0.00,0,0,0
,Substance Abuse: Outpatient Treatment,"0900, 0906, 0914, 0915, 0916, 0919",90847,,Encounter,0.00,0.00,$0.00,0,0,0
,Therapy-Family Therapy,,90849,,Encounter,0.00,0.00,$0.00,0,0,0
,Therapy-Family Therapy,,90849,HS,Encounter,0.00,0.00,$0.00,0,0,0
Gogebic,,,,,,,,,,,
,Therapy-Group Therapy,,90853,,Encounter,30.00,376.00,"$50,722.00",1691,135,13
,Substance Abuse: Outpatient Treatment,"0900, 0906, 0914, 0915, 0916, 0919",90853,,Encounter,0.00,0.00,$0.00,0,0,0
,Therapy-Group Therapy,,90857,,Encounter,0.00,0.00,$0.00,0,0,0
,Substance Abuse: Outpatient Treatment,"0900, 0906, 0914, 0915, 0916, 0919",90857,,Encounter,0.00,0.00,$0.00,0,0,0
,Medication Review ,,90862,,Encounter,129.00,535.00,"$141,229.00",1095,264,4
,Substance Abuse: Medication Review,"0900, 0914, 0915, 0916, 0919",90862,,Encounter,0.00,0.00,$0.00,0,0,0
,Additional Codes-ECT Physician,,90870,,Encounter,0.00,0.00,$0.00,0,0,0
,Additional Codes-ECT Physician,0901,90870,,Encounter,0.00,0.00,$0.00,0,0,0
,Assessments-Other,,90887,,Encounter,1.00,1.00,$370.00,370,370,1
,Speech & Language Therapy ,,92506,,Encounter,0.00,0.00,$0.00,0,0,0
,Speech & Language Therapy ,,92507,,Encounter,0.00,0.00,$0.00,0,0,0
,Speech & Language Therapy ,,92508,,Encounter,0.00,0.00,$0.00,0,0,0
,Speech & Language Therapy ,,92526,,Encounter,0.00,0.00,$0.00,0,0,0
,Speech & Language Therapy ,,92610,,Encounter,0.00,0.00,$0.00,0,0,0
,Evaluation of Auditory Rehabilitation Status (Children's Waiver),,92626,,First Hour,0.00,0.00,$0.00,0,0,0
,Evaluation of Auditory Rehabiliation Status (Children's Waiver),,92627,,Each Additional 15 Minutes,0.00,0.00,$0.00,0,0,0
,Auditory Rehabilitation Preling Hearing Loss (Children's Waiver),,92630,,Encounter,0.00,0.00,$0.00,0,0,0
,Auditory Rehabilitation; Post-Lingual Hearing Loss (Children's Waiver),,92633,,Encounter,0.00,0.00,$0.00,0,0,0
,Psychological Testing PSYCH/PHYS ,,96101,,Per Hour,0.00,0.00,$0.00,0,0,0
,Psychological Testing by Technician ,,96102,,Per Hour,0.00,0.00,$0.00,0,0,0
,Psychological Testing by Comp ,,96103,,Per Hour,0.00,0.00,$0.00,0,0,0
,Assessments-Other,,96105,,Encounter,0.00,0.00,$0.00,0,0,0
,Assessments-Other,,96110,,Encounter,0.00,0.00,$0.00,0,0,0
,Assessments-Other,,96111,,Encounter,0.00,0.00,$0.00,0,0,0
,Neurobehavioral Status Exam (Children's Waiver),,96116,,Per Hour,0.00,0.00,$0.00,0,0,0
,Neuropsych test by Psych/Phys ,,96118,,Per Hour,0.00,0.00,$0.00,0,0,0
,Neuropsych test by Tech ,,96119,,Per Hour,0.00,0.00,$0.00,0,0,0
,Neuropsych test Admin w/Comp ,,96120,,Per Hour,0.00,0.00,$0.00,0,0,0
,Medication Administration,,96372,,Encounter,12.00,117.00,"$9,800.00",817,84,10
,Physical Therapy,,97001,,Encounter,0.00,0.00,$0.00,0,0,0
,Physical Therapy,,97002,,Encounter,0.00,0.00,$0.00,0,0,0
,Occupational Therapy,,97003,,Encounter,1.00,1.00,$550.00,550,550,1
,Occupational Therapy,,97004,,Encounter,0.00,0.00,$0.00,0,0,0
,Occupational or Physical Therapy,,97110,,15 Minutes,0.00,0.00,$0.00,0,0,0
,Occupational or Physical Therapy,,97112,,15 Minutes,0.00,0.00,$0.00,0,0,0
,Occupational or Physical Therapy,,97113,,15 Minutes,0.00,0.00,$0.00,0,0,0
,Occupational or Physical Therapy,,97116,,15 Minutes,0.00,0.00,$0.00,0,0,0
,Occupational or Physical Therapy,,97124,,15 Minutes,0.00,0.00,$0.00,0,0,0
,Occupational or Physical Therapy,,97140,,15 Minutes,0.00,0.00,$0.00,0,0,0
,Occupational or Physical Therapy,,97150,,Encounter,0.00,0.00,$0.00,0,0,0
,Occupational or Physical Therapy,,97530,,15 Minutes,0.00,0.00,$0.00,0,0,0
,Occupational or Physical Therapy,,97532,,15 Minutes,0.00,0.00,$0.00,0,0,0
,Occupational or Physical Therapy,,97533,,15 Minutes,0.00,0.00,$0.00,0,0,0
,Occupational or Physical Therapy,,97535,,15 Minutes,0.00,0.00,$0.00,0,0,0
,Occupational or Physical Therapy,,97537,,15 Minutes,0.00,0.00,$0.00,0,0,0
,Occupational or Physical Therapy,,97542,,15 Minutes,0.00,0.00,$0.00,0,0,0
,Occupational Therapy,,97703,,15 Minutes,0.00,0.00,$0.00,0,0,0
Gogebic,,,,,,,,,,,
,Occupational Therapy,,97750,,15 Minutes,0.00,0.00,$0.00,0,0,0
,Occupational Therapy,,97755,,15 Minutes,0.00,0.00,$0.00,0,0,0
,Occupational Therapy,,97760,,15 Minutes,0.00,0.00,$0.00,0,0,0
,C/O for Orthotic/Prosth Use ,,97762,,15 minutes,0.00,0.00,$0.00,0,0,0
,Assessment or Health Services,,97802,,15 Minutes,0.00,0.00,$0.00,0,0,0
,Assessment or Health Services,,97803,,15 Minutes,0.00,0.00,$0.00,0,0,0
,Health Services,,97804,,30 Minutes,0.00,0.00,$0.00,0,0,0
,Additional Codes-Physician Services,,99201,,Encounter,0.00,0.00,$0.00,0,0,0
,Additional Codes-Physician Services,,99202,,Encounter,0.00,0.00,$0.00,0,0,0
,Additional Codes-Physician Services,,99203,,Encounter,0.00,0.00,$0.00,0,0,0
,Additional Codes-Physician Services,,99204,,Encounter,0.00,0.00,$0.00,0,0,0
,Additional Codes-Physician Services,,99205,,Encounter,0.00,0.00,$0.00,0,0,0
,Additional Codes-Physician Services  Medication Administration,,99211,,Encounter,0.00,0.00,$0.00,0,0,0
,Additional Codes-Physician Services,,99212,,Encounter,0.00,0.00,$0.00,0,0,0
,Additional Codes-Physician Services,,99213,,Encounter,0.00,0.00,$0.00,0,0,0
,Additional Codes-Physician Services,,99214,,Encounter,0.00,0.00,$0.00,0,0,0
,Additional Codes-Physician Services,,99215,,Encounter,0.00,0.00,$0.00,0,0,0
,Additional Codes-Physician Services,,99221,,30 Minutes,2.00,2.00,$155.00,78,78,1
,Additional Codes-Physician Services,,99222,,50 Minutes,0.00,0.00,$0.00,0,0,0
,Additional Codes-Physician Services,,99223,,70 Minutes,0.00,0.00,$0.00,0,0,0
,Additional Codes-Physician Services,,99231,,15 Minutes,2.00,11.00,$854.00,427,78,6
,Additional Codes-Physician Services,,99232,,25 minutes,0.00,0.00,$0.00,0,0,0
,Additional Codes-Physician Services,,99233,,35 Minutes,0.00,0.00,$0.00,0,0,0
,Additional Codes-Physician Services,,99238,,30 Minutes or less,0.00,0.00,$0.00,0,0,0
,Additional Codes-Physician Services,,99241,,Encounter,0.00,0.00,$0.00,0,0,0
,Additional Codes-Physician Services,,99242,,Encounter,0.00,0.00,$0.00,0,0,0
,Additional Codes-Physician Services,,99243,,Encounter,0.00,0.00,$0.00,0,0,0
,Additional Codes-Physician Services,,99244,,Encounter,0.00,0.00,$0.00,0,0,0
,Additional Codes-Physician Services,,99245,,Encounter,0.00,0.00,$0.00,0,0,0
,Additional Codes-Physician Services,,99251,,Encounter,0.00,0.00,$0.00,0,0,0
,Additional Codes-Physician Services,,99252,,Encounter,0.00,0.00,$0.00,0,0,0
,Additional Codes-Physician Services,,99253,,Encounter,0.00,0.00,$0.00,0,0,0
,Additional Codes-Physician Services,,99254,,Encounter,0.00,0.00,$0.00,0,0,0
,Additional Codes-Physician Services,,99255,,Encounter,0.00,0.00,$0.00,0,0,0
,Additional Codes-Physician Services,,99261,,Encounter,0.00,0.00,$0.00,0,0,0
,Additional Codes-Physician Services,,99262,,Encounter,0.00,0.00,$0.00,0,0,0
,Additional Codes-Physician Services,,99263,,Encounter,0.00,0.00,$0.00,0,0,0
,Additional Codes-Physician Services,,99271,,Encounter,0.00,0.00,$0.00,0,0,0
,Additional Codes-Physician Services,,99272,,Encounter,0.00,0.00,$0.00,0,0,0
,Additional Codes-Physician Services,,99273,,Encounter,0.00,0.00,$0.00,0,0,0
,Additional Codes-Physician Services,,99274,,Encounter,0.00,0.00,$0.00,0,0,0
,Additional Codes-Physician Services,,99275,,Encounter,0.00,0.00,$0.00,0,0,0
,Medication Administration,,99605,,Encounter,0.00,0.00,$0.00,0,0,0
,Transportation,,A0080,,Per mile,0.00,0.00,$0.00,0,0,0
,Transportation,,A0090,,Per mile,0.00,0.00,$0.00,0,0,0
,Transportation,,A0100,,Per one-way trip,0.00,0.00,$0.00,0,0,0
,Transportation,,A0110,,Per one-way trip,0.00,0.00,$0.00,0,0,0
,Transportation,,A0120,,Per one-way trip,0.00,0.00,$0.00,0,0,0
,Transportation,,A0130,,Per one-way trip,0.00,0.00,$0.00,0,0,0
,Transportation,,A0140,,Per one-way trip,0.00,0.00,$0.00,0,0,0
Gogebic,,,,,,,,,,,
,Transportation,,A0170,,,0.00,0.00,$0.00,0,0,0
,Additional Codes-Transportation,,A0425,,Per Mile,0.00,0.00,$0.00,0,0,0
,Additional Codes-Transportation,,A0427,,Refer to code descriptions.,0.00,0.00,$0.00,0,0,0
,Additional codes - Transportation,,A0428,,,0.00,0.00,$0.00,0,0,0
,Repair or Non-Routine Service for DME (Children's Waiver),,E1340,,15 Minutes,0.00,0.00,$0.00,0,0,0
,Enhanced Medical Equipment-Supplies,,E1399,,Items,0.00,0.00,$0.00,0,0,0
,Activity Therapy (Children's Waiver),,G0176,,Encounter,0.00,0.00,$0.00,0,0,0
,Family Training/Support EBP only,,G0177,,Encounter Session at least 45 min,5.00,5.00,$735.00,147,147,1
,Substance Abuse: Individual Assessment,,H0001,,Encounter,0.00,0.00,$0.00,0,0,0
,Assessment ,,H0002,,Encounter,6.00,7.00,"$2,323.00",387,332,1
,Substance Abuse: Individual Assessment,,H0002,,Encounter,0.00,0.00,$0.00,0,0,0
,Substance Abuse:Laboratory,,H0003,,Encounter,0.00,0.00,$0.00,0,0,0
,Substance Abuse: Outpatient Treatment,"0900, 0906, 0914, 0915, 0916, 0919",H0004,,15 Minutes,0.00,0.00,$0.00,0,0,0
,Substance Abuse: Outpatient Treatment,"0900, 0906, 0914, 0915, 0916, 0919",H0005,,Encounter,0.00,0.00,$0.00,0,0,0
,Substance Abuse: Case Management,,H0006,,Encounter,0.00,0.00,$0.00,0,0,0
,Substance Abuse: Sub-Acute Detoxification,1002,H0010,,Days,0.00,0.00,$0.00,0,0,0
,Substance Abuse: Sub-Acute Detoxification,1002,H0012,,Days,0.00,0.00,$0.00,0,0,0
,Substance Abuse: Sub-Acute Detoxification,1002,H0014,,Days,0.00,0.00,$0.00,0,0,0
,Substance Abuse: Outpatient Care,"0900, 0906, 0914, 0915, 0916, 0919",H0015,,Days,0.00,0.00,$0.00,0,0,0
,Crisis Residential Services,,H0018,,Days,0.00,0.00,$0.00,0,0,0
,Substance Abuse: Residential,1002,H0018,,Days,0.00,0.00,$0.00,0,0,0
,Substance Abuse: Residential,1002,H0019,,Days,0.00,0.00,$0.00,0,0,0
,Substance Abuse: Methadone,,H0020,,Encounter,0.00,0.00,$0.00,0,0,0
,Substance Abuse: Early Intervention,,H0022,,Encounter,0.00,0.00,$0.00,0,0,0
,Peer Directed and Operated Support Services,,H0023,,Encounter,32.00,689.00,"$34,271.00",1071,50,22
,Prevention Services - Direct Model,,H0025,,Face to Face Contact,0.00,0.00,$0.00,0,0,0
,Crisis Intervention,,H0030,,Per Service,0.00,0.00,$0.00,0,0,0
,Assessment ,,H0031,,Encounter,77.00,99.00,"$43,708.00",568,441,1
,Substance Abuse: Assessment,,H0031,,Encounter,0.00,0.00,$0.00,0,0,0
,Treatment Planning,,H0032,,Encounter,24.00,38.00,"$13,659.00",569,359,2
,Monitoring of Treatment - Clinician,,H0032,TS,Encounter,0.00,0.00,$0.00,0,0,0
,Substance Abuse: Pharmalogical Support - Suboxane,,H0033,,Direct Observation Encounter,0.00,0.00,$0.00,0,0,0
,Health Services,,H0034,,15 Minutes,1.00,1.00,$65.00,65,65,1
,Home Based Services,,H0036,,15 Minutes,2.00,689.00,"$35,435.00",17718,51,345
,Home Based Services,,H0036,ST,15 Minutes,0.00,0.00,$0.00,0,0,0
,Community Psychiatric Supportive Treatment ,,H0037,,Per diem,0.00,0.00,$0.00,0,0,0
,Peer Directed and Operated Support Services,,H0038,,15 minutes,8.00,936.00,"$5,682.00",710,6,117
,Peer Directed and Operated Support Services,,NA,,,0.00,0.00,$0.00,0,0,0
,Assertive Community Treatment (ACT),,H0039,,15 Minutes,31.00,"6,314.00","$354,026.00",11420,56,204
,Community Living Supports in Independent living/own home,,H0043,,Per diem,0.00,0.00,$0.00,0,0,0
,Community Living Supports in Independent living/own home,,H0043,TT,Per diem,0.00,0.00,$0.00,0,0,0
,Respite,,H0045,,Days,0.00,0.00,$0.00,0,0,0
,Respite (Children's Waiver),,H0045,TD,Per Diem,0.00,0.00,$0.00,0,0,0
,Respite (Children's Waiver),,H0045,TE,Per Diem,0.00,0.00,$0.00,0,0,0
,Substance Abuse:Laboratory (cells now unlocked),,H0048,,Encounter,0.00,0.00,$0.00,0,0,0
,Substance Abuse: Individual Assessment,,H0049,,Encounter,0.00,0.00,$0.00,0,0,0
,Behavior Treatment Plan Review,,H2000,,Encounter,0.00,0.00,$0.00,0,0,0
,Behavior Treatment Plan Review - Monitoring Activities,,H2000,TS,Encounter,0.00,0.00,$0.00,0,0,0
Gogebic,,,,,,,,,,,
,Comprehensive Medication Services - EBP only,,H2010,,15 minutes,0.00,0.00,$0.00,0,0,0
,Crisis Intervention,,H2011,,15 Minutes,107.00,634.00,"$37,856.00",354,60,6
,Skill-Building and Out of Home Non Vocational Habilitation,,H2014,,15 minutes,4.00,44.00,$980.00,245,22,11
,Skill-Building and Out of Home Non Vocational Habilitation,,H2014,TT,15 Minutes,0.00,0.00,$0.00,0,0,0
,Community Living Supports (15 Minutes),,H2015,,15 Minutes,49.00,"3,171.00","$44,489.00",908,14,65
,Community Living Supports (15 Minutes),,H2015,TT,15 Minutes,34.00,"3,232.00","$11,247.00",331,3,95
,Community Living Supports (Daily),,H2016,,Per Diem,0.00,0.00,$0.00,0,0,0
,Community Living Supports (Daily),,H2016,TF,Per Diem,0.00,0.00,$0.00,0,0,0
,Community Living Supports (Daily),,H2016,TG,Per Diem,7.00,"1,532.00","$268,667.00",38381,175,219
,Behavior Services,,H2019,,15 Minutes,0.00,0.00,$0.00,0,0,0
,Behavior Services,,H2019,TT,15 Minutes,0.00,0.00,$0.00,0,0,0
,Crisis Intervention,,H2020,,Days,0.00,0.00,$0.00,0,0,0
,Wraparound,,H2021,,15 Minutes,0.00,0.00,$0.00,0,0,0
,Wraparound,,H2022,,Days,0.00,0.00,$0.00,0,0,0
,Supported Employment Services,,H2023,,15 minutes,29.00,"3,118.00","$69,438.00",2394,22,108
,Supported Employment Services,,H2023,TT,15 Minutes,8.00,"1,815.00","$40,420.00",5053,22,227
,Mental Health Therapy,,H2027,,15 Minutes,0.00,0.00,$0.00,0,0,0
,Clubhouse Psychosocial Rehabilitation Programs ,,H2030,,15 Minutes,0.00,0.00,$0.00,0,0,0
,Home Based Services,,H2033,,15 Minutes,0.00,0.00,$0.00,0,0,0
,Substance Abuse: Outpatient Care,"0900, 0906, 0914, 0915, 0916, 0919",H2035,,Hour,0.00,0.00,$0.00,0,0,0
,Substance Abuse: Outpatient Care,"0900, 0906, 0914, 0915, 0916, 0919",H2036,,Per Diem,0.00,0.00,$0.00,0,0,0
,Medication Review ,,M0064,,"Encounter Face-to-Face, generally less than 10 minutes",0.00,0.00,$0.00,0,0,0
,Transportation,,S0209,,Per Mile,0.00,0.00,$0.00,0,0,0
,Transportation,,S0215,,Per Mile,0.00,0.00,$0.00,0,0,0
,Family Training - EBP,,S5110,,15 Minutes,0.00,0.00,$0.00,0,0,0
,Family Training,,S5111,,Encounter,0.00,0.00,$0.00,0,0,0
,Family Training,,S5111,HA,Encounter,0.00,0.00,$0.00,0,0,0
,"Home Care Training, Non-Family (Children's Waiver)",,S5116,,Encounter,0.00,0.00,$0.00,0,0,0
,Chore Services,,S5120,,15 Minutes,0.00,0.00,$0.00,0,0,0
,Foster Care,,S5140,,Days,0.00,0.00,$0.00,0,0,0
,Foster Care,,S5145,,Days,0.00,0.00,$0.00,0,0,0
,Respite,,S5150,,15 Minutes,0.00,0.00,$0.00,0,0,0
,Respite,,S5151,,Per Diem,0.00,0.00,$0.00,0,0,0
,Personal Emergency Response System (PERS),,S5160,,Encounter,0.00,0.00,$0.00,0,0,0
,Personal Emergency Response System (PERS),,S5161,,Month,0.00,0.00,$0.00,0,0,0
,Environmental Modification ,,S5165,,Service,0.00,0.00,$0.00,0,0,0
,Enhanced Medical Equipment-Supplies,,S5199,,Items,0.00,0.00,$0.00,0,0,0
,Occupational or Physical Therapy,,S8990,,Encounter,0.00,0.00,$0.00,0,0,0
,Private Duty Nursing,0582,S9123,,Hour,0.00,0.00,$0.00,0,0,0
,Private Duty Nursing,,S9123,,Hour,0.00,0.00,$0.00,0,0,0
,Private Duty Nursing,,S9123,TT,Hour,0.00,0.00,$0.00,0,0,0
,Private Duty Nursing,0582,S9124,,Hour,0.00,0.00,$0.00,0,0,0
,Private Duty Nursing,,S9124,,Hour,0.00,0.00,$0.00,0,0,0
,Private Duty Nursing,,S9124,TT,Hour,0.00,0.00,$0.00,0,0,0
,Respite Care in the Home (RN) (Children's Waiver),,S9125,TD,Per Diem,0.00,0.00,$0.00,0,0,0
,Respite Care in the Home (LPN) (Children's Waiver),,S9125,TE,Per Diem,0.00,0.00,$0.00,0,0,0
,Health Services,,S9445,,Encounter,0.00,0.00,$0.00,0,0,0
,Health Services,,S9446,,Encounter,16.00,89.00,"$10,174.00",636,114,6
Gogebic,,,,,,,,,,,
,Health Services,,S9470,,Encounter,0.00,0.00,$0.00,0,0,0
,Intensive Crisis Stabilization-Enrolled Program,,S9484,,Hour,0.00,0.00,$0.00,0,0,0
,Reidential Room and Board,,S9976,,Days,0.00,0.00,$0.00,0,0,0
,Private Duty Nursing,,T1000,,Up to 15 min,0.00,0.00,$0.00,0,0,0
,Private Duty Nursing,,T1000,TD,Up to 15 min,0.00,0.00,$0.00,0,0,0
,Private Duty Nursing,,T1000,TE,Up to 15 min,0.00,0.00,$0.00,0,0,0
,Assessment,,T1001,,Encounter,0.00,0.00,$0.00,0,0,0
,Health Services,,T1002,,Up to 15 min,2.00,6.00,$363.00,181,60,3
,Respite Care,,T1005,,15 Minutes,0.00,0.00,$0.00,0,0,0
,Respite Care,,T1005,TD,15 Minutes,0.00,0.00,$0.00,0,0,0
,Respite Care,,T1005,TE,15 Minutes,0.00,0.00,$0.00,0,0,0
,Substance Abuse: Recovery Support Services,"0900, 0906, 0914, 0915, 0916, 0919",T1012,,Encounter,0.00,0.00,$0.00,0,0,0
,Family Psycho-Education - EBP,,T1015,,Encounter,2.00,2.00,$98.00,49,49,1
,Supports Coordination/Wrap Facilitation,,T1016,,15 minutes,150.00,"6,455.00","$314,746.00",2098,49,43
,Targeted Case Management ,,T1017,,15 minutes,16.00,688.00,"$34,042.00",2128,49,43
,Nursing Home Mental Health Monitoring,,T1017,SE,15 minutes,1.00,10.00,$492.00,492,49,10
,Personal Care in Licensed Specialized Residential Setting,,T1020,,Days,7.00,"1,532.00","$27,852.00",3979,18,219
,Personal Care in Licensed Specialized Residential Setting,,T1020,TF,Days,0.00,0.00,$0.00,0,0,0
,Personal Care in Licensed Specialized Residential Setting,,T1020,TG,Days,0.00,0.00,$0.00,0,0,0
,Assessments,,T1023,,Encounter,63.00,81.00,"$47,110.00",748,582,1
,Enhanced Medical Supplies or Pharmacy,,T1999,,Items,0.00,0.00,$0.00,0,0,0
,Transportation,,T2001,,Encounter,0.00,0.00,$0.00,0,0,0
,Transportation,,T2002,,Per Diem,0.00,0.00,$0.00,0,0,0
,Transportation,,T2003,,Encounter / Trip,0.00,0.00,$0.00,0,0,0
,Transportation,,T2004,,Encounter,0.00,0.00,$0.00,0,0,0
,Transportation,,T2005,,Encounter,0.00,0.00,$0.00,0,0,0
,Out of Home Prevocational Service,,T2015,,Hour,0.00,0.00,$0.00,0,0,0
,Targeted Case Management (Children's Waiver),,T2023,,Month,0.00,0.00,$0.00,0,0,0
,Fiscal Intermediary Services,,T2025,,Month,0.00,0.00,$0.00,0,0,0
,Enhanced Medical Equipment-Supplies,,T2028,,Items,0.00,0.00,$0.00,0,0,0
,Enhanced Medical Equipment-Supplies,,T2029,,Items,0.00,0.00,$0.00,0,0,0
,Crisis Intervention,,T2034,,Days,0.00,0.00,$0.00,0,0,0
,Respite Care,,T2036,,Encounter / Trip. Per session. One night = one session,0.00,0.00,$0.00,0,0,0
,Respite Care,,T2037,,Encounter / Trip  Per session. One day/partial day = one session,0.00,0.00,$0.00,0,0,0
,Housing Assistance,,T2038,,Month   Service,0.00,0.00,$0.00,0,0,0
,Enhanced Medical Equipment-Supplies,,T2039,,Items,0.00,0.00,$0.00,0,0,0
,Pharmacy (Drugs and Other Biologicals),,,,,0.00,0.00,$0.00,0,0,0
,Other,,,,,0.00,0.00,$0.00,0,0,0
,Aggregate for 'J' Codes,,ALL,,,6.00,0.00,"$21,307.00",3551,0,0
Gratiot,,,,,,,,,,,
,State Psychiatric Hospital - Inpatient PT22,"0100, 0101, 0114, 0124, 0134, 0154",,PT22,Days,1.00,363.00,"$115,100.00",115100,317,363
,State Mental Retardation Facility - Inpatient (ICF/MR) PT65,"0100, 0101, 0114, 0124, 0134, 0154",,PT65,Days,0.00,0.00,$0.00,0,0,0
,Local Psychiatric Hospital/IMD PT68,"0100, 0101, 0114, 0124, 0134, 0154",,PT68,Days,0.00,0.00,$0.00,0,0,0
,Local Psychiatric Hospital - Acute Community PT73,"0100, 0101, 0114, 0124, 0134, 0154",,PT73,Days,64.00,395.00,"$328,281.00",5129,831,6
,Inpatient Hospital Ancillary Services - Leave of Absence,0183,,,Days,0.00,0.00,$0.00,0,0,0
,Inpatient Hospital Ancillary Services - Pharmacy,"0250-0254, 0257-0258 ",,,,0.00,0.00,$0.00,0,0,0
,Inpatient Hospital Ancillary Services - Medical/Surgical Supplies and Devices,0270-0272,,,# of items,0.00,0.00,$0.00,0,0,0
,Inpatient Hospital Ancillary Services - Laboratory,"0300-0302, 0305-0307",,,# of tests,0.00,0.00,$0.00,0,0,0
,Inpatient Hospital Ancillary Services - Radiology,0320,,,# of tests,0.00,0.00,$0.00,0,0,0
,ECT Anesthesia,0370,,,,0.00,0.00,$0.00,0,0,0
,Inpatient Hospital Ancillary Services - Respiratory Services,0410,,,# of treatments,0.00,0.00,$0.00,0,0,0
,Inpatient Hospital Ancillary Services -Physical Therapy,0420-0424,,,# of treatments,0.00,0.00,$0.00,0,0,0
,Inpatient Hospital Ancillary Services - Occupational Therapy,0430-0434,,,# of treatments,0.00,0.00,$0.00,0,0,0
,Inpatient Hospital Ancillary Services - Speech-Language Pathology,0440-0444,,,# of treatments,0.00,0.00,$0.00,0,0,0
,Inpatient Hospital Ancillary Services - Emergency Room,0450,,,# of visits,0.00,0.00,$0.00,0,0,0
,Inpatient Hospital Ancillary Services - Pulmonary Function,0460,,,# of tests,0.00,0.00,$0.00,0,0,0
,Inpatient Hospital Ancillary Services - Audiology,0470-0472,,,# of tests,0.00,0.00,$0.00,0,0,0
,Inpatient Hospital Ancillary Services - Magnetic Resonance Technology (MRT),0610-0611,,,# of tests,0.00,0.00,$0.00,0,0,0
,Inpatient Hospital Ancillary Services - Pharmacy,0636,,,# of units,0.00,0.00,$0.00,0,0,0
,ECT Recovery Room,0701,,,,0.00,0.00,$0.00,0,0,0
,Inpatient Hospital Ancillary Services -EKG/ECG,0730-0731,,,# of tests,0.00,0.00,$0.00,0,0,0
,Inpatient Hospital Ancillary Services - EEG,0740,,,# of tests,0.00,0.00,$0.00,0,0,0
,Crisis Observation Care,0762,,,Hour,0.00,0.00,$0.00,0,0,0
,Additional Codes-ECT Facility Charge,0901,,,Encounter,0.00,0.00,$0.00,0,0,0
,Inpatient Hospital Ancillary Services - Psychiatric/Psychological Treatments/Services,"0900, 0902-0904, 0911, 0914-0919",,,# of visits,0.00,0.00,$0.00,0,0,0
,Outpatient Partial Hospitalization,0912,,,Days,0.00,0.00,$0.00,0,0,0
,Outpatient Partial Hospitalization,0913,,,Days,14.00,108.00,"$47,387.00",3385,439,8
,Inpatient Hospital Ancillary Services - Other Diagnosis Services,0925,,,# of tests,0.00,0.00,$0.00,0,0,0
,Inpatient Hospital Ancillary Services - Other Therapeutic Services,0940-0942,,,# of visits,0.00,0.00,$0.00,0,0,0
,Additional Codes-ECT Anesthesia,,00104,,Minutes,0.00,0.00,$0.00,0,0,0
,Drug Screen for Methadone Clients Only,,80100,,Per Screen,0.00,0.00,$0.00,0,0,0
,Drug Screen for Methadone Clients Only,,80101,,Per Screen,0.00,0.00,$0.00,0,0,0
,Alcohol Breath Test for Methadone Clients Only,,82075,,Per Test,0.00,0.00,$0.00,0,0,0
,Medication Administration,,90772,,Encounter,0.00,0.00,$0.00,0,0,0
,Assessment-Psychiatric Assessment,,90801,,Encounter,92.00,94.00,"$39,150.00",426,416,1
,Substance Abuse: Psychiatric Evaluation,,90801,,Encounter,0.00,0.00,$0.00,0,0,0
,Assessment-Psychiatric Assessment,,90802,,Encounter,0.00,0.00,$0.00,0,0,0
,Substance Abuse: Psychiatric Evaluation,,90802,,Encounter,0.00,0.00,$0.00,0,0,0
,Therapy-Individual Therapy,,90804,,Encounter 20-30 Min,58.00,105.00,"$5,427.00",94,52,2
,Substance Abuse: Outpatient Treatment,"0900, 0914, 0915, 0916, 0919",90804,,Encounter 20-30 Min,0.00,0.00,$0.00,0,0,0
Gratiot,,,,,,,,,,,
,Therapy-Individual Therapy,,90805,,Encounter 20-30 Min,0.00,0.00,$0.00,0,0,0
,Substance Abuse: Outpatient Treatment,"0900, 0914, 0915, 0916, 0919",90805,,Encounter 20-30 Min,0.00,0.00,$0.00,0,0,0
,Therapy-Individual Therapy,,90806,,Encounter 45-50 Min,180.00,"1,689.00","$201,751.00",1121,119,9
,Substance Abuse: Outpatient Treatment,"0900, 0914, 0915, 0916, 0919",90806,,Encounter 45-50 Min,0.00,0.00,$0.00,0,0,0
,Therapy-Individual Therapy,,90807,,Encounter 45-50 Min,0.00,0.00,$0.00,0,0,0
,Substance Abuse: Outpatient Treatment,"0900, 0914, 0915, 0916, 0919",90807,,Encounter 45-50 Min,0.00,0.00,$0.00,0,0,0
,Therapy-Individual Therapy,,90808,,Encounter 75-80 Min,64.00,271.00,"$58,468.00",914,216,4
,Substance Abuse: Outpatient Treatment,"0900, 0914, 0915, 0916, 0919",90808,,Encounter 75-80 Min,0.00,0.00,$0.00,0,0,0
,Therapy-Individual Therapy,,90809,,Encounter 75-80 Min,0.00,0.00,$0.00,0,0,0
,Substance Abuse: Outpatient Treatment,"0900, 0914, 0915, 0916, 0919",90809,,Encounter 75-80 Min,0.00,0.00,$0.00,0,0,0
,Therapy-Individual Therapy,,90810,,Encounter 20-30 Min,0.00,0.00,$0.00,0,0,0
,Substance Abuse: Outpatient Treatment,"0900, 0914, 0915, 0916, 0919",90810,,Encounter 20-30 Min,0.00,0.00,$0.00,0,0,0
,Therapy-Individual Therapy,,90811,,Encounter 20-30 Min,0.00,0.00,$0.00,0,0,0
,Substance Abuse: Outpatient Treatment,"0900, 0914, 0915, 0916, 0919",90811,,Encounter 20-30 Min,0.00,0.00,$0.00,0,0,0
,Therapy-Individual Therapy,,90812,,Encounter 45-50 Min,0.00,0.00,$0.00,0,0,0
,Substance Abuse: Outpatient Treatment,"0900, 0914, 0915, 0916, 0919",90812,,Encounter 45-50 Min,0.00,0.00,$0.00,0,0,0
,Therapy-Individual Therapy,,90813,,Encounter 45-50 Min,0.00,0.00,$0.00,0,0,0
,Substance Abuse: Outpatient Treatment,"0900, 0914, 0915, 0916, 0919",90813,,Encounter 45-50 Min,0.00,0.00,$0.00,0,0,0
,Therapy-Individual Therapy,,90814,,Encounter 75-80 Min,0.00,0.00,$0.00,0,0,0
,Substance Abuse: Outpatient Treatment,"0900, 0914, 0915, 0916, 0919",90814,,Encounter 75-80 Min,0.00,0.00,$0.00,0,0,0
,Therapy-Individual Therapy,,90815,,Encounter 75-80 Min,0.00,0.00,$0.00,0,0,0
,Substance Abuse: Outpatient Treatment,"0900, 0914, 0915, 0916, 0919",90815,,Encounter 75-80 Min,0.00,0.00,$0.00,0,0,0
,Therapy-Individual Therapy,,90816,,Encounter 20-30 Min,0.00,0.00,$0.00,0,0,0
,Therapy-Individual Therapy,,90817,,Encounter 20-30 Min,0.00,0.00,$0.00,0,0,0
,Therapy-Individual Therapy,,90818,,Encounter 45-50 Min,0.00,0.00,$0.00,0,0,0
,Therapy-Individual Therapy,,90819,,Encounter 45-50 Min,0.00,0.00,$0.00,0,0,0
,Therapy-Individual Therapy,,90821,,Encounter 75-80 Min,0.00,0.00,$0.00,0,0,0
,Therapy-Individual Therapy,,90822,,Encounter 75-80 Min,0.00,0.00,$0.00,0,0,0
,Therapy-Individual Therapy,,90823,,Encounter 20-30 Min,0.00,0.00,$0.00,0,0,0
,Therapy-Individual Therapy,,90824,,Encounter 20-30 Min,0.00,0.00,$0.00,0,0,0
,Therapy-Individual Therapy,,90826,,Encounter 45-50 Min,0.00,0.00,$0.00,0,0,0
,Substance Abuse: Psychotherapy (Individual Therapy),,90826,,Encounter 45-50 Min,0.00,0.00,$0.00,0,0,0
,Therapy-Individual Therapy,,90827,,Encounter 45-50 Min,0.00,0.00,$0.00,0,0,0
,Therapy-Individual Therapy,,90828,,Encounter 75-80 Min,0.00,0.00,$0.00,0,0,0
,Therapy-Individual Therapy,,90829,,Encounter 75-80 Min,0.00,0.00,$0.00,0,0,0
,Therapy-Family Therapy,,90846,,Encounter,0.00,0.00,$0.00,0,0,0
,Therapy-Family Therapy,,90847,,Encounter,11.00,14.00,"$2,039.00",185,146,1
,Substance Abuse: Outpatient Treatment,"0900, 0906, 0914, 0915, 0916, 0919",90847,,Encounter,0.00,0.00,$0.00,0,0,0
,Therapy-Family Therapy,,90849,,Encounter,0.00,0.00,$0.00,0,0,0
,Therapy-Family Therapy,,90849,HS,Encounter,0.00,0.00,$0.00,0,0,0
Gratiot,,,,,,,,,,,
,Therapy-Group Therapy,,90853,,Encounter,9.00,160.00,"$7,216.00",802,45,18
,Substance Abuse: Outpatient Treatment,"0900, 0906, 0914, 0915, 0916, 0919",90853,,Encounter,0.00,0.00,$0.00,0,0,0
,Therapy-Group Therapy,,90857,,Encounter,0.00,0.00,$0.00,0,0,0
,Substance Abuse: Outpatient Treatment,"0900, 0906, 0914, 0915, 0916, 0919",90857,,Encounter,0.00,0.00,$0.00,0,0,0
,Medication Review ,,90862,,Encounter,269.00,"1,102.00","$215,143.00",800,195,4
,Substance Abuse: Medication Review,"0900, 0914, 0915, 0916, 0919",90862,,Encounter,0.00,0.00,$0.00,0,0,0
,Additional Codes-ECT Physician,,90870,,Encounter,0.00,0.00,$0.00,0,0,0
,Additional Codes-ECT Physician,0901,90870,,Encounter,0.00,0.00,$0.00,0,0,0
,Assessments-Other,,90887,,Encounter,0.00,0.00,$0.00,0,0,0
,Speech & Language Therapy ,,92506,,Encounter,0.00,0.00,$0.00,0,0,0
,Speech & Language Therapy ,,92507,,Encounter,0.00,0.00,$0.00,0,0,0
,Speech & Language Therapy ,,92508,,Encounter,0.00,0.00,$0.00,0,0,0
,Speech & Language Therapy ,,92526,,Encounter,0.00,0.00,$0.00,0,0,0
,Speech & Language Therapy ,,92610,,Encounter,0.00,0.00,$0.00,0,0,0
,Evaluation of Auditory Rehabilitation Status (Children's Waiver),,92626,,First Hour,0.00,0.00,$0.00,0,0,0
,Evaluation of Auditory Rehabiliation Status (Children's Waiver),,92627,,Each Additional 15 Minutes,0.00,0.00,$0.00,0,0,0
,Auditory Rehabilitation Preling Hearing Loss (Children's Waiver),,92630,,Encounter,0.00,0.00,$0.00,0,0,0
,Auditory Rehabilitation; Post-Lingual Hearing Loss (Children's Waiver),,92633,,Encounter,0.00,0.00,$0.00,0,0,0
,Psychological Testing PSYCH/PHYS ,,96101,,Per Hour,0.00,0.00,$0.00,0,0,0
,Psychological Testing by Technician ,,96102,,Per Hour,0.00,0.00,$0.00,0,0,0
,Psychological Testing by Comp ,,96103,,Per Hour,0.00,0.00,$0.00,0,0,0
,Assessments-Other,,96105,,Encounter,0.00,0.00,$0.00,0,0,0
,Assessments-Other,,96110,,Encounter,0.00,0.00,$0.00,0,0,0
,Assessments-Other,,96111,,Encounter,0.00,0.00,$0.00,0,0,0
,Neurobehavioral Status Exam (Children's Waiver),,96116,,Per Hour,0.00,0.00,$0.00,0,0,0
,Neuropsych test by Psych/Phys ,,96118,,Per Hour,0.00,0.00,$0.00,0,0,0
,Neuropsych test by Tech ,,96119,,Per Hour,0.00,0.00,$0.00,0,0,0
,Neuropsych test Admin w/Comp ,,96120,,Per Hour,0.00,0.00,$0.00,0,0,0
,Medication Administration,,96372,,Encounter,0.00,0.00,$0.00,0,0,0
,Physical Therapy,,97001,,Encounter,0.00,0.00,$0.00,0,0,0
,Physical Therapy,,97002,,Encounter,0.00,0.00,$0.00,0,0,0
,Occupational Therapy,,97003,,Encounter,0.00,0.00,$0.00,0,0,0
,Occupational Therapy,,97004,,Encounter,0.00,0.00,$0.00,0,0,0
,Occupational or Physical Therapy,,97110,,15 Minutes,0.00,0.00,$0.00,0,0,0
,Occupational or Physical Therapy,,97112,,15 Minutes,0.00,0.00,$0.00,0,0,0
,Occupational or Physical Therapy,,97113,,15 Minutes,0.00,0.00,$0.00,0,0,0
,Occupational or Physical Therapy,,97116,,15 Minutes,0.00,0.00,$0.00,0,0,0
,Occupational or Physical Therapy,,97124,,15 Minutes,0.00,0.00,$0.00,0,0,0
,Occupational or Physical Therapy,,97140,,15 Minutes,0.00,0.00,$0.00,0,0,0
,Occupational or Physical Therapy,,97150,,Encounter,0.00,0.00,$0.00,0,0,0
,Occupational or Physical Therapy,,97530,,15 Minutes,0.00,0.00,$0.00,0,0,0
,Occupational or Physical Therapy,,97532,,15 Minutes,0.00,0.00,$0.00,0,0,0
,Occupational or Physical Therapy,,97533,,15 Minutes,0.00,0.00,$0.00,0,0,0
,Occupational or Physical Therapy,,97535,,15 Minutes,0.00,0.00,$0.00,0,0,0
,Occupational or Physical Therapy,,97537,,15 Minutes,0.00,0.00,$0.00,0,0,0
,Occupational or Physical Therapy,,97542,,15 Minutes,0.00,0.00,$0.00,0,0,0
,Occupational Therapy,,97703,,15 Minutes,0.00,0.00,$0.00,0,0,0
Gratiot,,,,,,,,,,,
,Occupational Therapy,,97750,,15 Minutes,0.00,0.00,$0.00,0,0,0
,Occupational Therapy,,97755,,15 Minutes,0.00,0.00,$0.00,0,0,0
,Occupational Therapy,,97760,,15 Minutes,0.00,0.00,$0.00,0,0,0
,C/O for Orthotic/Prosth Use ,,97762,,15 minutes,0.00,0.00,$0.00,0,0,0
,Assessment or Health Services,,97802,,15 Minutes,0.00,0.00,$0.00,0,0,0
,Assessment or Health Services,,97803,,15 Minutes,0.00,0.00,$0.00,0,0,0
,Health Services,,97804,,30 Minutes,0.00,0.00,$0.00,0,0,0
,Additional Codes-Physician Services,,99201,,Encounter,0.00,0.00,$0.00,0,0,0
,Additional Codes-Physician Services,,99202,,Encounter,0.00,0.00,$0.00,0,0,0
,Additional Codes-Physician Services,,99203,,Encounter,0.00,0.00,$0.00,0,0,0
,Additional Codes-Physician Services,,99204,,Encounter,0.00,0.00,$0.00,0,0,0
,Additional Codes-Physician Services,,99205,,Encounter,0.00,0.00,$0.00,0,0,0
,Additional Codes-Physician Services  Medication Administration,,99211,,Encounter,0.00,0.00,$0.00,0,0,0
,Additional Codes-Physician Services,,99212,,Encounter,0.00,0.00,$0.00,0,0,0
,Additional Codes-Physician Services,,99213,,Encounter,0.00,0.00,$0.00,0,0,0
,Additional Codes-Physician Services,,99214,,Encounter,0.00,0.00,$0.00,0,0,0
,Additional Codes-Physician Services,,99215,,Encounter,0.00,0.00,$0.00,0,0,0
,Additional Codes-Physician Services,,99221,,30 Minutes,0.00,0.00,$0.00,0,0,0
,Additional Codes-Physician Services,,99222,,50 Minutes,0.00,0.00,$0.00,0,0,0
,Additional Codes-Physician Services,,99223,,70 Minutes,0.00,0.00,$0.00,0,0,0
,Additional Codes-Physician Services,,99231,,15 Minutes,0.00,0.00,$0.00,0,0,0
,Additional Codes-Physician Services,,99232,,25 minutes,0.00,0.00,$0.00,0,0,0
,Additional Codes-Physician Services,,99233,,35 Minutes,0.00,0.00,$0.00,0,0,0
,Additional Codes-Physician Services,,99238,,30 Minutes or less,0.00,0.00,$0.00,0,0,0
,Additional Codes-Physician Services,,99241,,Encounter,0.00,0.00,$0.00,0,0,0
,Additional Codes-Physician Services,,99242,,Encounter,0.00,0.00,$0.00,0,0,0
,Additional Codes-Physician Services,,99243,,Encounter,0.00,0.00,$0.00,0,0,0
,Additional Codes-Physician Services,,99244,,Encounter,0.00,0.00,$0.00,0,0,0
,Additional Codes-Physician Services,,99245,,Encounter,0.00,0.00,$0.00,0,0,0
,Additional Codes-Physician Services,,99251,,Encounter,0.00,0.00,$0.00,0,0,0
,Additional Codes-Physician Services,,99252,,Encounter,0.00,0.00,$0.00,0,0,0
,Additional Codes-Physician Services,,99253,,Encounter,0.00,0.00,$0.00,0,0,0
,Additional Codes-Physician Services,,99254,,Encounter,0.00,0.00,$0.00,0,0,0
,Additional Codes-Physician Services,,99255,,Encounter,0.00,0.00,$0.00,0,0,0
,Additional Codes-Physician Services,,99261,,Encounter,0.00,0.00,$0.00,0,0,0
,Additional Codes-Physician Services,,99262,,Encounter,0.00,0.00,$0.00,0,0,0
,Additional Codes-Physician Services,,99263,,Encounter,0.00,0.00,$0.00,0,0,0
,Additional Codes-Physician Services,,99271,,Encounter,0.00,0.00,$0.00,0,0,0
,Additional Codes-Physician Services,,99272,,Encounter,0.00,0.00,$0.00,0,0,0
,Additional Codes-Physician Services,,99273,,Encounter,0.00,0.00,$0.00,0,0,0
,Additional Codes-Physician Services,,99274,,Encounter,0.00,0.00,$0.00,0,0,0
,Additional Codes-Physician Services,,99275,,Encounter,0.00,0.00,$0.00,0,0,0
,Medication Administration,,99605,,Encounter,0.00,0.00,$0.00,0,0,0
,Transportation,,A0080,,Per mile,0.00,0.00,$0.00,0,0,0
,Transportation,,A0090,,Per mile,0.00,0.00,$0.00,0,0,0
,Transportation,,A0100,,Per one-way trip,0.00,0.00,$0.00,0,0,0
,Transportation,,A0110,,Per one-way trip,0.00,0.00,$0.00,0,0,0
,Transportation,,A0120,,Per one-way trip,0.00,0.00,$0.00,0,0,0
,Transportation,,A0130,,Per one-way trip,0.00,0.00,$0.00,0,0,0
,Transportation,,A0140,,Per one-way trip,0.00,0.00,$0.00,0,0,0
Gratiot,,,,,,,,,,,
,Transportation,,A0170,,,0.00,0.00,$0.00,0,0,0
,Additional Codes-Transportation,,A0425,,Per Mile,0.00,0.00,$0.00,0,0,0
,Additional Codes-Transportation,,A0427,,Refer to code descriptions.,0.00,0.00,$0.00,0,0,0
,Additional codes - Transportation,,A0428,,,0.00,0.00,$0.00,0,0,0
,Repair or Non-Routine Service for DME (Children's Waiver),,E1340,,15 Minutes,0.00,0.00,$0.00,0,0,0
,Enhanced Medical Equipment-Supplies,,E1399,,Items,0.00,0.00,$0.00,0,0,0
,Activity Therapy (Children's Waiver),,G0176,,Encounter,0.00,0.00,$0.00,0,0,0
,Family Training/Support EBP only,,G0177,,Encounter Session at least 45 min,5.00,33.00,"$8,758.00",1752,265,7
,Substance Abuse: Individual Assessment,,H0001,,Encounter,0.00,0.00,$0.00,0,0,0
,Assessment ,,H0002,,Encounter,311.00,339.00,"$35,348.00",114,104,1
,Substance Abuse: Individual Assessment,,H0002,,Encounter,0.00,0.00,$0.00,0,0,0
,Substance Abuse:Laboratory,,H0003,,Encounter,0.00,0.00,$0.00,0,0,0
,Substance Abuse: Outpatient Treatment,"0900, 0906, 0914, 0915, 0916, 0919",H0004,,15 Minutes,0.00,0.00,$0.00,0,0,0
,Substance Abuse: Outpatient Treatment,"0900, 0906, 0914, 0915, 0916, 0919",H0005,,Encounter,0.00,0.00,$0.00,0,0,0
,Substance Abuse: Case Management,,H0006,,Encounter,0.00,0.00,$0.00,0,0,0
,Substance Abuse: Sub-Acute Detoxification,1002,H0010,,Days,0.00,0.00,$0.00,0,0,0
,Substance Abuse: Sub-Acute Detoxification,1002,H0012,,Days,0.00,0.00,$0.00,0,0,0
,Substance Abuse: Sub-Acute Detoxification,1002,H0014,,Days,0.00,0.00,$0.00,0,0,0
,Substance Abuse: Outpatient Care,"0900, 0906, 0914, 0915, 0916, 0919",H0015,,Days,0.00,0.00,$0.00,0,0,0
,Crisis Residential Services,,H0018,,Days,0.00,0.00,$0.00,0,0,0
,Substance Abuse: Residential,1002,H0018,,Days,0.00,0.00,$0.00,0,0,0
,Substance Abuse: Residential,1002,H0019,,Days,0.00,0.00,$0.00,0,0,0
,Substance Abuse: Methadone,,H0020,,Encounter,0.00,0.00,$0.00,0,0,0
,Substance Abuse: Early Intervention,,H0022,,Encounter,0.00,0.00,$0.00,0,0,0
,Peer Directed and Operated Support Services,,H0023,,Encounter,0.00,0.00,$0.00,0,0,0
,Prevention Services - Direct Model,,H0025,,Face to Face Contact,0.00,0.00,$0.00,0,0,0
,Crisis Intervention,,H0030,,Per Service,0.00,0.00,$0.00,0,0,0
,Assessment ,,H0031,,Encounter,250.00,258.00,"$45,127.00",181,175,1
,Substance Abuse: Assessment,,H0031,,Encounter,0.00,0.00,$0.00,0,0,0
,Treatment Planning,,H0032,,Encounter,80.00,85.00,"$9,636.00",120,113,1
,Monitoring of Treatment - Clinician,,H0032,TS,Encounter,0.00,0.00,$0.00,0,0,0
,Substance Abuse: Pharmalogical Support - Suboxane,,H0033,,Direct Observation Encounter,0.00,0.00,$0.00,0,0,0
,Health Services,,H0034,,15 Minutes,0.00,0.00,$0.00,0,0,0
,Home Based Services,,H0036,,15 Minutes,48.00,"5,479.00","$183,327.00",3819,33,114
,Home Based Services,,H0036,ST,15 Minutes,0.00,0.00,$0.00,0,0,0
,Community Psychiatric Supportive Treatment ,,H0037,,Per diem,0.00,0.00,$0.00,0,0,0
,Peer Directed and Operated Support Services,,H0038,,15 minutes,35.00,"2,746.00","$18,865.00",539,7,78
,Peer Directed and Operated Support Services,,NA,,,0.00,0.00,$0.00,0,0,0
,Assertive Community Treatment (ACT),,H0039,,15 Minutes,0.00,0.00,$0.00,0,0,0
,Community Living Supports in Independent living/own home,,H0043,,Per diem,0.00,0.00,$0.00,0,0,0
,Community Living Supports in Independent living/own home,,H0043,TT,Per diem,0.00,0.00,$0.00,0,0,0
,Respite,,H0045,,Days,0.00,0.00,$0.00,0,0,0
,Respite (Children's Waiver),,H0045,TD,Per Diem,0.00,0.00,$0.00,0,0,0
,Respite (Children's Waiver),,H0045,TE,Per Diem,0.00,0.00,$0.00,0,0,0
,Substance Abuse:Laboratory (cells now unlocked),,H0048,,Encounter,0.00,0.00,$0.00,0,0,0
,Substance Abuse: Individual Assessment,,H0049,,Encounter,0.00,0.00,$0.00,0,0,0
,Behavior Treatment Plan Review,,H2000,,Encounter,0.00,0.00,$0.00,0,0,0
,Behavior Treatment Plan Review - Monitoring Activities,,H2000,TS,Encounter,0.00,0.00,$0.00,0,0,0
Gratiot,,,,,,,,,,,
,Comprehensive Medication Services - EBP only,,H2010,,15 minutes,0.00,0.00,$0.00,0,0,0
,Crisis Intervention,,H2011,,15 Minutes,115.00,614.00,"$32,708.00",284,53,5
,Skill-Building and Out of Home Non Vocational Habilitation,,H2014,,15 minutes,0.00,0.00,$0.00,0,0,0
,Skill-Building and Out of Home Non Vocational Habilitation,,H2014,TT,15 Minutes,0.00,0.00,$0.00,0,0,0
,Community Living Supports (15 Minutes),,H2015,,15 Minutes,10.00,"4,175.00","$30,686.00",3069,7,418
,Community Living Supports (15 Minutes),,H2015,TT,15 Minutes,0.00,0.00,$0.00,0,0,0
,Community Living Supports (Daily),,H2016,,Per Diem,0.00,0.00,$0.00,0,0,0
,Community Living Supports (Daily),,H2016,TF,Per Diem,0.00,0.00,$0.00,0,0,0
,Community Living Supports (Daily),,H2016,TG,Per Diem,0.00,0.00,$0.00,0,0,0
,Behavior Services,,H2019,,15 Minutes,0.00,0.00,$0.00,0,0,0
,Behavior Services,,H2019,TT,15 Minutes,0.00,0.00,$0.00,0,0,0
,Crisis Intervention,,H2020,,Days,0.00,0.00,$0.00,0,0,0
,Wraparound,,H2021,,15 Minutes,0.00,0.00,$0.00,0,0,0
,Wraparound,,H2022,,Days,0.00,0.00,$0.00,0,0,0
,Supported Employment Services,,H2023,,15 minutes,28.00,"2,333.00","$13,975.00",499,6,83
,Supported Employment Services,,H2023,TT,15 Minutes,0.00,0.00,$0.00,0,0,0
,Mental Health Therapy,,H2027,,15 Minutes,0.00,0.00,$0.00,0,0,0
,Clubhouse Psychosocial Rehabilitation Programs ,,H2030,,15 Minutes,29.00,"22,118.00","$94,886.00",3272,4,763
,Home Based Services,,H2033,,15 Minutes,0.00,0.00,$0.00,0,0,0
,Substance Abuse: Outpatient Care,"0900, 0906, 0914, 0915, 0916, 0919",H2035,,Hour,0.00,0.00,$0.00,0,0,0
,Substance Abuse: Outpatient Care,"0900, 0906, 0914, 0915, 0916, 0919",H2036,,Per Diem,0.00,0.00,$0.00,0,0,0
,Medication Review ,,M0064,,"Encounter Face-to-Face, generally less than 10 minutes",0.00,0.00,$0.00,0,0,0
,Transportation,,S0209,,Per Mile,0.00,0.00,$0.00,0,0,0
,Transportation,,S0215,,Per Mile,0.00,0.00,$0.00,0,0,0
,Family Training - EBP,,S5110,,15 Minutes,0.00,0.00,$0.00,0,0,0
,Family Training,,S5111,,Encounter,0.00,0.00,$0.00,0,0,0
,Family Training,,S5111,HA,Encounter,0.00,0.00,$0.00,0,0,0
,"Home Care Training, Non-Family (Children's Waiver)",,S5116,,Encounter,0.00,0.00,$0.00,0,0,0
,Chore Services,,S5120,,15 Minutes,0.00,0.00,$0.00,0,0,0
,Foster Care,,S5140,,Days,0.00,0.00,$0.00,0,0,0
,Foster Care,,S5145,,Days,0.00,0.00,$0.00,0,0,0
,Respite,,S5150,,15 Minutes,0.00,0.00,$0.00,0,0,0
,Respite,,S5151,,Per Diem,0.00,0.00,$0.00,0,0,0
,Personal Emergency Response System (PERS),,S5160,,Encounter,0.00,0.00,$0.00,0,0,0
,Personal Emergency Response System (PERS),,S5161,,Month,0.00,0.00,$0.00,0,0,0
,Environmental Modification ,,S5165,,Service,0.00,0.00,$0.00,0,0,0
,Enhanced Medical Equipment-Supplies,,S5199,,Items,0.00,0.00,$0.00,0,0,0
,Occupational or Physical Therapy,,S8990,,Encounter,0.00,0.00,$0.00,0,0,0
,Private Duty Nursing,0582,S9123,,Hour,0.00,0.00,$0.00,0,0,0
,Private Duty Nursing,,S9123,,Hour,0.00,0.00,$0.00,0,0,0
,Private Duty Nursing,,S9123,TT,Hour,0.00,0.00,$0.00,0,0,0
,Private Duty Nursing,0582,S9124,,Hour,0.00,0.00,$0.00,0,0,0
,Private Duty Nursing,,S9124,,Hour,0.00,0.00,$0.00,0,0,0
,Private Duty Nursing,,S9124,TT,Hour,0.00,0.00,$0.00,0,0,0
,Respite Care in the Home (RN) (Children's Waiver),,S9125,TD,Per Diem,0.00,0.00,$0.00,0,0,0
,Respite Care in the Home (LPN) (Children's Waiver),,S9125,TE,Per Diem,0.00,0.00,$0.00,0,0,0
,Health Services,,S9445,,Encounter,0.00,0.00,$0.00,0,0,0
,Health Services,,S9446,,Encounter,0.00,0.00,$0.00,0,0,0
Gratiot,,,,,,,,,,,
,Health Services,,S9470,,Encounter,0.00,0.00,$0.00,0,0,0
,Intensive Crisis Stabilization-Enrolled Program,,S9484,,Hour,0.00,0.00,$0.00,0,0,0
,Reidential Room and Board,,S9976,,Days,0.00,0.00,$0.00,0,0,0
,Private Duty Nursing,,T1000,,Up to 15 min,0.00,0.00,$0.00,0,0,0
,Private Duty Nursing,,T1000,TD,Up to 15 min,0.00,0.00,$0.00,0,0,0
,Private Duty Nursing,,T1000,TE,Up to 15 min,0.00,0.00,$0.00,0,0,0
,Assessment,,T1001,,Encounter,0.00,0.00,$0.00,0,0,0
,Health Services,,T1002,,Up to 15 min,131.00,"1,518.00","$65,061.00",497,43,12
,Respite Care,,T1005,,15 Minutes,0.00,0.00,$0.00,0,0,0
,Respite Care,,T1005,TD,15 Minutes,0.00,0.00,$0.00,0,0,0
,Respite Care,,T1005,TE,15 Minutes,0.00,0.00,$0.00,0,0,0
,Substance Abuse: Recovery Support Services,"0900, 0906, 0914, 0915, 0916, 0919",T1012,,Encounter,0.00,0.00,$0.00,0,0,0
,Family Psycho-Education - EBP,,T1015,,Encounter,0.00,0.00,$0.00,0,0,0
,Supports Coordination/Wrap Facilitation,,T1016,,15 minutes,2.00,56.00,"$1,733.00",866,31,28
,Targeted Case Management ,,T1017,,15 minutes,196.00,"7,555.00","$332,647.00",1697,44,39
,Nursing Home Mental Health Monitoring,,T1017,SE,15 minutes,38.00,157.00,"$6,913.00",182,44,4
,Personal Care in Licensed Specialized Residential Setting,,T1020,,Days,0.00,0.00,$0.00,0,0,0
,Personal Care in Licensed Specialized Residential Setting,,T1020,TF,Days,0.00,0.00,$0.00,0,0,0
,Personal Care in Licensed Specialized Residential Setting,,T1020,TG,Days,0.00,0.00,$0.00,0,0,0
,Assessments,,T1023,,Encounter,44.00,49.00,"$17,649.00",401,360,1
,Enhanced Medical Supplies or Pharmacy,,T1999,,Items,0.00,0.00,$0.00,0,0,0
,Transportation,,T2001,,Encounter,0.00,0.00,$0.00,0,0,0
,Transportation,,T2002,,Per Diem,0.00,0.00,$0.00,0,0,0
,Transportation,,T2003,,Encounter / Trip,0.00,0.00,$0.00,0,0,0
,Transportation,,T2004,,Encounter,0.00,0.00,$0.00,0,0,0
,Transportation,,T2005,,Encounter,0.00,0.00,$0.00,0,0,0
,Out of Home Prevocational Service,,T2015,,Hour,0.00,0.00,$0.00,0,0,0
,Targeted Case Management (Children's Waiver),,T2023,,Month,0.00,0.00,$0.00,0,0,0
,Fiscal Intermediary Services,,T2025,,Month,1.00,4.00,$444.00,444,111,4
,Enhanced Medical Equipment-Supplies,,T2028,,Items,0.00,0.00,$0.00,0,0,0
,Enhanced Medical Equipment-Supplies,,T2029,,Items,0.00,0.00,$0.00,0,0,0
,Crisis Intervention,,T2034,,Days,0.00,0.00,$0.00,0,0,0
,Respite Care,,T2036,,Encounter / Trip. Per session. One night = one session,0.00,0.00,$0.00,0,0,0
,Respite Care,,T2037,,Encounter / Trip  Per session. One day/partial day = one session,0.00,0.00,$0.00,0,0,0
,Housing Assistance,,T2038,,Month   Service,0.00,0.00,$0.00,0,0,0
,Enhanced Medical Equipment-Supplies,,T2039,,Items,0.00,0.00,$0.00,0,0,0
,Pharmacy (Drugs and Other Biologicals),,,,,0.00,0.00,$0.00,0,0,0
,Other,,,,,0.00,0.00,$0.00,0,0,0
,Aggregate for 'J' Codes,,ALL,,,0.00,0.00,$0.00,0,0,0
Hiawatha,,,,,,,,,,,
,State Psychiatric Hospital - Inpatient PT22,"0100, 0101, 0114, 0124, 0134, 0154",,PT22,Days,6.00,"1,139.00","$191,472.00",31912,168,190
,State Mental Retardation Facility - Inpatient (ICF/MR) PT65,"0100, 0101, 0114, 0124, 0134, 0154",,PT65,Days,0.00,0.00,$0.00,0,0,0
,Local Psychiatric Hospital/IMD PT68,"0100, 0101, 0114, 0124, 0134, 0154",,PT68,Days,82.00,756.00,"$520,574.00",6348,689,9
,Local Psychiatric Hospital - Acute Community PT73,"0100, 0101, 0114, 0124, 0134, 0154",,PT73,Days,0.00,0.00,$0.00,0,0,0
,Inpatient Hospital Ancillary Services - Leave of Absence,0183,,,Days,0.00,0.00,$0.00,0,0,0
,Inpatient Hospital Ancillary Services - Pharmacy,"0250-0254, 0257-0258 ",,,,0.00,0.00,$0.00,0,0,0
,Inpatient Hospital Ancillary Services - Medical/Surgical Supplies and Devices,0270-0272,,,# of items,0.00,0.00,$0.00,0,0,0
,Inpatient Hospital Ancillary Services - Laboratory,"0300-0302, 0305-0307",,,# of tests,0.00,0.00,$0.00,0,0,0
,Inpatient Hospital Ancillary Services - Radiology,0320,,,# of tests,0.00,0.00,$0.00,0,0,0
,ECT Anesthesia,0370,,,,0.00,0.00,$0.00,0,0,0
,Inpatient Hospital Ancillary Services - Respiratory Services,0410,,,# of treatments,0.00,0.00,$0.00,0,0,0
,Inpatient Hospital Ancillary Services -Physical Therapy,0420-0424,,,# of treatments,0.00,0.00,$0.00,0,0,0
,Inpatient Hospital Ancillary Services - Occupational Therapy,0430-0434,,,# of treatments,0.00,0.00,$0.00,0,0,0
,Inpatient Hospital Ancillary Services - Speech-Language Pathology,0440-0444,,,# of treatments,0.00,0.00,$0.00,0,0,0
,Inpatient Hospital Ancillary Services - Emergency Room,0450,,,# of visits,0.00,0.00,$0.00,0,0,0
,Inpatient Hospital Ancillary Services - Pulmonary Function,0460,,,# of tests,0.00,0.00,$0.00,0,0,0
,Inpatient Hospital Ancillary Services - Audiology,0470-0472,,,# of tests,0.00,0.00,$0.00,0,0,0
,Inpatient Hospital Ancillary Services - Magnetic Resonance Technology (MRT),0610-0611,,,# of tests,0.00,0.00,$0.00,0,0,0
,Inpatient Hospital Ancillary Services - Pharmacy,0636,,,# of units,0.00,0.00,$0.00,0,0,0
,ECT Recovery Room,0701,,,,0.00,0.00,$0.00,0,0,0
,Inpatient Hospital Ancillary Services -EKG/ECG,0730-0731,,,# of tests,0.00,0.00,$0.00,0,0,0
,Inpatient Hospital Ancillary Services - EEG,0740,,,# of tests,0.00,0.00,$0.00,0,0,0
,Crisis Observation Care,0762,,,Hour,0.00,0.00,$0.00,0,0,0
,Additional Codes-ECT Facility Charge,0901,,,Encounter,0.00,0.00,$0.00,0,0,0
,Inpatient Hospital Ancillary Services - Psychiatric/Psychological Treatments/Services,"0900, 0902-0904, 0911, 0914-0919",,,# of visits,0.00,0.00,$0.00,0,0,0
,Outpatient Partial Hospitalization,0912,,,Days,0.00,0.00,$0.00,0,0,0
,Outpatient Partial Hospitalization,0913,,,Days,0.00,0.00,$0.00,0,0,0
,Inpatient Hospital Ancillary Services - Other Diagnosis Services,0925,,,# of tests,0.00,0.00,$0.00,0,0,0
,Inpatient Hospital Ancillary Services - Other Therapeutic Services,0940-0942,,,# of visits,0.00,0.00,$0.00,0,0,0
,Additional Codes-ECT Anesthesia,,00104,,Minutes,0.00,0.00,$0.00,0,0,0
,Drug Screen for Methadone Clients Only,,80100,,Per Screen,0.00,0.00,$0.00,0,0,0
,Drug Screen for Methadone Clients Only,,80101,,Per Screen,0.00,0.00,$0.00,0,0,0
,Alcohol Breath Test for Methadone Clients Only,,82075,,Per Test,0.00,0.00,$0.00,0,0,0
,Medication Administration,,90772,,Encounter,43.00,609.00,"$108,301.00",2519,178,14
,Assessment-Psychiatric Assessment,,90801,,Encounter,72.00,76.00,"$64,181.00",891,844,1
,Substance Abuse: Psychiatric Evaluation,,90801,,Encounter,0.00,0.00,$0.00,0,0,0
,Assessment-Psychiatric Assessment,,90802,,Encounter,0.00,0.00,$0.00,0,0,0
,Substance Abuse: Psychiatric Evaluation,,90802,,Encounter,0.00,0.00,$0.00,0,0,0
,Therapy-Individual Therapy,,90804,,Encounter 20-30 Min,0.00,0.00,$0.00,0,0,0
,Substance Abuse: Outpatient Treatment,"0900, 0914, 0915, 0916, 0919",90804,,Encounter 20-30 Min,0.00,0.00,$0.00,0,0,0
Hiawatha,,,,,,,,,,,
,Therapy-Individual Therapy,,90805,,Encounter 20-30 Min,0.00,0.00,$0.00,0,0,0
,Substance Abuse: Outpatient Treatment,"0900, 0914, 0915, 0916, 0919",90805,,Encounter 20-30 Min,0.00,0.00,$0.00,0,0,0
,Therapy-Individual Therapy,,90806,,Encounter 45-50 Min,138.00,961.00,"$223,091.00",1617,232,7
,Substance Abuse: Outpatient Treatment,"0900, 0914, 0915, 0916, 0919",90806,,Encounter 45-50 Min,0.00,0.00,$0.00,0,0,0
,Therapy-Individual Therapy,,90807,,Encounter 45-50 Min,0.00,0.00,$0.00,0,0,0
,Substance Abuse: Outpatient Treatment,"0900, 0914, 0915, 0916, 0919",90807,,Encounter 45-50 Min,0.00,0.00,$0.00,0,0,0
,Therapy-Individual Therapy,,90808,,Encounter 75-80 Min,0.00,0.00,$0.00,0,0,0
,Substance Abuse: Outpatient Treatment,"0900, 0914, 0915, 0916, 0919",90808,,Encounter 75-80 Min,0.00,0.00,$0.00,0,0,0
,Therapy-Individual Therapy,,90809,,Encounter 75-80 Min,0.00,0.00,$0.00,0,0,0
,Substance Abuse: Outpatient Treatment,"0900, 0914, 0915, 0916, 0919",90809,,Encounter 75-80 Min,0.00,0.00,$0.00,0,0,0
,Therapy-Individual Therapy,,90810,,Encounter 20-30 Min,0.00,0.00,$0.00,0,0,0
,Substance Abuse: Outpatient Treatment,"0900, 0914, 0915, 0916, 0919",90810,,Encounter 20-30 Min,0.00,0.00,$0.00,0,0,0
,Therapy-Individual Therapy,,90811,,Encounter 20-30 Min,0.00,0.00,$0.00,0,0,0
,Substance Abuse: Outpatient Treatment,"0900, 0914, 0915, 0916, 0919",90811,,Encounter 20-30 Min,0.00,0.00,$0.00,0,0,0
,Therapy-Individual Therapy,,90812,,Encounter 45-50 Min,0.00,0.00,$0.00,0,0,0
,Substance Abuse: Outpatient Treatment,"0900, 0914, 0915, 0916, 0919",90812,,Encounter 45-50 Min,0.00,0.00,$0.00,0,0,0
,Therapy-Individual Therapy,,90813,,Encounter 45-50 Min,0.00,0.00,$0.00,0,0,0
,Substance Abuse: Outpatient Treatment,"0900, 0914, 0915, 0916, 0919",90813,,Encounter 45-50 Min,0.00,0.00,$0.00,0,0,0
,Therapy-Individual Therapy,,90814,,Encounter 75-80 Min,0.00,0.00,$0.00,0,0,0
,Substance Abuse: Outpatient Treatment,"0900, 0914, 0915, 0916, 0919",90814,,Encounter 75-80 Min,0.00,0.00,$0.00,0,0,0
,Therapy-Individual Therapy,,90815,,Encounter 75-80 Min,0.00,0.00,$0.00,0,0,0
,Substance Abuse: Outpatient Treatment,"0900, 0914, 0915, 0916, 0919",90815,,Encounter 75-80 Min,0.00,0.00,$0.00,0,0,0
,Therapy-Individual Therapy,,90816,,Encounter 20-30 Min,0.00,0.00,$0.00,0,0,0
,Therapy-Individual Therapy,,90817,,Encounter 20-30 Min,0.00,0.00,$0.00,0,0,0
,Therapy-Individual Therapy,,90818,,Encounter 45-50 Min,0.00,0.00,$0.00,0,0,0
,Therapy-Individual Therapy,,90819,,Encounter 45-50 Min,0.00,0.00,$0.00,0,0,0
,Therapy-Individual Therapy,,90821,,Encounter 75-80 Min,0.00,0.00,$0.00,0,0,0
,Therapy-Individual Therapy,,90822,,Encounter 75-80 Min,0.00,0.00,$0.00,0,0,0
,Therapy-Individual Therapy,,90823,,Encounter 20-30 Min,0.00,0.00,$0.00,0,0,0
,Therapy-Individual Therapy,,90824,,Encounter 20-30 Min,0.00,0.00,$0.00,0,0,0
,Therapy-Individual Therapy,,90826,,Encounter 45-50 Min,0.00,0.00,$0.00,0,0,0
,Substance Abuse: Psychotherapy (Individual Therapy),,90826,,Encounter 45-50 Min,0.00,0.00,$0.00,0,0,0
,Therapy-Individual Therapy,,90827,,Encounter 45-50 Min,0.00,0.00,$0.00,0,0,0
,Therapy-Individual Therapy,,90828,,Encounter 75-80 Min,0.00,0.00,$0.00,0,0,0
,Therapy-Individual Therapy,,90829,,Encounter 75-80 Min,0.00,0.00,$0.00,0,0,0
,Therapy-Family Therapy,,90846,,Encounter,0.00,0.00,$0.00,0,0,0
,Therapy-Family Therapy,,90847,,Encounter,6.00,6.00,"$1,726.00",288,288,1
,Substance Abuse: Outpatient Treatment,"0900, 0906, 0914, 0915, 0916, 0919",90847,,Encounter,0.00,0.00,$0.00,0,0,0
,Therapy-Family Therapy,,90849,,Encounter,0.00,0.00,$0.00,0,0,0
,Therapy-Family Therapy,,90849,HS,Encounter,0.00,0.00,$0.00,0,0,0
Hiawatha,,,,,,,,,,,
,Therapy-Group Therapy,,90853,,Encounter,0.00,0.00,$0.00,0,0,0
,Substance Abuse: Outpatient Treatment,"0900, 0906, 0914, 0915, 0916, 0919",90853,,Encounter,0.00,0.00,$0.00,0,0,0
,Therapy-Group Therapy,,90857,,Encounter,0.00,0.00,$0.00,0,0,0
,Substance Abuse: Outpatient Treatment,"0900, 0906, 0914, 0915, 0916, 0919",90857,,Encounter,0.00,0.00,$0.00,0,0,0
,Medication Review ,,90862,,Encounter,354.00,"1,542.00","$497,596.00",1406,323,4
,Substance Abuse: Medication Review,"0900, 0914, 0915, 0916, 0919",90862,,Encounter,0.00,0.00,$0.00,0,0,0
,Additional Codes-ECT Physician,,90870,,Encounter,1.00,45.00,"$11,133.00",11133,247,45
,Additional Codes-ECT Physician,0901,90870,,Encounter,0.00,0.00,$0.00,0,0,0
,Assessments-Other,,90887,,Encounter,0.00,0.00,$0.00,0,0,0
,Speech & Language Therapy ,,92506,,Encounter,1.00,1.00,$537.00,537,537,1
,Speech & Language Therapy ,,92507,,Encounter,0.00,0.00,$0.00,0,0,0
,Speech & Language Therapy ,,92508,,Encounter,0.00,0.00,$0.00,0,0,0
,Speech & Language Therapy ,,92526,,Encounter,0.00,0.00,$0.00,0,0,0
,Speech & Language Therapy ,,92610,,Encounter,0.00,0.00,$0.00,0,0,0
,Evaluation of Auditory Rehabilitation Status (Children's Waiver),,92626,,First Hour,0.00,0.00,$0.00,0,0,0
,Evaluation of Auditory Rehabiliation Status (Children's Waiver),,92627,,Each Additional 15 Minutes,0.00,0.00,$0.00,0,0,0
,Auditory Rehabilitation Preling Hearing Loss (Children's Waiver),,92630,,Encounter,0.00,0.00,$0.00,0,0,0
,Auditory Rehabilitation; Post-Lingual Hearing Loss (Children's Waiver),,92633,,Encounter,0.00,0.00,$0.00,0,0,0
,Psychological Testing PSYCH/PHYS ,,96101,,Per Hour,5.00,5.00,"$12,343.00",2469,2469,1
,Psychological Testing by Technician ,,96102,,Per Hour,0.00,0.00,$0.00,0,0,0
,Psychological Testing by Comp ,,96103,,Per Hour,0.00,0.00,$0.00,0,0,0
,Assessments-Other,,96105,,Encounter,0.00,0.00,$0.00,0,0,0
,Assessments-Other,,96110,,Encounter,0.00,0.00,$0.00,0,0,0
,Assessments-Other,,96111,,Encounter,0.00,0.00,$0.00,0,0,0
,Neurobehavioral Status Exam (Children's Waiver),,96116,,Per Hour,0.00,0.00,$0.00,0,0,0
,Neuropsych test by Psych/Phys ,,96118,,Per Hour,0.00,0.00,$0.00,0,0,0
,Neuropsych test by Tech ,,96119,,Per Hour,0.00,0.00,$0.00,0,0,0
,Neuropsych test Admin w/Comp ,,96120,,Per Hour,0.00,0.00,$0.00,0,0,0
,Medication Administration,,96372,,Encounter,0.00,0.00,$0.00,0,0,0
,Physical Therapy,,97001,,Encounter,2.00,2.00,$878.00,439,439,1
,Physical Therapy,,97002,,Encounter,0.00,0.00,$0.00,0,0,0
,Occupational Therapy,,97003,,Encounter,0.00,0.00,$0.00,0,0,0
,Occupational Therapy,,97004,,Encounter,0.00,0.00,$0.00,0,0,0
,Occupational or Physical Therapy,,97110,,15 Minutes,3.00,103.00,"$9,018.00",3006,88,34
,Occupational or Physical Therapy,,97112,,15 Minutes,0.00,0.00,$0.00,0,0,0
,Occupational or Physical Therapy,,97113,,15 Minutes,0.00,0.00,$0.00,0,0,0
,Occupational or Physical Therapy,,97116,,15 Minutes,0.00,0.00,$0.00,0,0,0
,Occupational or Physical Therapy,,97124,,15 Minutes,0.00,0.00,$0.00,0,0,0
,Occupational or Physical Therapy,,97140,,15 Minutes,0.00,0.00,$0.00,0,0,0
,Occupational or Physical Therapy,,97150,,Encounter,0.00,0.00,$0.00,0,0,0
,Occupational or Physical Therapy,,97530,,15 Minutes,0.00,0.00,$0.00,0,0,0
,Occupational or Physical Therapy,,97532,,15 Minutes,0.00,0.00,$0.00,0,0,0
,Occupational or Physical Therapy,,97533,,15 Minutes,0.00,0.00,$0.00,0,0,0
,Occupational or Physical Therapy,,97535,,15 Minutes,0.00,0.00,$0.00,0,0,0
,Occupational or Physical Therapy,,97537,,15 Minutes,0.00,0.00,$0.00,0,0,0
,Occupational or Physical Therapy,,97542,,15 Minutes,0.00,0.00,$0.00,0,0,0
,Occupational Therapy,,97703,,15 Minutes,0.00,0.00,$0.00,0,0,0
Hiawatha,,,,,,,,,,,
,Occupational Therapy,,97750,,15 Minutes,0.00,0.00,$0.00,0,0,0
,Occupational Therapy,,97755,,15 Minutes,0.00,0.00,$0.00,0,0,0
,Occupational Therapy,,97760,,15 Minutes,0.00,0.00,$0.00,0,0,0
,C/O for Orthotic/Prosth Use ,,97762,,15 minutes,0.00,0.00,$0.00,0,0,0
,Assessment or Health Services,,97802,,15 Minutes,0.00,0.00,$0.00,0,0,0
,Assessment or Health Services,,97803,,15 Minutes,0.00,0.00,$0.00,0,0,0
,Health Services,,97804,,30 Minutes,0.00,0.00,$0.00,0,0,0
,Additional Codes-Physician Services,,99201,,Encounter,0.00,0.00,$0.00,0,0,0
,Additional Codes-Physician Services,,99202,,Encounter,0.00,0.00,$0.00,0,0,0
,Additional Codes-Physician Services,,99203,,Encounter,0.00,0.00,$0.00,0,0,0
,Additional Codes-Physician Services,,99204,,Encounter,0.00,0.00,$0.00,0,0,0
,Additional Codes-Physician Services,,99205,,Encounter,0.00,0.00,$0.00,0,0,0
,Additional Codes-Physician Services  Medication Administration,,99211,,Encounter,0.00,0.00,$0.00,0,0,0
,Additional Codes-Physician Services,,99212,,Encounter,0.00,0.00,$0.00,0,0,0
,Additional Codes-Physician Services,,99213,,Encounter,0.00,0.00,$0.00,0,0,0
,Additional Codes-Physician Services,,99214,,Encounter,0.00,0.00,$0.00,0,0,0
,Additional Codes-Physician Services,,99215,,Encounter,0.00,0.00,$0.00,0,0,0
,Additional Codes-Physician Services,,99221,,30 Minutes,0.00,0.00,$0.00,0,0,0
,Additional Codes-Physician Services,,99222,,50 Minutes,0.00,0.00,$0.00,0,0,0
,Additional Codes-Physician Services,,99223,,70 Minutes,0.00,0.00,$0.00,0,0,0
,Additional Codes-Physician Services,,99231,,15 Minutes,0.00,0.00,$0.00,0,0,0
,Additional Codes-Physician Services,,99232,,25 minutes,0.00,0.00,$0.00,0,0,0
,Additional Codes-Physician Services,,99233,,35 Minutes,0.00,0.00,$0.00,0,0,0
,Additional Codes-Physician Services,,99238,,30 Minutes or less,0.00,0.00,$0.00,0,0,0
,Additional Codes-Physician Services,,99241,,Encounter,0.00,0.00,$0.00,0,0,0
,Additional Codes-Physician Services,,99242,,Encounter,0.00,0.00,$0.00,0,0,0
,Additional Codes-Physician Services,,99243,,Encounter,0.00,0.00,$0.00,0,0,0
,Additional Codes-Physician Services,,99244,,Encounter,0.00,0.00,$0.00,0,0,0
,Additional Codes-Physician Services,,99245,,Encounter,0.00,0.00,$0.00,0,0,0
,Additional Codes-Physician Services,,99251,,Encounter,0.00,0.00,$0.00,0,0,0
,Additional Codes-Physician Services,,99252,,Encounter,0.00,0.00,$0.00,0,0,0
,Additional Codes-Physician Services,,99253,,Encounter,0.00,0.00,$0.00,0,0,0
,Additional Codes-Physician Services,,99254,,Encounter,0.00,0.00,$0.00,0,0,0
,Additional Codes-Physician Services,,99255,,Encounter,0.00,0.00,$0.00,0,0,0
,Additional Codes-Physician Services,,99261,,Encounter,0.00,0.00,$0.00,0,0,0
,Additional Codes-Physician Services,,99262,,Encounter,0.00,0.00,$0.00,0,0,0
,Additional Codes-Physician Services,,99263,,Encounter,0.00,0.00,$0.00,0,0,0
,Additional Codes-Physician Services,,99271,,Encounter,0.00,0.00,$0.00,0,0,0
,Additional Codes-Physician Services,,99272,,Encounter,0.00,0.00,$0.00,0,0,0
,Additional Codes-Physician Services,,99273,,Encounter,0.00,0.00,$0.00,0,0,0
,Additional Codes-Physician Services,,99274,,Encounter,0.00,0.00,$0.00,0,0,0
,Additional Codes-Physician Services,,99275,,Encounter,0.00,0.00,$0.00,0,0,0
,Medication Administration,,99605,,Encounter,0.00,0.00,$0.00,0,0,0
,Transportation,,A0080,,Per mile,0.00,0.00,$0.00,0,0,0
,Transportation,,A0090,,Per mile,0.00,0.00,$0.00,0,0,0
,Transportation,,A0100,,Per one-way trip,0.00,0.00,$0.00,0,0,0
,Transportation,,A0110,,Per one-way trip,0.00,0.00,$0.00,0,0,0
,Transportation,,A0120,,Per one-way trip,0.00,0.00,$0.00,0,0,0
,Transportation,,A0130,,Per one-way trip,0.00,0.00,$0.00,0,0,0
,Transportation,,A0140,,Per one-way trip,0.00,0.00,$0.00,0,0,0
Hiawatha,,,,,,,,,,,
,Transportation,,A0170,,,0.00,0.00,$0.00,0,0,0
,Additional Codes-Transportation,,A0425,,Per Mile,0.00,0.00,$0.00,0,0,0
,Additional Codes-Transportation,,A0427,,Refer to code descriptions.,0.00,0.00,$0.00,0,0,0
,Additional codes - Transportation,,A0428,,,0.00,0.00,$0.00,0,0,0
,Repair or Non-Routine Service for DME (Children's Waiver),,E1340,,15 Minutes,0.00,0.00,$0.00,0,0,0
,Enhanced Medical Equipment-Supplies,,E1399,,Items,0.00,0.00,$0.00,0,0,0
,Activity Therapy (Children's Waiver),,G0176,,Encounter,0.00,0.00,$0.00,0,0,0
,Family Training/Support EBP only,,G0177,,Encounter Session at least 45 min,12.00,29.00,"$21,779.00",1815,751,2
,Substance Abuse: Individual Assessment,,H0001,,Encounter,0.00,0.00,$0.00,0,0,0
,Assessment ,,H0002,,Encounter,12.00,12.00,"$6,881.00",573,573,1
,Substance Abuse: Individual Assessment,,H0002,,Encounter,0.00,0.00,$0.00,0,0,0
,Substance Abuse:Laboratory,,H0003,,Encounter,0.00,0.00,$0.00,0,0,0
,Substance Abuse: Outpatient Treatment,"0900, 0906, 0914, 0915, 0916, 0919",H0004,,15 Minutes,0.00,0.00,$0.00,0,0,0
,Substance Abuse: Outpatient Treatment,"0900, 0906, 0914, 0915, 0916, 0919",H0005,,Encounter,0.00,0.00,$0.00,0,0,0
,Substance Abuse: Case Management,,H0006,,Encounter,0.00,0.00,$0.00,0,0,0
,Substance Abuse: Sub-Acute Detoxification,1002,H0010,,Days,0.00,0.00,$0.00,0,0,0
,Substance Abuse: Sub-Acute Detoxification,1002,H0012,,Days,0.00,0.00,$0.00,0,0,0
,Substance Abuse: Sub-Acute Detoxification,1002,H0014,,Days,0.00,0.00,$0.00,0,0,0
,Substance Abuse: Outpatient Care,"0900, 0906, 0914, 0915, 0916, 0919",H0015,,Days,0.00,0.00,$0.00,0,0,0
,Crisis Residential Services,,H0018,,Days,0.00,0.00,$0.00,0,0,0
,Substance Abuse: Residential,1002,H0018,,Days,0.00,0.00,$0.00,0,0,0
,Substance Abuse: Residential,1002,H0019,,Days,0.00,0.00,$0.00,0,0,0
,Substance Abuse: Methadone,,H0020,,Encounter,0.00,0.00,$0.00,0,0,0
,Substance Abuse: Early Intervention,,H0022,,Encounter,0.00,0.00,$0.00,0,0,0
,Peer Directed and Operated Support Services,,H0023,,Encounter,50.00,"2,677.00","$77,519.00",1550,29,54
,Prevention Services - Direct Model,,H0025,,Face to Face Contact,0.00,0.00,$0.00,0,0,0
,Crisis Intervention,,H0030,,Per Service,0.00,0.00,$0.00,0,0,0
,Assessment ,,H0031,,Encounter,117.00,126.00,"$92,006.00",786,730,1
,Substance Abuse: Assessment,,H0031,,Encounter,0.00,0.00,$0.00,0,0,0
,Treatment Planning,,H0032,,Encounter,51.00,54.00,"$16,347.00",321,303,1
,Monitoring of Treatment - Clinician,,H0032,TS,Encounter,0.00,0.00,$0.00,0,0,0
,Substance Abuse: Pharmalogical Support - Suboxane,,H0033,,Direct Observation Encounter,0.00,0.00,$0.00,0,0,0
,Health Services,,H0034,,15 Minutes,15.00,83.00,"$6,769.00",451,82,6
,Home Based Services,,H0036,,15 Minutes,0.00,0.00,$0.00,0,0,0
,Home Based Services,,H0036,ST,15 Minutes,0.00,0.00,$0.00,0,0,0
,Community Psychiatric Supportive Treatment ,,H0037,,Per diem,0.00,0.00,$0.00,0,0,0
,Peer Directed and Operated Support Services,,H0038,,15 minutes,22.00,955.00,"$122,028.00",5547,128,43
,Peer Directed and Operated Support Services,,NA,,,0.00,0.00,$0.00,0,0,0
,Assertive Community Treatment (ACT),,H0039,,15 Minutes,39.00,"7,025.00","$456,781.00",11712,65,180
,Community Living Supports in Independent living/own home,,H0043,,Per diem,0.00,0.00,$0.00,0,0,0
,Community Living Supports in Independent living/own home,,H0043,TT,Per diem,0.00,0.00,$0.00,0,0,0
,Respite,,H0045,,Days,0.00,0.00,$0.00,0,0,0
,Respite (Children's Waiver),,H0045,TD,Per Diem,0.00,0.00,$0.00,0,0,0
,Respite (Children's Waiver),,H0045,TE,Per Diem,0.00,0.00,$0.00,0,0,0
,Substance Abuse:Laboratory (cells now unlocked),,H0048,,Encounter,0.00,0.00,$0.00,0,0,0
,Substance Abuse: Individual Assessment,,H0049,,Encounter,0.00,0.00,$0.00,0,0,0
,Behavior Treatment Plan Review,,H2000,,Encounter,6.00,18.00,"$2,159.00",360,120,3
,Behavior Treatment Plan Review - Monitoring Activities,,H2000,TS,Encounter,10.00,103.00,"$14,196.00",1420,138,10
Hiawatha,,,,,,,,,,,
,Comprehensive Medication Services - EBP only,,H2010,,15 minutes,0.00,0.00,$0.00,0,0,0
,Crisis Intervention,,H2011,,15 Minutes,347.00,"3,171.00","$222,933.00",642,70,9
,Skill-Building and Out of Home Non Vocational Habilitation,,H2014,,15 minutes,11.00,"1,185.00","$7,217.00",656,6,108
,Skill-Building and Out of Home Non Vocational Habilitation,,H2014,TT,15 Minutes,13.00,"19,098.00","$116,307.00",8947,6,1469
,Community Living Supports (15 Minutes),,H2015,,15 Minutes,19.00,"4,849.00","$23,809.00",1253,5,255
,Community Living Supports (15 Minutes),,H2015,TT,15 Minutes,15.00,"10,143.00","$49,802.00",3320,5,676
,Community Living Supports (Daily),,H2016,,Per Diem,0.00,0.00,$0.00,0,0,0
,Community Living Supports (Daily),,H2016,TF,Per Diem,0.00,0.00,$0.00,0,0,0
,Community Living Supports (Daily),,H2016,TG,Per Diem,25.00,"6,022.00","$1,022,904.00",40916,170,241
,Behavior Services,,H2019,,15 Minutes,0.00,0.00,$0.00,0,0,0
,Behavior Services,,H2019,TT,15 Minutes,0.00,0.00,$0.00,0,0,0
,Crisis Intervention,,H2020,,Days,0.00,0.00,$0.00,0,0,0
,Wraparound,,H2021,,15 Minutes,0.00,0.00,$0.00,0,0,0
,Wraparound,,H2022,,Days,0.00,0.00,$0.00,0,0,0
,Supported Employment Services,,H2023,,15 minutes,9.00,"3,606.00","$16,912.00",1879,5,401
,Supported Employment Services,,H2023,TT,15 Minutes,10.00,"2,704.00","$12,682.00",1268,5,270
,Mental Health Therapy,,H2027,,15 Minutes,0.00,0.00,$0.00,0,0,0
,Clubhouse Psychosocial Rehabilitation Programs ,,H2030,,15 Minutes,0.00,0.00,$0.00,0,0,0
,Home Based Services,,H2033,,15 Minutes,0.00,0.00,$0.00,0,0,0
,Substance Abuse: Outpatient Care,"0900, 0906, 0914, 0915, 0916, 0919",H2035,,Hour,0.00,0.00,$0.00,0,0,0
,Substance Abuse: Outpatient Care,"0900, 0906, 0914, 0915, 0916, 0919",H2036,,Per Diem,0.00,0.00,$0.00,0,0,0
,Medication Review ,,M0064,,"Encounter Face-to-Face, generally less than 10 minutes",0.00,0.00,$0.00,0,0,0
,Transportation,,S0209,,Per Mile,0.00,0.00,$0.00,0,0,0
,Transportation,,S0215,,Per Mile,0.00,0.00,$0.00,0,0,0
,Family Training - EBP,,S5110,,15 Minutes,0.00,0.00,$0.00,0,0,0
,Family Training,,S5111,,Encounter,0.00,0.00,$0.00,0,0,0
,Family Training,,S5111,HA,Encounter,0.00,0.00,$0.00,0,0,0
,"Home Care Training, Non-Family (Children's Waiver)",,S5116,,Encounter,0.00,0.00,$0.00,0,0,0
,Chore Services,,S5120,,15 Minutes,0.00,0.00,$0.00,0,0,0
,Foster Care,,S5140,,Days,0.00,0.00,$0.00,0,0,0
,Foster Care,,S5145,,Days,0.00,0.00,$0.00,0,0,0
,Respite,,S5150,,15 Minutes,0.00,0.00,$0.00,0,0,0
,Respite,,S5151,,Per Diem,0.00,0.00,$0.00,0,0,0
,Personal Emergency Response System (PERS),,S5160,,Encounter,0.00,0.00,$0.00,0,0,0
,Personal Emergency Response System (PERS),,S5161,,Month,0.00,0.00,$0.00,0,0,0
,Environmental Modification ,,S5165,,Service,0.00,0.00,$0.00,0,0,0
,Enhanced Medical Equipment-Supplies,,S5199,,Items,0.00,0.00,$0.00,0,0,0
,Occupational or Physical Therapy,,S8990,,Encounter,0.00,0.00,$0.00,0,0,0
,Private Duty Nursing,0582,S9123,,Hour,0.00,0.00,$0.00,0,0,0
,Private Duty Nursing,,S9123,,Hour,0.00,0.00,$0.00,0,0,0
,Private Duty Nursing,,S9123,TT,Hour,0.00,0.00,$0.00,0,0,0
,Private Duty Nursing,0582,S9124,,Hour,0.00,0.00,$0.00,0,0,0
,Private Duty Nursing,,S9124,,Hour,0.00,0.00,$0.00,0,0,0
,Private Duty Nursing,,S9124,TT,Hour,0.00,0.00,$0.00,0,0,0
,Respite Care in the Home (RN) (Children's Waiver),,S9125,TD,Per Diem,0.00,0.00,$0.00,0,0,0
,Respite Care in the Home (LPN) (Children's Waiver),,S9125,TE,Per Diem,0.00,0.00,$0.00,0,0,0
,Health Services,,S9445,,Encounter,0.00,0.00,$0.00,0,0,0
,Health Services,,S9446,,Encounter,0.00,0.00,$0.00,0,0,0
Hiawatha,,,,,,,,,,,
,Health Services,,S9470,,Encounter,0.00,0.00,$0.00,0,0,0
,Intensive Crisis Stabilization-Enrolled Program,,S9484,,Hour,0.00,0.00,$0.00,0,0,0
,Reidential Room and Board,,S9976,,Days,0.00,0.00,$0.00,0,0,0
,Private Duty Nursing,,T1000,,Up to 15 min,0.00,0.00,$0.00,0,0,0
,Private Duty Nursing,,T1000,TD,Up to 15 min,0.00,0.00,$0.00,0,0,0
,Private Duty Nursing,,T1000,TE,Up to 15 min,0.00,0.00,$0.00,0,0,0
,Assessment,,T1001,,Encounter,4.00,4.00,"$1,808.00",452,452,1
,Health Services,,T1002,,Up to 15 min,1.00,1.00,$35.00,35,35,1
,Respite Care,,T1005,,15 Minutes,3.00,800.00,"$3,787.00",1262,5,267
,Respite Care,,T1005,TD,15 Minutes,0.00,0.00,$0.00,0,0,0
,Respite Care,,T1005,TE,15 Minutes,0.00,0.00,$0.00,0,0,0
,Substance Abuse: Recovery Support Services,"0900, 0906, 0914, 0915, 0916, 0919",T1012,,Encounter,0.00,0.00,$0.00,0,0,0
,Family Psycho-Education - EBP,,T1015,,Encounter,0.00,0.00,$0.00,0,0,0
,Supports Coordination/Wrap Facilitation,,T1016,,15 minutes,247.00,"3,326.00","$427,428.00",1730,129,13
,Targeted Case Management ,,T1017,,15 minutes,95.00,"1,924.00","$269,687.00",2839,140,20
,Nursing Home Mental Health Monitoring,,T1017,SE,15 minutes,10.00,331.00,"$46,396.00",4640,140,33
,Personal Care in Licensed Specialized Residential Setting,,T1020,,Days,25.00,"6,021.00","$58,351.00",2334,10,241
,Personal Care in Licensed Specialized Residential Setting,,T1020,TF,Days,0.00,0.00,$0.00,0,0,0
,Personal Care in Licensed Specialized Residential Setting,,T1020,TG,Days,0.00,0.00,$0.00,0,0,0
,Assessments,,T1023,,Encounter,234.00,308.00,"$134,495.00",575,437,1
,Enhanced Medical Supplies or Pharmacy,,T1999,,Items,6.00,21.00,$314.00,52,15,4
,Transportation,,T2001,,Encounter,0.00,0.00,$0.00,0,0,0
,Transportation,,T2002,,Per Diem,0.00,0.00,$0.00,0,0,0
,Transportation,,T2003,,Encounter / Trip,0.00,0.00,$0.00,0,0,0
,Transportation,,T2004,,Encounter,0.00,0.00,$0.00,0,0,0
,Transportation,,T2005,,Encounter,0.00,0.00,$0.00,0,0,0
,Out of Home Prevocational Service,,T2015,,Hour,0.00,0.00,$0.00,0,0,0
,Targeted Case Management (Children's Waiver),,T2023,,Month,0.00,0.00,$0.00,0,0,0
,Fiscal Intermediary Services,,T2025,,Month,0.00,0.00,$0.00,0,0,0
,Enhanced Medical Equipment-Supplies,,T2028,,Items,0.00,0.00,$0.00,0,0,0
,Enhanced Medical Equipment-Supplies,,T2029,,Items,0.00,0.00,$0.00,0,0,0
,Crisis Intervention,,T2034,,Days,0.00,0.00,$0.00,0,0,0
,Respite Care,,T2036,,Encounter / Trip. Per session. One night = one session,0.00,0.00,$0.00,0,0,0
,Respite Care,,T2037,,Encounter / Trip  Per session. One day/partial day = one session,0.00,0.00,$0.00,0,0,0
,Housing Assistance,,T2038,,Month   Service,0.00,0.00,$0.00,0,0,0
,Enhanced Medical Equipment-Supplies,,T2039,,Items,0.00,0.00,$0.00,0,0,0
,Pharmacy (Drugs and Other Biologicals),,,,,0.00,0.00,$0.00,0,0,0
,Other,,,,,0.00,0.00,$0.00,0,0,0
,Aggregate for 'J' Codes,,ALL,,,0.00,0.00,"$122,988.00",0,0,0
Huron,,,,,,,,,,,
,State Psychiatric Hospital - Inpatient PT22,"0100, 0101, 0114, 0124, 0134, 0154",,PT22,Days,0.00,0.00,$0.00,0,0,0
,State Mental Retardation Facility - Inpatient (ICF/MR) PT65,"0100, 0101, 0114, 0124, 0134, 0154",,PT65,Days,0.00,0.00,$0.00,0,0,0
,Local Psychiatric Hospital/IMD PT68,"0100, 0101, 0114, 0124, 0134, 0154",,PT68,Days,4.00,27.00,"$12,602.00",3151,467,7
,Local Psychiatric Hospital - Acute Community PT73,"0100, 0101, 0114, 0124, 0134, 0154",,PT73,Days,65.00,648.00,"$295,516.00",4546,456,10
,Inpatient Hospital Ancillary Services - Leave of Absence,0183,,,Days,0.00,0.00,$0.00,0,0,0
,Inpatient Hospital Ancillary Services - Pharmacy,"0250-0254, 0257-0258 ",,,,0.00,0.00,$0.00,0,0,0
,Inpatient Hospital Ancillary Services - Medical/Surgical Supplies and Devices,0270-0272,,,# of items,0.00,0.00,$0.00,0,0,0
,Inpatient Hospital Ancillary Services - Laboratory,"0300-0302, 0305-0307",,,# of tests,0.00,0.00,$0.00,0,0,0
,Inpatient Hospital Ancillary Services - Radiology,0320,,,# of tests,0.00,0.00,$0.00,0,0,0
,ECT Anesthesia,0370,,,,0.00,0.00,$0.00,0,0,0
,Inpatient Hospital Ancillary Services - Respiratory Services,0410,,,# of treatments,0.00,0.00,$0.00,0,0,0
,Inpatient Hospital Ancillary Services -Physical Therapy,0420-0424,,,# of treatments,0.00,0.00,$0.00,0,0,0
,Inpatient Hospital Ancillary Services - Occupational Therapy,0430-0434,,,# of treatments,0.00,0.00,$0.00,0,0,0
,Inpatient Hospital Ancillary Services - Speech-Language Pathology,0440-0444,,,# of treatments,0.00,0.00,$0.00,0,0,0
,Inpatient Hospital Ancillary Services - Emergency Room,0450,,,# of visits,0.00,0.00,$0.00,0,0,0
,Inpatient Hospital Ancillary Services - Pulmonary Function,0460,,,# of tests,0.00,0.00,$0.00,0,0,0
,Inpatient Hospital Ancillary Services - Audiology,0470-0472,,,# of tests,0.00,0.00,$0.00,0,0,0
,Inpatient Hospital Ancillary Services - Magnetic Resonance Technology (MRT),0610-0611,,,# of tests,0.00,0.00,$0.00,0,0,0
,Inpatient Hospital Ancillary Services - Pharmacy,0636,,,# of units,0.00,0.00,$0.00,0,0,0
,ECT Recovery Room,0701,,,,0.00,0.00,$0.00,0,0,0
,Inpatient Hospital Ancillary Services -EKG/ECG,0730-0731,,,# of tests,0.00,0.00,$0.00,0,0,0
,Inpatient Hospital Ancillary Services - EEG,0740,,,# of tests,0.00,0.00,$0.00,0,0,0
,Crisis Observation Care,0762,,,Hour,0.00,0.00,$0.00,0,0,0
,Additional Codes-ECT Facility Charge,0901,,,Encounter,0.00,0.00,$0.00,0,0,0
,Inpatient Hospital Ancillary Services - Psychiatric/Psychological Treatments/Services,"0900, 0902-0904, 0911, 0914-0919",,,# of visits,0.00,0.00,$0.00,0,0,0
,Outpatient Partial Hospitalization,0912,,,Days,0.00,0.00,$0.00,0,0,0
,Outpatient Partial Hospitalization,0913,,,Days,0.00,0.00,$0.00,0,0,0
,Inpatient Hospital Ancillary Services - Other Diagnosis Services,0925,,,# of tests,0.00,0.00,$0.00,0,0,0
,Inpatient Hospital Ancillary Services - Other Therapeutic Services,0940-0942,,,# of visits,0.00,0.00,$0.00,0,0,0
,Additional Codes-ECT Anesthesia,,00104,,Minutes,0.00,0.00,$0.00,0,0,0
,Drug Screen for Methadone Clients Only,,80100,,Per Screen,0.00,0.00,$0.00,0,0,0
,Drug Screen for Methadone Clients Only,,80101,,Per Screen,0.00,0.00,$0.00,0,0,0
,Alcohol Breath Test for Methadone Clients Only,,82075,,Per Test,0.00,0.00,$0.00,0,0,0
,Medication Administration,,90772,,Encounter,16.00,50.00,$716.00,45,14,3
,Assessment-Psychiatric Assessment,,90801,,Encounter,76.00,76.00,"$26,234.00",345,345,1
,Substance Abuse: Psychiatric Evaluation,,90801,,Encounter,0.00,0.00,$0.00,0,0,0
,Assessment-Psychiatric Assessment,,90802,,Encounter,0.00,0.00,$0.00,0,0,0
,Substance Abuse: Psychiatric Evaluation,,90802,,Encounter,0.00,0.00,$0.00,0,0,0
,Therapy-Individual Therapy,,90804,,Encounter 20-30 Min,24.00,26.00,"$2,047.00",85,79,1
,Substance Abuse: Outpatient Treatment,"0900, 0914, 0915, 0916, 0919",90804,,Encounter 20-30 Min,0.00,0.00,$0.00,0,0,0
Huron,,,,,,,,,,,
,Therapy-Individual Therapy,,90805,,Encounter 20-30 Min,0.00,0.00,$0.00,0,0,0
,Substance Abuse: Outpatient Treatment,"0900, 0914, 0915, 0916, 0919",90805,,Encounter 20-30 Min,0.00,0.00,$0.00,0,0,0
,Therapy-Individual Therapy,,90806,,Encounter 45-50 Min,276.00,"1,750.00","$282,782.00",1025,162,6
,Substance Abuse: Outpatient Treatment,"0900, 0914, 0915, 0916, 0919",90806,,Encounter 45-50 Min,0.00,0.00,$0.00,0,0,0
,Therapy-Individual Therapy,,90807,,Encounter 45-50 Min,0.00,0.00,$0.00,0,0,0
,Substance Abuse: Outpatient Treatment,"0900, 0914, 0915, 0916, 0919",90807,,Encounter 45-50 Min,0.00,0.00,$0.00,0,0,0
,Therapy-Individual Therapy,,90808,,Encounter 75-80 Min,40.00,55.00,"$11,844.00",296,215,1
,Substance Abuse: Outpatient Treatment,"0900, 0914, 0915, 0916, 0919",90808,,Encounter 75-80 Min,0.00,0.00,$0.00,0,0,0
,Therapy-Individual Therapy,,90809,,Encounter 75-80 Min,0.00,0.00,$0.00,0,0,0
,Substance Abuse: Outpatient Treatment,"0900, 0914, 0915, 0916, 0919",90809,,Encounter 75-80 Min,0.00,0.00,$0.00,0,0,0
,Therapy-Individual Therapy,,90810,,Encounter 20-30 Min,0.00,0.00,$0.00,0,0,0
,Substance Abuse: Outpatient Treatment,"0900, 0914, 0915, 0916, 0919",90810,,Encounter 20-30 Min,0.00,0.00,$0.00,0,0,0
,Therapy-Individual Therapy,,90811,,Encounter 20-30 Min,0.00,0.00,$0.00,0,0,0
,Substance Abuse: Outpatient Treatment,"0900, 0914, 0915, 0916, 0919",90811,,Encounter 20-30 Min,0.00,0.00,$0.00,0,0,0
,Therapy-Individual Therapy,,90812,,Encounter 45-50 Min,0.00,0.00,$0.00,0,0,0
,Substance Abuse: Outpatient Treatment,"0900, 0914, 0915, 0916, 0919",90812,,Encounter 45-50 Min,0.00,0.00,$0.00,0,0,0
,Therapy-Individual Therapy,,90813,,Encounter 45-50 Min,0.00,0.00,$0.00,0,0,0
,Substance Abuse: Outpatient Treatment,"0900, 0914, 0915, 0916, 0919",90813,,Encounter 45-50 Min,0.00,0.00,$0.00,0,0,0
,Therapy-Individual Therapy,,90814,,Encounter 75-80 Min,0.00,0.00,$0.00,0,0,0
,Substance Abuse: Outpatient Treatment,"0900, 0914, 0915, 0916, 0919",90814,,Encounter 75-80 Min,0.00,0.00,$0.00,0,0,0
,Therapy-Individual Therapy,,90815,,Encounter 75-80 Min,0.00,0.00,$0.00,0,0,0
,Substance Abuse: Outpatient Treatment,"0900, 0914, 0915, 0916, 0919",90815,,Encounter 75-80 Min,0.00,0.00,$0.00,0,0,0
,Therapy-Individual Therapy,,90816,,Encounter 20-30 Min,0.00,0.00,$0.00,0,0,0
,Therapy-Individual Therapy,,90817,,Encounter 20-30 Min,0.00,0.00,$0.00,0,0,0
,Therapy-Individual Therapy,,90818,,Encounter 45-50 Min,0.00,0.00,$0.00,0,0,0
,Therapy-Individual Therapy,,90819,,Encounter 45-50 Min,0.00,0.00,$0.00,0,0,0
,Therapy-Individual Therapy,,90821,,Encounter 75-80 Min,0.00,0.00,$0.00,0,0,0
,Therapy-Individual Therapy,,90822,,Encounter 75-80 Min,0.00,0.00,$0.00,0,0,0
,Therapy-Individual Therapy,,90823,,Encounter 20-30 Min,0.00,0.00,$0.00,0,0,0
,Therapy-Individual Therapy,,90824,,Encounter 20-30 Min,0.00,0.00,$0.00,0,0,0
,Therapy-Individual Therapy,,90826,,Encounter 45-50 Min,0.00,0.00,$0.00,0,0,0
,Substance Abuse: Psychotherapy (Individual Therapy),,90826,,Encounter 45-50 Min,0.00,0.00,$0.00,0,0,0
,Therapy-Individual Therapy,,90827,,Encounter 45-50 Min,0.00,0.00,$0.00,0,0,0
,Therapy-Individual Therapy,,90828,,Encounter 75-80 Min,0.00,0.00,$0.00,0,0,0
,Therapy-Individual Therapy,,90829,,Encounter 75-80 Min,0.00,0.00,$0.00,0,0,0
,Therapy-Family Therapy,,90846,,Encounter,0.00,0.00,$0.00,0,0,0
,Therapy-Family Therapy,,90847,,Encounter,3.00,3.00,$291.00,97,97,1
,Substance Abuse: Outpatient Treatment,"0900, 0906, 0914, 0915, 0916, 0919",90847,,Encounter,0.00,0.00,$0.00,0,0,0
,Therapy-Family Therapy,,90849,,Encounter,0.00,0.00,$0.00,0,0,0
,Therapy-Family Therapy,,90849,HS,Encounter,0.00,0.00,$0.00,0,0,0
Huron,,,,,,,,,,,
,Therapy-Group Therapy,,90853,,Encounter,71.00,669.00,"$27,689.00",390,41,9
,Substance Abuse: Outpatient Treatment,"0900, 0906, 0914, 0915, 0916, 0919",90853,,Encounter,0.00,0.00,$0.00,0,0,0
,Therapy-Group Therapy,,90857,,Encounter,0.00,0.00,$0.00,0,0,0
,Substance Abuse: Outpatient Treatment,"0900, 0906, 0914, 0915, 0916, 0919",90857,,Encounter,0.00,0.00,$0.00,0,0,0
,Medication Review ,,90862,,Encounter,118.00,320.00,"$30,565.00",259,96,3
,Substance Abuse: Medication Review,"0900, 0914, 0915, 0916, 0919",90862,,Encounter,0.00,0.00,$0.00,0,0,0
,Additional Codes-ECT Physician,,90870,,Encounter,0.00,0.00,$0.00,0,0,0
,Additional Codes-ECT Physician,0901,90870,,Encounter,0.00,0.00,$0.00,0,0,0
,Assessments-Other,,90887,,Encounter,0.00,0.00,$0.00,0,0,0
,Speech & Language Therapy ,,92506,,Encounter,0.00,0.00,$0.00,0,0,0
,Speech & Language Therapy ,,92507,,Encounter,0.00,0.00,$0.00,0,0,0
,Speech & Language Therapy ,,92508,,Encounter,0.00,0.00,$0.00,0,0,0
,Speech & Language Therapy ,,92526,,Encounter,0.00,0.00,$0.00,0,0,0
,Speech & Language Therapy ,,92610,,Encounter,0.00,0.00,$0.00,0,0,0
,Evaluation of Auditory Rehabilitation Status (Children's Waiver),,92626,,First Hour,0.00,0.00,$0.00,0,0,0
,Evaluation of Auditory Rehabiliation Status (Children's Waiver),,92627,,Each Additional 15 Minutes,0.00,0.00,$0.00,0,0,0
,Auditory Rehabilitation Preling Hearing Loss (Children's Waiver),,92630,,Encounter,0.00,0.00,$0.00,0,0,0
,Auditory Rehabilitation; Post-Lingual Hearing Loss (Children's Waiver),,92633,,Encounter,0.00,0.00,$0.00,0,0,0
,Psychological Testing PSYCH/PHYS ,,96101,,Per Hour,7.00,34.00,"$7,681.00",1097,226,5
,Psychological Testing by Technician ,,96102,,Per Hour,0.00,0.00,$0.00,0,0,0
,Psychological Testing by Comp ,,96103,,Per Hour,0.00,0.00,$0.00,0,0,0
,Assessments-Other,,96105,,Encounter,0.00,0.00,$0.00,0,0,0
,Assessments-Other,,96110,,Encounter,0.00,0.00,$0.00,0,0,0
,Assessments-Other,,96111,,Encounter,3.00,3.00,$314.00,105,105,1
,Neurobehavioral Status Exam (Children's Waiver),,96116,,Per Hour,0.00,0.00,$0.00,0,0,0
,Neuropsych test by Psych/Phys ,,96118,,Per Hour,0.00,0.00,$0.00,0,0,0
,Neuropsych test by Tech ,,96119,,Per Hour,0.00,0.00,$0.00,0,0,0
,Neuropsych test Admin w/Comp ,,96120,,Per Hour,0.00,0.00,$0.00,0,0,0
,Medication Administration,,96372,,Encounter,18.00,180.00,"$2,369.00",132,13,10
,Physical Therapy,,97001,,Encounter,0.00,0.00,$0.00,0,0,0
,Physical Therapy,,97002,,Encounter,0.00,0.00,$0.00,0,0,0
,Occupational Therapy,,97003,,Encounter,0.00,0.00,$0.00,0,0,0
,Occupational Therapy,,97004,,Encounter,0.00,0.00,$0.00,0,0,0
,Occupational or Physical Therapy,,97110,,15 Minutes,0.00,0.00,$0.00,0,0,0
,Occupational or Physical Therapy,,97112,,15 Minutes,0.00,0.00,$0.00,0,0,0
,Occupational or Physical Therapy,,97113,,15 Minutes,0.00,0.00,$0.00,0,0,0
,Occupational or Physical Therapy,,97116,,15 Minutes,0.00,0.00,$0.00,0,0,0
,Occupational or Physical Therapy,,97124,,15 Minutes,0.00,0.00,$0.00,0,0,0
,Occupational or Physical Therapy,,97140,,15 Minutes,0.00,0.00,$0.00,0,0,0
,Occupational or Physical Therapy,,97150,,Encounter,0.00,0.00,$0.00,0,0,0
,Occupational or Physical Therapy,,97530,,15 Minutes,0.00,0.00,$0.00,0,0,0
,Occupational or Physical Therapy,,97532,,15 Minutes,0.00,0.00,$0.00,0,0,0
,Occupational or Physical Therapy,,97533,,15 Minutes,0.00,0.00,$0.00,0,0,0
,Occupational or Physical Therapy,,97535,,15 Minutes,0.00,0.00,$0.00,0,0,0
,Occupational or Physical Therapy,,97537,,15 Minutes,0.00,0.00,$0.00,0,0,0
,Occupational or Physical Therapy,,97542,,15 Minutes,0.00,0.00,$0.00,0,0,0
,Occupational Therapy,,97703,,15 Minutes,0.00,0.00,$0.00,0,0,0
Huron,,,,,,,,,,,
,Occupational Therapy,,97750,,15 Minutes,0.00,0.00,$0.00,0,0,0
,Occupational Therapy,,97755,,15 Minutes,0.00,0.00,$0.00,0,0,0
,Occupational Therapy,,97760,,15 Minutes,0.00,0.00,$0.00,0,0,0
,C/O for Orthotic/Prosth Use ,,97762,,15 minutes,0.00,0.00,$0.00,0,0,0
,Assessment or Health Services,,97802,,15 Minutes,0.00,0.00,$0.00,0,0,0
,Assessment or Health Services,,97803,,15 Minutes,0.00,0.00,$0.00,0,0,0
,Health Services,,97804,,30 Minutes,0.00,0.00,$0.00,0,0,0
,Additional Codes-Physician Services,,99201,,Encounter,0.00,0.00,$0.00,0,0,0
,Additional Codes-Physician Services,,99202,,Encounter,0.00,0.00,$0.00,0,0,0
,Additional Codes-Physician Services,,99203,,Encounter,0.00,0.00,$0.00,0,0,0
,Additional Codes-Physician Services,,99204,,Encounter,0.00,0.00,$0.00,0,0,0
,Additional Codes-Physician Services,,99205,,Encounter,33.00,33.00,"$14,387.00",436,436,1
,Additional Codes-Physician Services  Medication Administration,,99211,,Encounter,0.00,0.00,$0.00,0,0,0
,Additional Codes-Physician Services,,99212,,Encounter,0.00,0.00,$0.00,0,0,0
,Additional Codes-Physician Services,,99213,,Encounter,0.00,0.00,$0.00,0,0,0
,Additional Codes-Physician Services,,99214,,Encounter,381.00,"1,395.00","$228,170.00",599,164,4
,Additional Codes-Physician Services,,99215,,Encounter,4.00,4.00,$849.00,212,212,1
,Additional Codes-Physician Services,,99221,,30 Minutes,4.00,5.00,$300.00,75,60,1
,Additional Codes-Physician Services,,99222,,50 Minutes,37.00,43.00,"$4,498.00",122,105,1
,Additional Codes-Physician Services,,99223,,70 Minutes,7.00,9.00,$614.00,88,68,1
,Additional Codes-Physician Services,,99231,,15 Minutes,46.00,255.00,"$7,916.00",172,31,6
,Additional Codes-Physician Services,,99232,,25 minutes,24.00,121.00,"$2,516.00",105,21,5
,Additional Codes-Physician Services,,99233,,35 Minutes,4.00,6.00,$255.00,64,42,2
,Additional Codes-Physician Services,,99238,,30 Minutes or less,24.00,26.00,"$1,875.00",78,72,1
,Additional Codes-Physician Services,,99241,,Encounter,0.00,0.00,$0.00,0,0,0
,Additional Codes-Physician Services,,99242,,Encounter,0.00,0.00,$0.00,0,0,0
,Additional Codes-Physician Services,,99243,,Encounter,0.00,0.00,$0.00,0,0,0
,Additional Codes-Physician Services,,99244,,Encounter,0.00,0.00,$0.00,0,0,0
,Additional Codes-Physician Services,,99245,,Encounter,0.00,0.00,$0.00,0,0,0
,Additional Codes-Physician Services,,99251,,Encounter,0.00,0.00,$0.00,0,0,0
,Additional Codes-Physician Services,,99252,,Encounter,0.00,0.00,$0.00,0,0,0
,Additional Codes-Physician Services,,99253,,Encounter,0.00,0.00,$0.00,0,0,0
,Additional Codes-Physician Services,,99254,,Encounter,0.00,0.00,$0.00,0,0,0
,Additional Codes-Physician Services,,99255,,Encounter,0.00,0.00,$0.00,0,0,0
,Additional Codes-Physician Services,,99261,,Encounter,0.00,0.00,$0.00,0,0,0
,Additional Codes-Physician Services,,99262,,Encounter,0.00,0.00,$0.00,0,0,0
,Additional Codes-Physician Services,,99263,,Encounter,0.00,0.00,$0.00,0,0,0
,Additional Codes-Physician Services,,99271,,Encounter,0.00,0.00,$0.00,0,0,0
,Additional Codes-Physician Services,,99272,,Encounter,0.00,0.00,$0.00,0,0,0
,Additional Codes-Physician Services,,99273,,Encounter,0.00,0.00,$0.00,0,0,0
,Additional Codes-Physician Services,,99274,,Encounter,0.00,0.00,$0.00,0,0,0
,Additional Codes-Physician Services,,99275,,Encounter,0.00,0.00,$0.00,0,0,0
,Medication Administration,,99605,,Encounter,0.00,0.00,$0.00,0,0,0
,Transportation,,A0080,,Per mile,0.00,0.00,$0.00,0,0,0
,Transportation,,A0090,,Per mile,0.00,0.00,$0.00,0,0,0
,Transportation,,A0100,,Per one-way trip,0.00,0.00,$0.00,0,0,0
,Transportation,,A0110,,Per one-way trip,0.00,0.00,$0.00,0,0,0
,Transportation,,A0120,,Per one-way trip,0.00,0.00,$0.00,0,0,0
,Transportation,,A0130,,Per one-way trip,0.00,0.00,$0.00,0,0,0
,Transportation,,A0140,,Per one-way trip,0.00,0.00,$0.00,0,0,0
Huron,,,,,,,,,,,
,Transportation,,A0170,,,0.00,0.00,$0.00,0,0,0
,Additional Codes-Transportation,,A0425,,Per Mile,0.00,0.00,$0.00,0,0,0
,Additional Codes-Transportation,,A0427,,Refer to code descriptions.,0.00,0.00,$0.00,0,0,0
,Additional codes - Transportation,,A0428,,,0.00,0.00,$0.00,0,0,0
,Repair or Non-Routine Service for DME (Children's Waiver),,E1340,,15 Minutes,0.00,0.00,$0.00,0,0,0
,Enhanced Medical Equipment-Supplies,,E1399,,Items,0.00,0.00,$0.00,0,0,0
,Activity Therapy (Children's Waiver),,G0176,,Encounter,0.00,0.00,$0.00,0,0,0
,Family Training/Support EBP only,,G0177,,Encounter Session at least 45 min,0.00,0.00,$0.00,0,0,0
,Substance Abuse: Individual Assessment,,H0001,,Encounter,0.00,0.00,$0.00,0,0,0
,Assessment ,,H0002,,Encounter,0.00,0.00,$0.00,0,0,0
,Substance Abuse: Individual Assessment,,H0002,,Encounter,0.00,0.00,$0.00,0,0,0
,Substance Abuse:Laboratory,,H0003,,Encounter,0.00,0.00,$0.00,0,0,0
,Substance Abuse: Outpatient Treatment,"0900, 0906, 0914, 0915, 0916, 0919",H0004,,15 Minutes,0.00,0.00,$0.00,0,0,0
,Substance Abuse: Outpatient Treatment,"0900, 0906, 0914, 0915, 0916, 0919",H0005,,Encounter,0.00,0.00,$0.00,0,0,0
,Substance Abuse: Case Management,,H0006,,Encounter,0.00,0.00,$0.00,0,0,0
,Substance Abuse: Sub-Acute Detoxification,1002,H0010,,Days,0.00,0.00,$0.00,0,0,0
,Substance Abuse: Sub-Acute Detoxification,1002,H0012,,Days,0.00,0.00,$0.00,0,0,0
,Substance Abuse: Sub-Acute Detoxification,1002,H0014,,Days,0.00,0.00,$0.00,0,0,0
,Substance Abuse: Outpatient Care,"0900, 0906, 0914, 0915, 0916, 0919",H0015,,Days,0.00,0.00,$0.00,0,0,0
,Crisis Residential Services,,H0018,,Days,48.00,740.00,"$394,427.00",8217,533,15
,Substance Abuse: Residential,1002,H0018,,Days,0.00,0.00,$0.00,0,0,0
,Substance Abuse: Residential,1002,H0019,,Days,0.00,0.00,$0.00,0,0,0
,Substance Abuse: Methadone,,H0020,,Encounter,0.00,0.00,$0.00,0,0,0
,Substance Abuse: Early Intervention,,H0022,,Encounter,0.00,0.00,$0.00,0,0,0
,Peer Directed and Operated Support Services,,H0023,,Encounter,0.00,0.00,$0.00,0,0,0
,Prevention Services - Direct Model,,H0025,,Face to Face Contact,0.00,0.00,$0.00,0,0,0
,Crisis Intervention,,H0030,,Per Service,0.00,0.00,$0.00,0,0,0
,Assessment ,,H0031,,Encounter,244.00,251.00,"$64,815.00",266,258,1
,Substance Abuse: Assessment,,H0031,,Encounter,0.00,0.00,$0.00,0,0,0
,Treatment Planning,,H0032,,Encounter,220.00,233.00,"$47,803.00",217,205,1
,Monitoring of Treatment - Clinician,,H0032,TS,Encounter,0.00,0.00,$0.00,0,0,0
,Substance Abuse: Pharmalogical Support - Suboxane,,H0033,,Direct Observation Encounter,0.00,0.00,$0.00,0,0,0
,Health Services,,H0034,,15 Minutes,0.00,0.00,$0.00,0,0,0
,Home Based Services,,H0036,,15 Minutes,12.00,636.00,"$38,806.00",3234,61,53
,Home Based Services,,H0036,ST,15 Minutes,0.00,0.00,$0.00,0,0,0
,Community Psychiatric Supportive Treatment ,,H0037,,Per diem,0.00,0.00,$0.00,0,0,0
,Peer Directed and Operated Support Services,,H0038,,15 minutes,16.00,"1,430.00","$4,800.00",300,3,89
,Peer Directed and Operated Support Services,,NA,,,0.00,0.00,"$144,853.00",0,0,0
,Assertive Community Treatment (ACT),,H0039,,15 Minutes,58.00,"14,430.00","$936,786.00",16151,65,249
,Community Living Supports in Independent living/own home,,H0043,,Per diem,1.00,256.00,"$54,985.00",54985,215,256
,Community Living Supports in Independent living/own home,,H0043,TT,Per diem,0.00,0.00,$0.00,0,0,0
,Respite,,H0045,,Days,1.00,3.00,$368.00,368,123,3
,Respite (Children's Waiver),,H0045,TD,Per Diem,0.00,0.00,$0.00,0,0,0
,Respite (Children's Waiver),,H0045,TE,Per Diem,0.00,0.00,$0.00,0,0,0
,Substance Abuse:Laboratory (cells now unlocked),,H0048,,Encounter,0.00,0.00,$0.00,0,0,0
,Substance Abuse: Individual Assessment,,H0049,,Encounter,0.00,0.00,$0.00,0,0,0
,Behavior Treatment Plan Review,,H2000,,Encounter,3.00,7.00,"$1,317.00",439,188,2
,Behavior Treatment Plan Review - Monitoring Activities,,H2000,TS,Encounter,1.00,11.00,"$1,166.00",1166,106,11
Huron,,,,,,,,,,,
,Comprehensive Medication Services - EBP only,,H2010,,15 minutes,0.00,0.00,$0.00,0,0,0
,Crisis Intervention,,H2011,,15 Minutes,182.00,"1,432.00","$102,343.00",562,71,8
,Skill-Building and Out of Home Non Vocational Habilitation,,H2014,,15 minutes,7.00,111.00,$554.00,79,5,16
,Skill-Building and Out of Home Non Vocational Habilitation,,H2014,TT,15 Minutes,9.00,133.00,$663.00,74,5,15
,Community Living Supports (15 Minutes),,H2015,,15 Minutes,53.00,"17,305.00","$81,040.00",1529,5,327
,Community Living Supports (15 Minutes),,H2015,TT,15 Minutes,38.00,"13,628.00","$68,963.00",1815,5,359
,Community Living Supports (Daily),,H2016,,Per Diem,4.00,"1,005.00","$22,113.00",5528,22,251
,Community Living Supports (Daily),,H2016,TF,Per Diem,0.00,0.00,$0.00,0,0,0
,Community Living Supports (Daily),,H2016,TG,Per Diem,5.00,48.00,"$10,663.00",2133,222,10
,Behavior Services,,H2019,,15 Minutes,0.00,0.00,$0.00,0,0,0
,Behavior Services,,H2019,TT,15 Minutes,0.00,0.00,$0.00,0,0,0
,Crisis Intervention,,H2020,,Days,0.00,0.00,$0.00,0,0,0
,Wraparound,,H2021,,15 Minutes,0.00,0.00,$0.00,0,0,0
,Wraparound,,H2022,,Days,0.00,0.00,$0.00,0,0,0
,Supported Employment Services,,H2023,,15 minutes,26.00,"17,851.00","$131,457.00",5056,7,687
,Supported Employment Services,,H2023,TT,15 Minutes,26.00,"23,273.00","$91,903.00",3535,4,895
,Mental Health Therapy,,H2027,,15 Minutes,0.00,0.00,$0.00,0,0,0
,Clubhouse Psychosocial Rehabilitation Programs ,,H2030,,15 Minutes,0.00,0.00,$0.00,0,0,0
,Home Based Services,,H2033,,15 Minutes,0.00,0.00,$0.00,0,0,0
,Substance Abuse: Outpatient Care,"0900, 0906, 0914, 0915, 0916, 0919",H2035,,Hour,0.00,0.00,$0.00,0,0,0
,Substance Abuse: Outpatient Care,"0900, 0906, 0914, 0915, 0916, 0919",H2036,,Per Diem,0.00,0.00,$0.00,0,0,0
,Medication Review ,,M0064,,"Encounter Face-to-Face, generally less than 10 minutes",0.00,0.00,$0.00,0,0,0
,Transportation,,S0209,,Per Mile,0.00,0.00,$0.00,0,0,0
,Transportation,,S0215,,Per Mile,0.00,0.00,$0.00,0,0,0
,Family Training - EBP,,S5110,,15 Minutes,0.00,0.00,$0.00,0,0,0
,Family Training,,S5111,,Encounter,0.00,0.00,$0.00,0,0,0
,Family Training,,S5111,HA,Encounter,0.00,0.00,$0.00,0,0,0
,"Home Care Training, Non-Family (Children's Waiver)",,S5116,,Encounter,0.00,0.00,$0.00,0,0,0
,Chore Services,,S5120,,15 Minutes,0.00,0.00,$0.00,0,0,0
,Foster Care,,S5140,,Days,0.00,0.00,$0.00,0,0,0
,Foster Care,,S5145,,Days,0.00,0.00,$0.00,0,0,0
,Respite,,S5150,,15 Minutes,0.00,0.00,$0.00,0,0,0
,Respite,,S5151,,Per Diem,0.00,0.00,$0.00,0,0,0
,Personal Emergency Response System (PERS),,S5160,,Encounter,0.00,0.00,$0.00,0,0,0
,Personal Emergency Response System (PERS),,S5161,,Month,0.00,0.00,$0.00,0,0,0
,Environmental Modification ,,S5165,,Service,0.00,0.00,$0.00,0,0,0
,Enhanced Medical Equipment-Supplies,,S5199,,Items,0.00,0.00,$0.00,0,0,0
,Occupational or Physical Therapy,,S8990,,Encounter,0.00,0.00,$0.00,0,0,0
,Private Duty Nursing,0582,S9123,,Hour,0.00,0.00,$0.00,0,0,0
,Private Duty Nursing,,S9123,,Hour,0.00,0.00,$0.00,0,0,0
,Private Duty Nursing,,S9123,TT,Hour,0.00,0.00,$0.00,0,0,0
,Private Duty Nursing,0582,S9124,,Hour,0.00,0.00,$0.00,0,0,0
,Private Duty Nursing,,S9124,,Hour,0.00,0.00,$0.00,0,0,0
,Private Duty Nursing,,S9124,TT,Hour,0.00,0.00,$0.00,0,0,0
,Respite Care in the Home (RN) (Children's Waiver),,S9125,TD,Per Diem,0.00,0.00,$0.00,0,0,0
,Respite Care in the Home (LPN) (Children's Waiver),,S9125,TE,Per Diem,0.00,0.00,$0.00,0,0,0
,Health Services,,S9445,,Encounter,0.00,0.00,$0.00,0,0,0
,Health Services,,S9446,,Encounter,0.00,0.00,$0.00,0,0,0
Huron,,,,,,,,,,,
,Health Services,,S9470,,Encounter,0.00,0.00,$0.00,0,0,0
,Intensive Crisis Stabilization-Enrolled Program,,S9484,,Hour,2.00,2.00,$54.00,27,27,1
,Reidential Room and Board,,S9976,,Days,0.00,0.00,$0.00,0,0,0
,Private Duty Nursing,,T1000,,Up to 15 min,0.00,0.00,$0.00,0,0,0
,Private Duty Nursing,,T1000,TD,Up to 15 min,0.00,0.00,$0.00,0,0,0
,Private Duty Nursing,,T1000,TE,Up to 15 min,0.00,0.00,$0.00,0,0,0
,Assessment,,T1001,,Encounter,1.00,1.00,$217.00,217,217,1
,Health Services,,T1002,,Up to 15 min,1.00,58.00,$992.00,992,17,58
,Respite Care,,T1005,,15 Minutes,0.00,0.00,$0.00,0,0,0
,Respite Care,,T1005,TD,15 Minutes,0.00,0.00,$0.00,0,0,0
,Respite Care,,T1005,TE,15 Minutes,0.00,0.00,$0.00,0,0,0
,Substance Abuse: Recovery Support Services,"0900, 0906, 0914, 0915, 0916, 0919",T1012,,Encounter,0.00,0.00,$0.00,0,0,0
,Family Psycho-Education - EBP,,T1015,,Encounter,0.00,0.00,$0.00,0,0,0
,Supports Coordination/Wrap Facilitation,,T1016,,15 minutes,1.00,63.00,"$6,500.00",6500,103,63
,Targeted Case Management ,,T1017,,15 minutes,176.00,"8,004.00","$530,125.00",3012,66,45
,Nursing Home Mental Health Monitoring,,T1017,SE,15 minutes,21.00,569.00,"$37,774.00",1799,66,27
,Personal Care in Licensed Specialized Residential Setting,,T1020,,Days,4.00,"1,005.00","$2,645.00",661,3,251
,Personal Care in Licensed Specialized Residential Setting,,T1020,TF,Days,0.00,0.00,$0.00,0,0,0
,Personal Care in Licensed Specialized Residential Setting,,T1020,TG,Days,5.00,48.00,"$4,532.00",906,94,10
,Assessments,,T1023,,Encounter,120.00,206.00,"$62,419.00",520,303,2
,Enhanced Medical Supplies or Pharmacy,,T1999,,Items,0.00,0.00,$0.00,0,0,0
,Transportation,,T2001,,Encounter,0.00,0.00,$0.00,0,0,0
,Transportation,,T2002,,Per Diem,0.00,0.00,$0.00,0,0,0
,Transportation,,T2003,,Encounter / Trip,0.00,0.00,$0.00,0,0,0
,Transportation,,T2004,,Encounter,0.00,0.00,$0.00,0,0,0
,Transportation,,T2005,,Encounter,0.00,0.00,$0.00,0,0,0
,Out of Home Prevocational Service,,T2015,,Hour,0.00,0.00,$0.00,0,0,0
,Targeted Case Management (Children's Waiver),,T2023,,Month,0.00,0.00,$0.00,0,0,0
,Fiscal Intermediary Services,,T2025,,Month,0.00,0.00,$0.00,0,0,0
,Enhanced Medical Equipment-Supplies,,T2028,,Items,0.00,0.00,$0.00,0,0,0
,Enhanced Medical Equipment-Supplies,,T2029,,Items,0.00,0.00,$0.00,0,0,0
,Crisis Intervention,,T2034,,Days,0.00,0.00,$0.00,0,0,0
,Respite Care,,T2036,,Encounter / Trip. Per session. One night = one session,0.00,0.00,$0.00,0,0,0
,Respite Care,,T2037,,Encounter / Trip  Per session. One day/partial day = one session,0.00,0.00,$0.00,0,0,0
,Housing Assistance,,T2038,,Month   Service,13.00,13.00,"$3,813.00",293,293,1
,Enhanced Medical Equipment-Supplies,,T2039,,Items,0.00,0.00,$0.00,0,0,0
,Pharmacy (Drugs and Other Biologicals),,,,,4.00,0.00,"$1,340.00",335,0,0
,Other,,,,,0.00,0.00,$0.00,0,0,0
,Aggregate for 'J' Codes,,ALL,,,14.00,0.00,"$2,751.00",196,0,0
Ionia,,,,,,,,,,,
,State Psychiatric Hospital - Inpatient PT22,"0100, 0101, 0114, 0124, 0134, 0154",,PT22,Days,1.00,73.00,"$27,195.00",27195,373,73
,State Mental Retardation Facility - Inpatient (ICF/MR) PT65,"0100, 0101, 0114, 0124, 0134, 0154",,PT65,Days,0.00,0.00,$0.00,0,0,0
,Local Psychiatric Hospital/IMD PT68,"0100, 0101, 0114, 0124, 0134, 0154",,PT68,Days,19.00,63.00,"$29,313.00",1543,465,3
,Local Psychiatric Hospital - Acute Community PT73,"0100, 0101, 0114, 0124, 0134, 0154",,PT73,Days,76.00,835.00,"$374,816.00",4932,449,11
,Inpatient Hospital Ancillary Services - Leave of Absence,0183,,,Days,0.00,0.00,$0.00,0,0,0
,Inpatient Hospital Ancillary Services - Pharmacy,"0250-0254, 0257-0258 ",,,,0.00,0.00,$0.00,0,0,0
,Inpatient Hospital Ancillary Services - Medical/Surgical Supplies and Devices,0270-0272,,,# of items,0.00,0.00,$0.00,0,0,0
,Inpatient Hospital Ancillary Services - Laboratory,"0300-0302, 0305-0307",,,# of tests,0.00,0.00,$0.00,0,0,0
,Inpatient Hospital Ancillary Services - Radiology,0320,,,# of tests,0.00,0.00,$0.00,0,0,0
,ECT Anesthesia,0370,,,,0.00,0.00,$0.00,0,0,0
,Inpatient Hospital Ancillary Services - Respiratory Services,0410,,,# of treatments,0.00,0.00,$0.00,0,0,0
,Inpatient Hospital Ancillary Services -Physical Therapy,0420-0424,,,# of treatments,0.00,0.00,$0.00,0,0,0
,Inpatient Hospital Ancillary Services - Occupational Therapy,0430-0434,,,# of treatments,0.00,0.00,$0.00,0,0,0
,Inpatient Hospital Ancillary Services - Speech-Language Pathology,0440-0444,,,# of treatments,0.00,0.00,$0.00,0,0,0
,Inpatient Hospital Ancillary Services - Emergency Room,0450,,,# of visits,0.00,0.00,$0.00,0,0,0
,Inpatient Hospital Ancillary Services - Pulmonary Function,0460,,,# of tests,0.00,0.00,$0.00,0,0,0
,Inpatient Hospital Ancillary Services - Audiology,0470-0472,,,# of tests,0.00,0.00,$0.00,0,0,0
,Inpatient Hospital Ancillary Services - Magnetic Resonance Technology (MRT),0610-0611,,,# of tests,0.00,0.00,$0.00,0,0,0
,Inpatient Hospital Ancillary Services - Pharmacy,0636,,,# of units,0.00,0.00,$0.00,0,0,0
,ECT Recovery Room,0701,,,,0.00,0.00,$0.00,0,0,0
,Inpatient Hospital Ancillary Services -EKG/ECG,0730-0731,,,# of tests,0.00,0.00,$0.00,0,0,0
,Inpatient Hospital Ancillary Services - EEG,0740,,,# of tests,0.00,0.00,$0.00,0,0,0
,Crisis Observation Care,0762,,,Hour,0.00,0.00,$0.00,0,0,0
,Additional Codes-ECT Facility Charge,0901,,,Encounter,0.00,0.00,$0.00,0,0,0
,Inpatient Hospital Ancillary Services - Psychiatric/Psychological Treatments/Services,"0900, 0902-0904, 0911, 0914-0919",,,# of visits,0.00,0.00,$0.00,0,0,0
,Outpatient Partial Hospitalization,0912,,,Days,0.00,0.00,$0.00,0,0,0
,Outpatient Partial Hospitalization,0913,,,Days,0.00,0.00,$0.00,0,0,0
,Inpatient Hospital Ancillary Services - Other Diagnosis Services,0925,,,# of tests,0.00,0.00,$0.00,0,0,0
,Inpatient Hospital Ancillary Services - Other Therapeutic Services,0940-0942,,,# of visits,0.00,0.00,$0.00,0,0,0
,Additional Codes-ECT Anesthesia,,00104,,Minutes,0.00,0.00,$0.00,0,0,0
,Drug Screen for Methadone Clients Only,,80100,,Per Screen,0.00,0.00,$0.00,0,0,0
,Drug Screen for Methadone Clients Only,,80101,,Per Screen,0.00,0.00,$0.00,0,0,0
,Alcohol Breath Test for Methadone Clients Only,,82075,,Per Test,0.00,0.00,$0.00,0,0,0
,Medication Administration,,90772,,Encounter,0.00,0.00,$0.00,0,0,0
,Assessment-Psychiatric Assessment,,90801,,Encounter,195.00,197.00,"$111,021.00",569,564,1
,Substance Abuse: Psychiatric Evaluation,,90801,,Encounter,0.00,0.00,$0.00,0,0,0
,Assessment-Psychiatric Assessment,,90802,,Encounter,0.00,0.00,$0.00,0,0,0
,Substance Abuse: Psychiatric Evaluation,,90802,,Encounter,0.00,0.00,$0.00,0,0,0
,Therapy-Individual Therapy,,90804,,Encounter 20-30 Min,115.00,139.00,"$5,428.00",47,39,1
,Substance Abuse: Outpatient Treatment,"0900, 0914, 0915, 0916, 0919",90804,,Encounter 20-30 Min,0.00,0.00,$0.00,0,0,0
Ionia,,,,,,,,,,,
,Therapy-Individual Therapy,,90805,,Encounter 20-30 Min,0.00,0.00,$0.00,0,0,0
,Substance Abuse: Outpatient Treatment,"0900, 0914, 0915, 0916, 0919",90805,,Encounter 20-30 Min,0.00,0.00,$0.00,0,0,0
,Therapy-Individual Therapy,,90806,,Encounter 45-50 Min,716.00,"4,313.00","$336,830.00",470,78,6
,Substance Abuse: Outpatient Treatment,"0900, 0914, 0915, 0916, 0919",90806,,Encounter 45-50 Min,0.00,0.00,$0.00,0,0,0
,Therapy-Individual Therapy,,90807,,Encounter 45-50 Min,0.00,0.00,$0.00,0,0,0
,Substance Abuse: Outpatient Treatment,"0900, 0914, 0915, 0916, 0919",90807,,Encounter 45-50 Min,0.00,0.00,$0.00,0,0,0
,Therapy-Individual Therapy,,90808,,Encounter 75-80 Min,30.00,45.00,"$5,272.00",176,117,2
,Substance Abuse: Outpatient Treatment,"0900, 0914, 0915, 0916, 0919",90808,,Encounter 75-80 Min,0.00,0.00,$0.00,0,0,0
,Therapy-Individual Therapy,,90809,,Encounter 75-80 Min,0.00,0.00,$0.00,0,0,0
,Substance Abuse: Outpatient Treatment,"0900, 0914, 0915, 0916, 0919",90809,,Encounter 75-80 Min,0.00,0.00,$0.00,0,0,0
,Therapy-Individual Therapy,,90810,,Encounter 20-30 Min,0.00,0.00,$0.00,0,0,0
,Substance Abuse: Outpatient Treatment,"0900, 0914, 0915, 0916, 0919",90810,,Encounter 20-30 Min,0.00,0.00,$0.00,0,0,0
,Therapy-Individual Therapy,,90811,,Encounter 20-30 Min,0.00,0.00,$0.00,0,0,0
,Substance Abuse: Outpatient Treatment,"0900, 0914, 0915, 0916, 0919",90811,,Encounter 20-30 Min,0.00,0.00,$0.00,0,0,0
,Therapy-Individual Therapy,,90812,,Encounter 45-50 Min,0.00,0.00,$0.00,0,0,0
,Substance Abuse: Outpatient Treatment,"0900, 0914, 0915, 0916, 0919",90812,,Encounter 45-50 Min,0.00,0.00,$0.00,0,0,0
,Therapy-Individual Therapy,,90813,,Encounter 45-50 Min,0.00,0.00,$0.00,0,0,0
,Substance Abuse: Outpatient Treatment,"0900, 0914, 0915, 0916, 0919",90813,,Encounter 45-50 Min,0.00,0.00,$0.00,0,0,0
,Therapy-Individual Therapy,,90814,,Encounter 75-80 Min,0.00,0.00,$0.00,0,0,0
,Substance Abuse: Outpatient Treatment,"0900, 0914, 0915, 0916, 0919",90814,,Encounter 75-80 Min,0.00,0.00,$0.00,0,0,0
,Therapy-Individual Therapy,,90815,,Encounter 75-80 Min,0.00,0.00,$0.00,0,0,0
,Substance Abuse: Outpatient Treatment,"0900, 0914, 0915, 0916, 0919",90815,,Encounter 75-80 Min,0.00,0.00,$0.00,0,0,0
,Therapy-Individual Therapy,,90816,,Encounter 20-30 Min,0.00,0.00,$0.00,0,0,0
,Therapy-Individual Therapy,,90817,,Encounter 20-30 Min,0.00,0.00,$0.00,0,0,0
,Therapy-Individual Therapy,,90818,,Encounter 45-50 Min,0.00,0.00,$0.00,0,0,0
,Therapy-Individual Therapy,,90819,,Encounter 45-50 Min,0.00,0.00,$0.00,0,0,0
,Therapy-Individual Therapy,,90821,,Encounter 75-80 Min,0.00,0.00,$0.00,0,0,0
,Therapy-Individual Therapy,,90822,,Encounter 75-80 Min,0.00,0.00,$0.00,0,0,0
,Therapy-Individual Therapy,,90823,,Encounter 20-30 Min,0.00,0.00,$0.00,0,0,0
,Therapy-Individual Therapy,,90824,,Encounter 20-30 Min,0.00,0.00,$0.00,0,0,0
,Therapy-Individual Therapy,,90826,,Encounter 45-50 Min,0.00,0.00,$0.00,0,0,0
,Substance Abuse: Psychotherapy (Individual Therapy),,90826,,Encounter 45-50 Min,0.00,0.00,$0.00,0,0,0
,Therapy-Individual Therapy,,90827,,Encounter 45-50 Min,0.00,0.00,$0.00,0,0,0
,Therapy-Individual Therapy,,90828,,Encounter 75-80 Min,0.00,0.00,$0.00,0,0,0
,Therapy-Individual Therapy,,90829,,Encounter 75-80 Min,0.00,0.00,$0.00,0,0,0
,Therapy-Family Therapy,,90846,,Encounter,3.00,3.00,$199.00,66,66,1
,Therapy-Family Therapy,,90847,,Encounter,73.00,159.00,"$12,417.00",170,78,2
,Substance Abuse: Outpatient Treatment,"0900, 0906, 0914, 0915, 0916, 0919",90847,,Encounter,0.00,0.00,$0.00,0,0,0
,Therapy-Family Therapy,,90849,,Encounter,0.00,0.00,$0.00,0,0,0
,Therapy-Family Therapy,,90849,HS,Encounter,0.00,0.00,$0.00,0,0,0
Ionia,,,,,,,,,,,
,Therapy-Group Therapy,,90853,,Encounter,382.00,"2,599.00","$106,972.00",280,41,7
,Substance Abuse: Outpatient Treatment,"0900, 0906, 0914, 0915, 0916, 0919",90853,,Encounter,0.00,0.00,$0.00,0,0,0
,Therapy-Group Therapy,,90857,,Encounter,79.00,257.00,"$8,950.00",113,35,3
,Substance Abuse: Outpatient Treatment,"0900, 0906, 0914, 0915, 0916, 0919",90857,,Encounter,0.00,0.00,$0.00,0,0,0
,Medication Review ,,90862,,Encounter,450.00,"1,533.00","$326,808.00",726,213,3
,Substance Abuse: Medication Review,"0900, 0914, 0915, 0916, 0919",90862,,Encounter,0.00,0.00,$0.00,0,0,0
,Additional Codes-ECT Physician,,90870,,Encounter,0.00,0.00,$0.00,0,0,0
,Additional Codes-ECT Physician,0901,90870,,Encounter,0.00,0.00,$0.00,0,0,0
,Assessments-Other,,90887,,Encounter,0.00,0.00,$0.00,0,0,0
,Speech & Language Therapy ,,92506,,Encounter,0.00,0.00,$0.00,0,0,0
,Speech & Language Therapy ,,92507,,Encounter,0.00,0.00,$0.00,0,0,0
,Speech & Language Therapy ,,92508,,Encounter,0.00,0.00,$0.00,0,0,0
,Speech & Language Therapy ,,92526,,Encounter,0.00,0.00,$0.00,0,0,0
,Speech & Language Therapy ,,92610,,Encounter,0.00,0.00,$0.00,0,0,0
,Evaluation of Auditory Rehabilitation Status (Children's Waiver),,92626,,First Hour,0.00,0.00,$0.00,0,0,0
,Evaluation of Auditory Rehabiliation Status (Children's Waiver),,92627,,Each Additional 15 Minutes,0.00,0.00,$0.00,0,0,0
,Auditory Rehabilitation Preling Hearing Loss (Children's Waiver),,92630,,Encounter,0.00,0.00,$0.00,0,0,0
,Auditory Rehabilitation; Post-Lingual Hearing Loss (Children's Waiver),,92633,,Encounter,0.00,0.00,$0.00,0,0,0
,Psychological Testing PSYCH/PHYS ,,96101,,Per Hour,6.00,26.00,"$2,470.00",412,95,4
,Psychological Testing by Technician ,,96102,,Per Hour,0.00,0.00,$0.00,0,0,0
,Psychological Testing by Comp ,,96103,,Per Hour,0.00,0.00,$0.00,0,0,0
,Assessments-Other,,96105,,Encounter,0.00,0.00,$0.00,0,0,0
,Assessments-Other,,96110,,Encounter,0.00,0.00,$0.00,0,0,0
,Assessments-Other,,96111,,Encounter,0.00,0.00,$0.00,0,0,0
,Neurobehavioral Status Exam (Children's Waiver),,96116,,Per Hour,0.00,0.00,$0.00,0,0,0
,Neuropsych test by Psych/Phys ,,96118,,Per Hour,0.00,0.00,$0.00,0,0,0
,Neuropsych test by Tech ,,96119,,Per Hour,0.00,0.00,$0.00,0,0,0
,Neuropsych test Admin w/Comp ,,96120,,Per Hour,0.00,0.00,$0.00,0,0,0
,Medication Administration,,96372,,Encounter,0.00,0.00,$0.00,0,0,0
,Physical Therapy,,97001,,Encounter,0.00,0.00,$0.00,0,0,0
,Physical Therapy,,97002,,Encounter,0.00,0.00,$0.00,0,0,0
,Occupational Therapy,,97003,,Encounter,0.00,0.00,$0.00,0,0,0
,Occupational Therapy,,97004,,Encounter,0.00,0.00,$0.00,0,0,0
,Occupational or Physical Therapy,,97110,,15 Minutes,0.00,0.00,$0.00,0,0,0
,Occupational or Physical Therapy,,97112,,15 Minutes,0.00,0.00,$0.00,0,0,0
,Occupational or Physical Therapy,,97113,,15 Minutes,0.00,0.00,$0.00,0,0,0
,Occupational or Physical Therapy,,97116,,15 Minutes,0.00,0.00,$0.00,0,0,0
,Occupational or Physical Therapy,,97124,,15 Minutes,0.00,0.00,$0.00,0,0,0
,Occupational or Physical Therapy,,97140,,15 Minutes,0.00,0.00,$0.00,0,0,0
,Occupational or Physical Therapy,,97150,,Encounter,0.00,0.00,$0.00,0,0,0
,Occupational or Physical Therapy,,97530,,15 Minutes,0.00,0.00,$0.00,0,0,0
,Occupational or Physical Therapy,,97532,,15 Minutes,0.00,0.00,$0.00,0,0,0
,Occupational or Physical Therapy,,97533,,15 Minutes,0.00,0.00,$0.00,0,0,0
,Occupational or Physical Therapy,,97535,,15 Minutes,0.00,0.00,$0.00,0,0,0
,Occupational or Physical Therapy,,97537,,15 Minutes,0.00,0.00,$0.00,0,0,0
,Occupational or Physical Therapy,,97542,,15 Minutes,0.00,0.00,$0.00,0,0,0
,Occupational Therapy,,97703,,15 Minutes,0.00,0.00,$0.00,0,0,0
Ionia,,,,,,,,,,,
,Occupational Therapy,,97750,,15 Minutes,0.00,0.00,$0.00,0,0,0
,Occupational Therapy,,97755,,15 Minutes,0.00,0.00,$0.00,0,0,0
,Occupational Therapy,,97760,,15 Minutes,0.00,0.00,$0.00,0,0,0
,C/O for Orthotic/Prosth Use ,,97762,,15 minutes,0.00,0.00,$0.00,0,0,0
,Assessment or Health Services,,97802,,15 Minutes,4.00,5.00,$109.00,27,22,1
,Assessment or Health Services,,97803,,15 Minutes,0.00,0.00,$0.00,0,0,0
,Health Services,,97804,,30 Minutes,0.00,0.00,$0.00,0,0,0
,Additional Codes-Physician Services,,99201,,Encounter,0.00,0.00,$0.00,0,0,0
,Additional Codes-Physician Services,,99202,,Encounter,0.00,0.00,$0.00,0,0,0
,Additional Codes-Physician Services,,99203,,Encounter,0.00,0.00,$0.00,0,0,0
,Additional Codes-Physician Services,,99204,,Encounter,0.00,0.00,$0.00,0,0,0
,Additional Codes-Physician Services,,99205,,Encounter,0.00,0.00,$0.00,0,0,0
,Additional Codes-Physician Services  Medication Administration,,99211,,Encounter,29.00,432.00,"$55,622.00",1918,129,15
,Additional Codes-Physician Services,,99212,,Encounter,0.00,0.00,$0.00,0,0,0
,Additional Codes-Physician Services,,99213,,Encounter,0.00,0.00,$0.00,0,0,0
,Additional Codes-Physician Services,,99214,,Encounter,0.00,0.00,$0.00,0,0,0
,Additional Codes-Physician Services,,99215,,Encounter,0.00,0.00,$0.00,0,0,0
,Additional Codes-Physician Services,,99221,,30 Minutes,0.00,0.00,$0.00,0,0,0
,Additional Codes-Physician Services,,99222,,50 Minutes,0.00,0.00,$0.00,0,0,0
,Additional Codes-Physician Services,,99223,,70 Minutes,0.00,0.00,$0.00,0,0,0
,Additional Codes-Physician Services,,99231,,15 Minutes,0.00,0.00,$0.00,0,0,0
,Additional Codes-Physician Services,,99232,,25 minutes,0.00,0.00,$0.00,0,0,0
,Additional Codes-Physician Services,,99233,,35 Minutes,0.00,0.00,$0.00,0,0,0
,Additional Codes-Physician Services,,99238,,30 Minutes or less,0.00,0.00,$0.00,0,0,0
,Additional Codes-Physician Services,,99241,,Encounter,0.00,0.00,$0.00,0,0,0
,Additional Codes-Physician Services,,99242,,Encounter,0.00,0.00,$0.00,0,0,0
,Additional Codes-Physician Services,,99243,,Encounter,0.00,0.00,$0.00,0,0,0
,Additional Codes-Physician Services,,99244,,Encounter,0.00,0.00,$0.00,0,0,0
,Additional Codes-Physician Services,,99245,,Encounter,0.00,0.00,$0.00,0,0,0
,Additional Codes-Physician Services,,99251,,Encounter,0.00,0.00,$0.00,0,0,0
,Additional Codes-Physician Services,,99252,,Encounter,0.00,0.00,$0.00,0,0,0
,Additional Codes-Physician Services,,99253,,Encounter,0.00,0.00,$0.00,0,0,0
,Additional Codes-Physician Services,,99254,,Encounter,0.00,0.00,$0.00,0,0,0
,Additional Codes-Physician Services,,99255,,Encounter,0.00,0.00,$0.00,0,0,0
,Additional Codes-Physician Services,,99261,,Encounter,0.00,0.00,$0.00,0,0,0
,Additional Codes-Physician Services,,99262,,Encounter,0.00,0.00,$0.00,0,0,0
,Additional Codes-Physician Services,,99263,,Encounter,0.00,0.00,$0.00,0,0,0
,Additional Codes-Physician Services,,99271,,Encounter,0.00,0.00,$0.00,0,0,0
,Additional Codes-Physician Services,,99272,,Encounter,0.00,0.00,$0.00,0,0,0
,Additional Codes-Physician Services,,99273,,Encounter,0.00,0.00,$0.00,0,0,0
,Additional Codes-Physician Services,,99274,,Encounter,0.00,0.00,$0.00,0,0,0
,Additional Codes-Physician Services,,99275,,Encounter,0.00,0.00,$0.00,0,0,0
,Medication Administration,,99605,,Encounter,0.00,0.00,$0.00,0,0,0
,Transportation,,A0080,,Per mile,0.00,0.00,$0.00,0,0,0
,Transportation,,A0090,,Per mile,0.00,0.00,$0.00,0,0,0
,Transportation,,A0100,,Per one-way trip,0.00,0.00,$0.00,0,0,0
,Transportation,,A0110,,Per one-way trip,0.00,0.00,$0.00,0,0,0
,Transportation,,A0120,,Per one-way trip,0.00,0.00,$0.00,0,0,0
,Transportation,,A0130,,Per one-way trip,0.00,0.00,$0.00,0,0,0
,Transportation,,A0140,,Per one-way trip,0.00,0.00,$0.00,0,0,0
Ionia,,,,,,,,,,,
,Transportation,,A0170,,,0.00,0.00,$0.00,0,0,0
,Additional Codes-Transportation,,A0425,,Per Mile,0.00,0.00,$0.00,0,0,0
,Additional Codes-Transportation,,A0427,,Refer to code descriptions.,0.00,0.00,$0.00,0,0,0
,Additional codes - Transportation,,A0428,,,0.00,0.00,$0.00,0,0,0
,Repair or Non-Routine Service for DME (Children's Waiver),,E1340,,15 Minutes,0.00,0.00,$0.00,0,0,0
,Enhanced Medical Equipment-Supplies,,E1399,,Items,0.00,0.00,$0.00,0,0,0
,Activity Therapy (Children's Waiver),,G0176,,Encounter,0.00,0.00,$0.00,0,0,0
,Family Training/Support EBP only,,G0177,,Encounter Session at least 45 min,9.00,331.00,"$8,733.00",970,26,37
,Substance Abuse: Individual Assessment,,H0001,,Encounter,0.00,0.00,$0.00,0,0,0
,Assessment ,,H0002,,Encounter,67.00,71.00,"$9,142.00",136,129,1
,Substance Abuse: Individual Assessment,,H0002,,Encounter,0.00,0.00,$0.00,0,0,0
,Substance Abuse:Laboratory,,H0003,,Encounter,0.00,0.00,$0.00,0,0,0
,Substance Abuse: Outpatient Treatment,"0900, 0906, 0914, 0915, 0916, 0919",H0004,,15 Minutes,0.00,0.00,$0.00,0,0,0
,Substance Abuse: Outpatient Treatment,"0900, 0906, 0914, 0915, 0916, 0919",H0005,,Encounter,0.00,0.00,$0.00,0,0,0
,Substance Abuse: Case Management,,H0006,,Encounter,0.00,0.00,$0.00,0,0,0
,Substance Abuse: Sub-Acute Detoxification,1002,H0010,,Days,0.00,0.00,$0.00,0,0,0
,Substance Abuse: Sub-Acute Detoxification,1002,H0012,,Days,0.00,0.00,$0.00,0,0,0
,Substance Abuse: Sub-Acute Detoxification,1002,H0014,,Days,0.00,0.00,$0.00,0,0,0
,Substance Abuse: Outpatient Care,"0900, 0906, 0914, 0915, 0916, 0919",H0015,,Days,0.00,0.00,$0.00,0,0,0
,Crisis Residential Services,,H0018,,Days,7.00,23.00,"$5,534.00",791,241,3
,Substance Abuse: Residential,1002,H0018,,Days,0.00,0.00,$0.00,0,0,0
,Substance Abuse: Residential,1002,H0019,,Days,0.00,0.00,$0.00,0,0,0
,Substance Abuse: Methadone,,H0020,,Encounter,0.00,0.00,$0.00,0,0,0
,Substance Abuse: Early Intervention,,H0022,,Encounter,0.00,0.00,$0.00,0,0,0
,Peer Directed and Operated Support Services,,H0023,,Encounter,0.00,0.00,$0.00,0,0,0
,Prevention Services - Direct Model,,H0025,,Face to Face Contact,0.00,0.00,$0.00,0,0,0
,Crisis Intervention,,H0030,,Per Service,0.00,0.00,$0.00,0,0,0
,Assessment ,,H0031,,Encounter,716.00,734.00,"$58,097.00",81,79,1
,Substance Abuse: Assessment,,H0031,,Encounter,0.00,0.00,$0.00,0,0,0
,Treatment Planning,,H0032,,Encounter,582.00,628.00,"$53,684.00",92,85,1
,Monitoring of Treatment - Clinician,,H0032,TS,Encounter,0.00,0.00,$0.00,0,0,0
,Substance Abuse: Pharmalogical Support - Suboxane,,H0033,,Direct Observation Encounter,0.00,0.00,$0.00,0,0,0
,Health Services,,H0034,,15 Minutes,3.00,18.00,"$3,362.00",1121,187,6
,Home Based Services,,H0036,,15 Minutes,66.00,"4,566.00","$236,119.00",3578,52,69
,Home Based Services,,H0036,ST,15 Minutes,0.00,0.00,$0.00,0,0,0
,Community Psychiatric Supportive Treatment ,,H0037,,Per diem,0.00,0.00,$0.00,0,0,0
,Peer Directed and Operated Support Services,,H0038,,15 minutes,49.00,"2,805.00","$145,054.00",2960,52,57
,Peer Directed and Operated Support Services,,NA,,,0.00,0.00,"$67,941.00",0,0,0
,Assertive Community Treatment (ACT),,H0039,,15 Minutes,35.00,"10,696.00","$882,241.00",25207,82,306
,Community Living Supports in Independent living/own home,,H0043,,Per diem,0.00,0.00,$0.00,0,0,0
,Community Living Supports in Independent living/own home,,H0043,TT,Per diem,0.00,0.00,$0.00,0,0,0
,Respite,,H0045,,Days,0.00,0.00,$0.00,0,0,0
,Respite (Children's Waiver),,H0045,TD,Per Diem,0.00,0.00,$0.00,0,0,0
,Respite (Children's Waiver),,H0045,TE,Per Diem,0.00,0.00,$0.00,0,0,0
,Substance Abuse:Laboratory (cells now unlocked),,H0048,,Encounter,0.00,0.00,$0.00,0,0,0
,Substance Abuse: Individual Assessment,,H0049,,Encounter,0.00,0.00,$0.00,0,0,0
,Behavior Treatment Plan Review,,H2000,,Encounter,0.00,0.00,$0.00,0,0,0
,Behavior Treatment Plan Review - Monitoring Activities,,H2000,TS,Encounter,0.00,0.00,$0.00,0,0,0
Ionia,,,,,,,,,,,
,Comprehensive Medication Services - EBP only,,H2010,,15 minutes,0.00,0.00,$0.00,0,0,0
,Crisis Intervention,,H2011,,15 Minutes,248.00,"1,856.00","$99,896.00",403,54,7
,Skill-Building and Out of Home Non Vocational Habilitation,,H2014,,15 minutes,0.00,0.00,$0.00,0,0,0
,Skill-Building and Out of Home Non Vocational Habilitation,,H2014,TT,15 Minutes,0.00,0.00,$0.00,0,0,0
,Community Living Supports (15 Minutes),,H2015,,15 Minutes,34.00,"10,562.00","$78,885.00",2320,7,311
,Community Living Supports (15 Minutes),,H2015,TT,15 Minutes,0.00,0.00,$0.00,0,0,0
,Community Living Supports (Daily),,H2016,,Per Diem,7.00,"2,157.00","$47,223.00",6746,22,308
,Community Living Supports (Daily),,H2016,TF,Per Diem,2.00,726.00,"$16,963.00",8482,23,363
,Community Living Supports (Daily),,H2016,TG,Per Diem,4.00,752.00,"$76,926.00",19232,102,188
,Behavior Services,,H2019,,15 Minutes,0.00,0.00,$0.00,0,0,0
,Behavior Services,,H2019,TT,15 Minutes,0.00,0.00,$0.00,0,0,0
,Crisis Intervention,,H2020,,Days,0.00,0.00,$0.00,0,0,0
,Wraparound,,H2021,,15 Minutes,6.00,222.00,"$4,452.00",742,20,37
,Wraparound,,H2022,,Days,0.00,0.00,$0.00,0,0,0
,Supported Employment Services,,H2023,,15 minutes,88.00,"2,925.00","$80,260.00",912,27,33
,Supported Employment Services,,H2023,TT,15 Minutes,0.00,0.00,$0.00,0,0,0
,Mental Health Therapy,,H2027,,15 Minutes,0.00,0.00,$0.00,0,0,0
,Clubhouse Psychosocial Rehabilitation Programs ,,H2030,,15 Minutes,0.00,0.00,$0.00,0,0,0
,Home Based Services,,H2033,,15 Minutes,0.00,0.00,$0.00,0,0,0
,Substance Abuse: Outpatient Care,"0900, 0906, 0914, 0915, 0916, 0919",H2035,,Hour,0.00,0.00,$0.00,0,0,0
,Substance Abuse: Outpatient Care,"0900, 0906, 0914, 0915, 0916, 0919",H2036,,Per Diem,0.00,0.00,$0.00,0,0,0
,Medication Review ,,M0064,,"Encounter Face-to-Face, generally less than 10 minutes",88.00,109.00,"$21,511.00",244,197,1
,Transportation,,S0209,,Per Mile,0.00,0.00,$0.00,0,0,0
,Transportation,,S0215,,Per Mile,0.00,0.00,$0.00,0,0,0
,Family Training - EBP,,S5110,,15 Minutes,8.00,127.00,"$8,310.00",1039,65,16
,Family Training,,S5111,,Encounter,2.00,22.00,"$5,828.00",2914,265,11
,Family Training,,S5111,HA,Encounter,0.00,0.00,$0.00,0,0,0
,"Home Care Training, Non-Family (Children's Waiver)",,S5116,,Encounter,0.00,0.00,$0.00,0,0,0
,Chore Services,,S5120,,15 Minutes,0.00,0.00,$0.00,0,0,0
,Foster Care,,S5140,,Days,0.00,0.00,$0.00,0,0,0
,Foster Care,,S5145,,Days,0.00,0.00,$0.00,0,0,0
,Respite,,S5150,,15 Minutes,0.00,0.00,$0.00,0,0,0
,Respite,,S5151,,Per Diem,0.00,0.00,$0.00,0,0,0
,Personal Emergency Response System (PERS),,S5160,,Encounter,0.00,0.00,$0.00,0,0,0
,Personal Emergency Response System (PERS),,S5161,,Month,0.00,0.00,$0.00,0,0,0
,Environmental Modification ,,S5165,,Service,0.00,0.00,$0.00,0,0,0
,Enhanced Medical Equipment-Supplies,,S5199,,Items,0.00,0.00,$0.00,0,0,0
,Occupational or Physical Therapy,,S8990,,Encounter,0.00,0.00,$0.00,0,0,0
,Private Duty Nursing,0582,S9123,,Hour,0.00,0.00,$0.00,0,0,0
,Private Duty Nursing,,S9123,,Hour,0.00,0.00,$0.00,0,0,0
,Private Duty Nursing,,S9123,TT,Hour,0.00,0.00,$0.00,0,0,0
,Private Duty Nursing,0582,S9124,,Hour,0.00,0.00,$0.00,0,0,0
,Private Duty Nursing,,S9124,,Hour,0.00,0.00,$0.00,0,0,0
,Private Duty Nursing,,S9124,TT,Hour,0.00,0.00,$0.00,0,0,0
,Respite Care in the Home (RN) (Children's Waiver),,S9125,TD,Per Diem,0.00,0.00,$0.00,0,0,0
,Respite Care in the Home (LPN) (Children's Waiver),,S9125,TE,Per Diem,0.00,0.00,$0.00,0,0,0
,Health Services,,S9445,,Encounter,0.00,0.00,$0.00,0,0,0
,Health Services,,S9446,,Encounter,0.00,0.00,$0.00,0,0,0
Ionia,,,,,,,,,,,
,Health Services,,S9470,,Encounter,0.00,0.00,$0.00,0,0,0
,Intensive Crisis Stabilization-Enrolled Program,,S9484,,Hour,0.00,0.00,$0.00,0,0,0
,Reidential Room and Board,,S9976,,Days,6.00,21.00,"$1,433.00",239,68,4
,Private Duty Nursing,,T1000,,Up to 15 min,0.00,0.00,$0.00,0,0,0
,Private Duty Nursing,,T1000,TD,Up to 15 min,0.00,0.00,$0.00,0,0,0
,Private Duty Nursing,,T1000,TE,Up to 15 min,0.00,0.00,$0.00,0,0,0
,Assessment,,T1001,,Encounter,11.00,11.00,"$4,040.00",367,367,1
,Health Services,,T1002,,Up to 15 min,158.00,378.00,"$15,558.00",98,41,2
,Respite Care,,T1005,,15 Minutes,14.00,"3,844.00","$32,454.00",2318,8,275
,Respite Care,,T1005,TD,15 Minutes,0.00,0.00,$0.00,0,0,0
,Respite Care,,T1005,TE,15 Minutes,0.00,0.00,$0.00,0,0,0
,Substance Abuse: Recovery Support Services,"0900, 0906, 0914, 0915, 0916, 0919",T1012,,Encounter,0.00,0.00,$0.00,0,0,0
,Family Psycho-Education - EBP,,T1015,,Encounter,19.00,28.00,"$8,156.00",429,291,1
,Supports Coordination/Wrap Facilitation,,T1016,,15 minutes,262.00,"2,936.00","$146,863.00",561,50,11
,Targeted Case Management ,,T1017,,15 minutes,368.00,"13,320.00","$647,610.00",1760,49,36
,Nursing Home Mental Health Monitoring,,T1017,SE,15 minutes,1.00,4.00,$207.00,207,52,4
,Personal Care in Licensed Specialized Residential Setting,,T1020,,Days,6.00,"1,087.00","$15,659.00",2610,14,181
,Personal Care in Licensed Specialized Residential Setting,,T1020,TF,Days,1.00,365.00,"$22,912.00",22912,63,365
,Personal Care in Licensed Specialized Residential Setting,,T1020,TG,Days,6.00,"2,182.00","$291,533.00",48589,134,364
,Assessments,,T1023,,Encounter,0.00,0.00,$0.00,0,0,0
,Enhanced Medical Supplies or Pharmacy,,T1999,,Items,0.00,0.00,$0.00,0,0,0
,Transportation,,T2001,,Encounter,0.00,0.00,$0.00,0,0,0
,Transportation,,T2002,,Per Diem,0.00,0.00,$0.00,0,0,0
,Transportation,,T2003,,Encounter / Trip,0.00,0.00,$0.00,0,0,0
,Transportation,,T2004,,Encounter,0.00,0.00,$0.00,0,0,0
,Transportation,,T2005,,Encounter,0.00,0.00,$0.00,0,0,0
,Out of Home Prevocational Service,,T2015,,Hour,0.00,0.00,$0.00,0,0,0
,Targeted Case Management (Children's Waiver),,T2023,,Month,0.00,0.00,$0.00,0,0,0
,Fiscal Intermediary Services,,T2025,,Month,2.00,13.00,"$1,715.00",857,132,7
,Enhanced Medical Equipment-Supplies,,T2028,,Items,0.00,0.00,$0.00,0,0,0
,Enhanced Medical Equipment-Supplies,,T2029,,Items,0.00,0.00,$0.00,0,0,0
,Crisis Intervention,,T2034,,Days,0.00,0.00,$0.00,0,0,0
,Respite Care,,T2036,,Encounter / Trip. Per session. One night = one session,0.00,0.00,$0.00,0,0,0
,Respite Care,,T2037,,Encounter / Trip  Per session. One day/partial day = one session,0.00,0.00,$0.00,0,0,0
,Housing Assistance,,T2038,,Month   Service,0.00,0.00,$0.00,0,0,0
,Enhanced Medical Equipment-Supplies,,T2039,,Items,0.00,0.00,$0.00,0,0,0
,Pharmacy (Drugs and Other Biologicals),,,,,0.00,0.00,$0.00,0,0,0
,Other,,,,,0.00,0.00,$0.00,0,0,0
,Aggregate for 'J' Codes,,ALL,,,0.00,0.00,$0.00,0,0,0
Kalamazoo,,,,,,,,,,,
,State Psychiatric Hospital - Inpatient PT22,"0100, 0101, 0114, 0124, 0134, 0154",,PT22,Days,28.00,"1,568.00","$1,021,983.00",36499,652,56
,State Mental Retardation Facility - Inpatient (ICF/MR) PT65,"0100, 0101, 0114, 0124, 0134, 0154",,PT65,Days,0.00,0.00,$0.00,0,0,0
,Local Psychiatric Hospital/IMD PT68,"0100, 0101, 0114, 0124, 0134, 0154",,PT68,Days,18.00,320.00,"$108,896.00",6050,340,18
,Local Psychiatric Hospital - Acute Community PT73,"0100, 0101, 0114, 0124, 0134, 0154",,PT73,Days,286.00,"2,852.00","$1,957,198.00",6843,686,10
,Inpatient Hospital Ancillary Services - Leave of Absence,0183,,,Days,0.00,0.00,$0.00,0,0,0
,Inpatient Hospital Ancillary Services - Pharmacy,"0250-0254, 0257-0258 ",,,,0.00,0.00,$0.00,0,0,0
,Inpatient Hospital Ancillary Services - Medical/Surgical Supplies and Devices,0270-0272,,,# of items,0.00,0.00,$0.00,0,0,0
,Inpatient Hospital Ancillary Services - Laboratory,"0300-0302, 0305-0307",,,# of tests,0.00,0.00,$0.00,0,0,0
,Inpatient Hospital Ancillary Services - Radiology,0320,,,# of tests,0.00,0.00,$0.00,0,0,0
,ECT Anesthesia,0370,,,,0.00,0.00,$0.00,0,0,0
,Inpatient Hospital Ancillary Services - Respiratory Services,0410,,,# of treatments,0.00,0.00,$0.00,0,0,0
,Inpatient Hospital Ancillary Services -Physical Therapy,0420-0424,,,# of treatments,0.00,0.00,$0.00,0,0,0
,Inpatient Hospital Ancillary Services - Occupational Therapy,0430-0434,,,# of treatments,0.00,0.00,$0.00,0,0,0
,Inpatient Hospital Ancillary Services - Speech-Language Pathology,0440-0444,,,# of treatments,0.00,0.00,$0.00,0,0,0
,Inpatient Hospital Ancillary Services - Emergency Room,0450,,,# of visits,0.00,0.00,$0.00,0,0,0
,Inpatient Hospital Ancillary Services - Pulmonary Function,0460,,,# of tests,0.00,0.00,$0.00,0,0,0
,Inpatient Hospital Ancillary Services - Audiology,0470-0472,,,# of tests,0.00,0.00,$0.00,0,0,0
,Inpatient Hospital Ancillary Services - Magnetic Resonance Technology (MRT),0610-0611,,,# of tests,0.00,0.00,$0.00,0,0,0
,Inpatient Hospital Ancillary Services - Pharmacy,0636,,,# of units,0.00,0.00,$0.00,0,0,0
,ECT Recovery Room,0701,,,,0.00,0.00,$0.00,0,0,0
,Inpatient Hospital Ancillary Services -EKG/ECG,0730-0731,,,# of tests,0.00,0.00,$0.00,0,0,0
,Inpatient Hospital Ancillary Services - EEG,0740,,,# of tests,0.00,0.00,$0.00,0,0,0
,Crisis Observation Care,0762,,,Hour,0.00,0.00,$0.00,0,0,0
,Additional Codes-ECT Facility Charge,0901,,,Encounter,0.00,0.00,$0.00,0,0,0
,Inpatient Hospital Ancillary Services - Psychiatric/Psychological Treatments/Services,"0900, 0902-0904, 0911, 0914-0919",,,# of visits,0.00,0.00,$0.00,0,0,0
,Outpatient Partial Hospitalization,0912,,,Days,1.00,3.00,"$1,014.00",1014,338,3
,Outpatient Partial Hospitalization,0913,,,Days,0.00,0.00,$0.00,0,0,0
,Inpatient Hospital Ancillary Services - Other Diagnosis Services,0925,,,# of tests,0.00,0.00,$0.00,0,0,0
,Inpatient Hospital Ancillary Services - Other Therapeutic Services,0940-0942,,,# of visits,0.00,0.00,$0.00,0,0,0
,Additional Codes-ECT Anesthesia,,00104,,Minutes,0.00,0.00,$0.00,0,0,0
,Drug Screen for Methadone Clients Only,,80100,,Per Screen,0.00,0.00,$0.00,0,0,0
,Drug Screen for Methadone Clients Only,,80101,,Per Screen,0.00,0.00,$0.00,0,0,0
,Alcohol Breath Test for Methadone Clients Only,,82075,,Per Test,0.00,0.00,$0.00,0,0,0
,Medication Administration,,90772,,Encounter,16.00,23.00,"$1,075.00",67,47,1
,Assessment-Psychiatric Assessment,,90801,,Encounter,"1,143.00","1,202.00","$339,116.00",297,282,1
,Substance Abuse: Psychiatric Evaluation,,90801,,Encounter,0.00,0.00,$0.00,0,0,0
,Assessment-Psychiatric Assessment,,90802,,Encounter,0.00,0.00,$0.00,0,0,0
,Substance Abuse: Psychiatric Evaluation,,90802,,Encounter,0.00,0.00,$0.00,0,0,0
,Therapy-Individual Therapy,,90804,,Encounter 20-30 Min,4.00,18.00,$569.00,142,32,5
,Substance Abuse: Outpatient Treatment,"0900, 0914, 0915, 0916, 0919",90804,,Encounter 20-30 Min,0.00,0.00,$0.00,0,0,0
Kalamazoo,,,,,,,,,,,
,Therapy-Individual Therapy,,90805,,Encounter 20-30 Min,0.00,0.00,$0.00,0,0,0
,Substance Abuse: Outpatient Treatment,"0900, 0914, 0915, 0916, 0919",90805,,Encounter 20-30 Min,0.00,0.00,$0.00,0,0,0
,Therapy-Individual Therapy,,90806,,Encounter 45-50 Min,662.00,"7,542.00","$505,568.00",764,67,11
,Substance Abuse: Outpatient Treatment,"0900, 0914, 0915, 0916, 0919",90806,,Encounter 45-50 Min,0.00,0.00,$0.00,0,0,0
,Therapy-Individual Therapy,,90807,,Encounter 45-50 Min,0.00,0.00,$0.00,0,0,0
,Substance Abuse: Outpatient Treatment,"0900, 0914, 0915, 0916, 0919",90807,,Encounter 45-50 Min,0.00,0.00,$0.00,0,0,0
,Therapy-Individual Therapy,,90808,,Encounter 75-80 Min,0.00,0.00,$0.00,0,0,0
,Substance Abuse: Outpatient Treatment,"0900, 0914, 0915, 0916, 0919",90808,,Encounter 75-80 Min,0.00,0.00,$0.00,0,0,0
,Therapy-Individual Therapy,,90809,,Encounter 75-80 Min,0.00,0.00,$0.00,0,0,0
,Substance Abuse: Outpatient Treatment,"0900, 0914, 0915, 0916, 0919",90809,,Encounter 75-80 Min,0.00,0.00,$0.00,0,0,0
,Therapy-Individual Therapy,,90810,,Encounter 20-30 Min,0.00,0.00,$0.00,0,0,0
,Substance Abuse: Outpatient Treatment,"0900, 0914, 0915, 0916, 0919",90810,,Encounter 20-30 Min,0.00,0.00,$0.00,0,0,0
,Therapy-Individual Therapy,,90811,,Encounter 20-30 Min,0.00,0.00,$0.00,0,0,0
,Substance Abuse: Outpatient Treatment,"0900, 0914, 0915, 0916, 0919",90811,,Encounter 20-30 Min,0.00,0.00,$0.00,0,0,0
,Therapy-Individual Therapy,,90812,,Encounter 45-50 Min,2.00,7.00,$770.00,385,110,4
,Substance Abuse: Outpatient Treatment,"0900, 0914, 0915, 0916, 0919",90812,,Encounter 45-50 Min,0.00,0.00,$0.00,0,0,0
,Therapy-Individual Therapy,,90813,,Encounter 45-50 Min,0.00,0.00,$0.00,0,0,0
,Substance Abuse: Outpatient Treatment,"0900, 0914, 0915, 0916, 0919",90813,,Encounter 45-50 Min,0.00,0.00,$0.00,0,0,0
,Therapy-Individual Therapy,,90814,,Encounter 75-80 Min,0.00,0.00,$0.00,0,0,0
,Substance Abuse: Outpatient Treatment,"0900, 0914, 0915, 0916, 0919",90814,,Encounter 75-80 Min,0.00,0.00,$0.00,0,0,0
,Therapy-Individual Therapy,,90815,,Encounter 75-80 Min,0.00,0.00,$0.00,0,0,0
,Substance Abuse: Outpatient Treatment,"0900, 0914, 0915, 0916, 0919",90815,,Encounter 75-80 Min,0.00,0.00,$0.00,0,0,0
,Therapy-Individual Therapy,,90816,,Encounter 20-30 Min,0.00,0.00,$0.00,0,0,0
,Therapy-Individual Therapy,,90817,,Encounter 20-30 Min,0.00,0.00,$0.00,0,0,0
,Therapy-Individual Therapy,,90818,,Encounter 45-50 Min,0.00,0.00,$0.00,0,0,0
,Therapy-Individual Therapy,,90819,,Encounter 45-50 Min,0.00,0.00,$0.00,0,0,0
,Therapy-Individual Therapy,,90821,,Encounter 75-80 Min,0.00,0.00,$0.00,0,0,0
,Therapy-Individual Therapy,,90822,,Encounter 75-80 Min,0.00,0.00,$0.00,0,0,0
,Therapy-Individual Therapy,,90823,,Encounter 20-30 Min,0.00,0.00,$0.00,0,0,0
,Therapy-Individual Therapy,,90824,,Encounter 20-30 Min,0.00,0.00,$0.00,0,0,0
,Therapy-Individual Therapy,,90826,,Encounter 45-50 Min,0.00,0.00,$0.00,0,0,0
,Substance Abuse: Psychotherapy (Individual Therapy),,90826,,Encounter 45-50 Min,0.00,0.00,$0.00,0,0,0
,Therapy-Individual Therapy,,90827,,Encounter 45-50 Min,0.00,0.00,$0.00,0,0,0
,Therapy-Individual Therapy,,90828,,Encounter 75-80 Min,0.00,0.00,$0.00,0,0,0
,Therapy-Individual Therapy,,90829,,Encounter 75-80 Min,0.00,0.00,$0.00,0,0,0
,Therapy-Family Therapy,,90846,,Encounter,0.00,0.00,$0.00,0,0,0
,Therapy-Family Therapy,,90847,,Encounter,3.00,24.00,"$1,800.00",600,75,8
,Substance Abuse: Outpatient Treatment,"0900, 0906, 0914, 0915, 0916, 0919",90847,,Encounter,0.00,0.00,$0.00,0,0,0
,Therapy-Family Therapy,,90849,,Encounter,0.00,0.00,$0.00,0,0,0
,Therapy-Family Therapy,,90849,HS,Encounter,0.00,0.00,$0.00,0,0,0
Kalamazoo,,,,,,,,,,,
,Therapy-Group Therapy,,90853,,Encounter,7.00,42.00,"$1,315.00",188,31,6
,Substance Abuse: Outpatient Treatment,"0900, 0906, 0914, 0915, 0916, 0919",90853,,Encounter,0.00,0.00,$0.00,0,0,0
,Therapy-Group Therapy,,90857,,Encounter,0.00,0.00,$0.00,0,0,0
,Substance Abuse: Outpatient Treatment,"0900, 0906, 0914, 0915, 0916, 0919",90857,,Encounter,0.00,0.00,$0.00,0,0,0
,Medication Review ,,90862,,Encounter,"1,494.00","4,554.00","$714,624.00",478,157,3
,Substance Abuse: Medication Review,"0900, 0914, 0915, 0916, 0919",90862,,Encounter,0.00,0.00,$0.00,0,0,0
,Additional Codes-ECT Physician,,90870,,Encounter,0.00,0.00,$0.00,0,0,0
,Additional Codes-ECT Physician,0901,90870,,Encounter,0.00,0.00,$0.00,0,0,0
,Assessments-Other,,90887,,Encounter,0.00,0.00,$0.00,0,0,0
,Speech & Language Therapy ,,92506,,Encounter,0.00,0.00,$0.00,0,0,0
,Speech & Language Therapy ,,92507,,Encounter,0.00,0.00,$0.00,0,0,0
,Speech & Language Therapy ,,92508,,Encounter,0.00,0.00,$0.00,0,0,0
,Speech & Language Therapy ,,92526,,Encounter,0.00,0.00,$0.00,0,0,0
,Speech & Language Therapy ,,92610,,Encounter,0.00,0.00,$0.00,0,0,0
,Evaluation of Auditory Rehabilitation Status (Children's Waiver),,92626,,First Hour,0.00,0.00,$0.00,0,0,0
,Evaluation of Auditory Rehabiliation Status (Children's Waiver),,92627,,Each Additional 15 Minutes,0.00,0.00,$0.00,0,0,0
,Auditory Rehabilitation Preling Hearing Loss (Children's Waiver),,92630,,Encounter,0.00,0.00,$0.00,0,0,0
,Auditory Rehabilitation; Post-Lingual Hearing Loss (Children's Waiver),,92633,,Encounter,0.00,0.00,$0.00,0,0,0
,Psychological Testing PSYCH/PHYS ,,96101,,Per Hour,5.00,9.00,$540.00,108,60,2
,Psychological Testing by Technician ,,96102,,Per Hour,0.00,0.00,$0.00,0,0,0
,Psychological Testing by Comp ,,96103,,Per Hour,0.00,0.00,$0.00,0,0,0
,Assessments-Other,,96105,,Encounter,0.00,0.00,$0.00,0,0,0
,Assessments-Other,,96110,,Encounter,0.00,0.00,$0.00,0,0,0
,Assessments-Other,,96111,,Encounter,0.00,0.00,$0.00,0,0,0
,Neurobehavioral Status Exam (Children's Waiver),,96116,,Per Hour,0.00,0.00,$0.00,0,0,0
,Neuropsych test by Psych/Phys ,,96118,,Per Hour,0.00,0.00,$0.00,0,0,0
,Neuropsych test by Tech ,,96119,,Per Hour,0.00,0.00,$0.00,0,0,0
,Neuropsych test Admin w/Comp ,,96120,,Per Hour,0.00,0.00,$0.00,0,0,0
,Medication Administration,,96372,,Encounter,172.00,"1,869.00","$87,375.00",508,47,11
,Physical Therapy,,97001,,Encounter,0.00,0.00,$0.00,0,0,0
,Physical Therapy,,97002,,Encounter,0.00,0.00,$0.00,0,0,0
,Occupational Therapy,,97003,,Encounter,0.00,0.00,$0.00,0,0,0
,Occupational Therapy,,97004,,Encounter,0.00,0.00,$0.00,0,0,0
,Occupational or Physical Therapy,,97110,,15 Minutes,0.00,0.00,$0.00,0,0,0
,Occupational or Physical Therapy,,97112,,15 Minutes,0.00,0.00,$0.00,0,0,0
,Occupational or Physical Therapy,,97113,,15 Minutes,0.00,0.00,$0.00,0,0,0
,Occupational or Physical Therapy,,97116,,15 Minutes,0.00,0.00,$0.00,0,0,0
,Occupational or Physical Therapy,,97124,,15 Minutes,0.00,0.00,$0.00,0,0,0
,Occupational or Physical Therapy,,97140,,15 Minutes,0.00,0.00,$0.00,0,0,0
,Occupational or Physical Therapy,,97150,,Encounter,0.00,0.00,$0.00,0,0,0
,Occupational or Physical Therapy,,97530,,15 Minutes,0.00,0.00,$0.00,0,0,0
,Occupational or Physical Therapy,,97532,,15 Minutes,0.00,0.00,$0.00,0,0,0
,Occupational or Physical Therapy,,97533,,15 Minutes,0.00,0.00,$0.00,0,0,0
,Occupational or Physical Therapy,,97535,,15 Minutes,0.00,0.00,$0.00,0,0,0
,Occupational or Physical Therapy,,97537,,15 Minutes,0.00,0.00,$0.00,0,0,0
,Occupational or Physical Therapy,,97542,,15 Minutes,0.00,0.00,$0.00,0,0,0
,Occupational Therapy,,97703,,15 Minutes,0.00,0.00,$0.00,0,0,0
Kalamazoo,,,,,,,,,,,
,Occupational Therapy,,97750,,15 Minutes,0.00,0.00,$0.00,0,0,0
,Occupational Therapy,,97755,,15 Minutes,0.00,0.00,$0.00,0,0,0
,Occupational Therapy,,97760,,15 Minutes,0.00,0.00,$0.00,0,0,0
,C/O for Orthotic/Prosth Use ,,97762,,15 minutes,0.00,0.00,$0.00,0,0,0
,Assessment or Health Services,,97802,,15 Minutes,0.00,0.00,$0.00,0,0,0
,Assessment or Health Services,,97803,,15 Minutes,0.00,0.00,$0.00,0,0,0
,Health Services,,97804,,30 Minutes,0.00,0.00,$0.00,0,0,0
,Additional Codes-Physician Services,,99201,,Encounter,0.00,0.00,$0.00,0,0,0
,Additional Codes-Physician Services,,99202,,Encounter,0.00,0.00,$0.00,0,0,0
,Additional Codes-Physician Services,,99203,,Encounter,0.00,0.00,$0.00,0,0,0
,Additional Codes-Physician Services,,99204,,Encounter,0.00,0.00,$0.00,0,0,0
,Additional Codes-Physician Services,,99205,,Encounter,0.00,0.00,$0.00,0,0,0
,Additional Codes-Physician Services  Medication Administration,,99211,,Encounter,62.00,510.00,"$20,248.00",327,40,8
,Additional Codes-Physician Services,,99212,,Encounter,0.00,0.00,$0.00,0,0,0
,Additional Codes-Physician Services,,99213,,Encounter,0.00,0.00,$0.00,0,0,0
,Additional Codes-Physician Services,,99214,,Encounter,0.00,0.00,$0.00,0,0,0
,Additional Codes-Physician Services,,99215,,Encounter,1.00,1.00,$168.00,168,168,1
,Additional Codes-Physician Services,,99221,,30 Minutes,30.00,33.00,"$2,603.00",87,79,1
,Additional Codes-Physician Services,,99222,,50 Minutes,118.00,138.00,"$11,002.00",93,80,1
,Additional Codes-Physician Services,,99223,,70 Minutes,49.00,55.00,"$4,304.00",88,78,1
,Additional Codes-Physician Services,,99231,,15 Minutes,155.00,"1,014.00","$80,675.00",520,80,7
,Additional Codes-Physician Services,,99232,,25 minutes,111.00,294.00,"$23,283.00",210,79,3
,Additional Codes-Physician Services,,99233,,35 Minutes,86.00,180.00,"$14,192.00",165,79,2
,Additional Codes-Physician Services,,99238,,30 Minutes or less,0.00,0.00,$0.00,0,0,0
,Additional Codes-Physician Services,,99241,,Encounter,0.00,0.00,$0.00,0,0,0
,Additional Codes-Physician Services,,99242,,Encounter,0.00,0.00,$0.00,0,0,0
,Additional Codes-Physician Services,,99243,,Encounter,0.00,0.00,$0.00,0,0,0
,Additional Codes-Physician Services,,99244,,Encounter,0.00,0.00,$0.00,0,0,0
,Additional Codes-Physician Services,,99245,,Encounter,0.00,0.00,$0.00,0,0,0
,Additional Codes-Physician Services,,99251,,Encounter,1.00,1.00,$18.00,18,18,1
,Additional Codes-Physician Services,,99252,,Encounter,3.00,3.00,$446.00,149,149,1
,Additional Codes-Physician Services,,99253,,Encounter,17.00,18.00,"$1,692.00",100,94,1
,Additional Codes-Physician Services,,99254,,Encounter,5.00,5.00,"$1,149.00",230,230,1
,Additional Codes-Physician Services,,99255,,Encounter,2.00,2.00,$562.00,281,281,1
,Additional Codes-Physician Services,,99261,,Encounter,0.00,0.00,$0.00,0,0,0
,Additional Codes-Physician Services,,99262,,Encounter,0.00,0.00,$0.00,0,0,0
,Additional Codes-Physician Services,,99263,,Encounter,0.00,0.00,$0.00,0,0,0
,Additional Codes-Physician Services,,99271,,Encounter,0.00,0.00,$0.00,0,0,0
,Additional Codes-Physician Services,,99272,,Encounter,0.00,0.00,$0.00,0,0,0
,Additional Codes-Physician Services,,99273,,Encounter,0.00,0.00,$0.00,0,0,0
,Additional Codes-Physician Services,,99274,,Encounter,0.00,0.00,$0.00,0,0,0
,Additional Codes-Physician Services,,99275,,Encounter,0.00,0.00,$0.00,0,0,0
,Medication Administration,,99605,,Encounter,0.00,0.00,$0.00,0,0,0
,Transportation,,A0080,,Per mile,0.00,0.00,$0.00,0,0,0
,Transportation,,A0090,,Per mile,0.00,0.00,$0.00,0,0,0
,Transportation,,A0100,,Per one-way trip,0.00,0.00,$0.00,0,0,0
,Transportation,,A0110,,Per one-way trip,0.00,0.00,$0.00,0,0,0
,Transportation,,A0120,,Per one-way trip,0.00,0.00,$0.00,0,0,0
,Transportation,,A0130,,Per one-way trip,2.00,2.00,$92.00,46,46,1
,Transportation,,A0140,,Per one-way trip,0.00,0.00,$0.00,0,0,0
Kalamazoo,,,,,,,,,,,
,Transportation,,A0170,,,0.00,0.00,$0.00,0,0,0
,Additional Codes-Transportation,,A0425,,Per Mile,0.00,0.00,$580.00,0,0,0
,Additional Codes-Transportation,,A0427,,Refer to code descriptions.,0.00,0.00,$0.00,0,0,0
,Additional codes - Transportation,,A0428,,,0.00,0.00,$319.00,0,0,0
,Repair or Non-Routine Service for DME (Children's Waiver),,E1340,,15 Minutes,0.00,0.00,$0.00,0,0,0
,Enhanced Medical Equipment-Supplies,,E1399,,Items,0.00,0.00,$0.00,0,0,0
,Activity Therapy (Children's Waiver),,G0176,,Encounter,0.00,0.00,$0.00,0,0,0
,Family Training/Support EBP only,,G0177,,Encounter Session at least 45 min,0.00,0.00,$0.00,0,0,0
,Substance Abuse: Individual Assessment,,H0001,,Encounter,0.00,0.00,$0.00,0,0,0
,Assessment ,,H0002,,Encounter,54.00,221.00,"$8,678.00",161,39,4
,Substance Abuse: Individual Assessment,,H0002,,Encounter,0.00,0.00,$0.00,0,0,0
,Substance Abuse:Laboratory,,H0003,,Encounter,0.00,0.00,$0.00,0,0,0
,Substance Abuse: Outpatient Treatment,"0900, 0906, 0914, 0915, 0916, 0919",H0004,,15 Minutes,0.00,0.00,$0.00,0,0,0
,Substance Abuse: Outpatient Treatment,"0900, 0906, 0914, 0915, 0916, 0919",H0005,,Encounter,0.00,0.00,$0.00,0,0,0
,Substance Abuse: Case Management,,H0006,,Encounter,0.00,0.00,$0.00,0,0,0
,Substance Abuse: Sub-Acute Detoxification,1002,H0010,,Days,0.00,0.00,$0.00,0,0,0
,Substance Abuse: Sub-Acute Detoxification,1002,H0012,,Days,0.00,0.00,$0.00,0,0,0
,Substance Abuse: Sub-Acute Detoxification,1002,H0014,,Days,0.00,0.00,$0.00,0,0,0
,Substance Abuse: Outpatient Care,"0900, 0906, 0914, 0915, 0916, 0919",H0015,,Days,0.00,0.00,$0.00,0,0,0
,Crisis Residential Services,,H0018,,Days,205.00,"2,850.00","$869,048.00",4239,305,14
,Substance Abuse: Residential,1002,H0018,,Days,0.00,0.00,$0.00,0,0,0
,Substance Abuse: Residential,1002,H0019,,Days,0.00,0.00,$0.00,0,0,0
,Substance Abuse: Methadone,,H0020,,Encounter,0.00,0.00,$0.00,0,0,0
,Substance Abuse: Early Intervention,,H0022,,Encounter,0.00,0.00,$0.00,0,0,0
,Peer Directed and Operated Support Services,,H0023,,Encounter,0.00,0.00,$0.00,0,0,0
,Prevention Services - Direct Model,,H0025,,Face to Face Contact,0.00,0.00,$0.00,0,0,0
,Crisis Intervention,,H0030,,Per Service,0.00,0.00,$0.00,0,0,0
,Assessment ,,H0031,,Encounter,415.00,421.00,"$58,232.00",140,138,1
,Substance Abuse: Assessment,,H0031,,Encounter,0.00,0.00,$0.00,0,0,0
,Treatment Planning,,H0032,,Encounter,885.00,"1,724.00","$160,299.00",181,93,2
,Monitoring of Treatment - Clinician,,H0032,TS,Encounter,0.00,0.00,$0.00,0,0,0
,Substance Abuse: Pharmalogical Support - Suboxane,,H0033,,Direct Observation Encounter,0.00,0.00,$0.00,0,0,0
,Health Services,,H0034,,15 Minutes,0.00,0.00,$0.00,0,0,0
,Home Based Services,,H0036,,15 Minutes,0.00,0.00,$0.00,0,0,0
,Home Based Services,,H0036,ST,15 Minutes,0.00,0.00,$0.00,0,0,0
,Community Psychiatric Supportive Treatment ,,H0037,,Per diem,0.00,0.00,$0.00,0,0,0
,Peer Directed and Operated Support Services,,H0038,,15 minutes,49.00,506.00,"$182,421.00",3723,361,10
,Peer Directed and Operated Support Services,,NA,,,0.00,0.00,$0.00,0,0,0
,Assertive Community Treatment (ACT),,H0039,,15 Minutes,218.00,"47,318.00","$2,384,525.00",10938,50,217
,Community Living Supports in Independent living/own home,,H0043,,Per diem,90.00,"24,548.00","$1,124,215.00",12491,46,273
,Community Living Supports in Independent living/own home,,H0043,TT,Per diem,0.00,0.00,$0.00,0,0,0
,Respite,,H0045,,Days,0.00,0.00,$0.00,0,0,0
,Respite (Children's Waiver),,H0045,TD,Per Diem,0.00,0.00,$0.00,0,0,0
,Respite (Children's Waiver),,H0045,TE,Per Diem,0.00,0.00,$0.00,0,0,0
,Substance Abuse:Laboratory (cells now unlocked),,H0048,,Encounter,0.00,0.00,$0.00,0,0,0
,Substance Abuse: Individual Assessment,,H0049,,Encounter,0.00,0.00,$0.00,0,0,0
,Behavior Treatment Plan Review,,H2000,,Encounter,12.00,32.00,$416.00,35,13,3
,Behavior Treatment Plan Review - Monitoring Activities,,H2000,TS,Encounter,0.00,0.00,$0.00,0,0,0
Kalamazoo,,,,,,,,,,,
,Comprehensive Medication Services - EBP only,,H2010,,15 minutes,0.00,0.00,$0.00,0,0,0
,Crisis Intervention,,H2011,,15 Minutes,"1,316.00","8,874.00","$624,019.00",474,70,7
,Skill-Building and Out of Home Non Vocational Habilitation,,H2014,,15 minutes,72.00,"2,133.00","$9,897.00",137,5,30
,Skill-Building and Out of Home Non Vocational Habilitation,,H2014,TT,15 Minutes,58.00,"22,484.00","$67,748.00",1168,3,388
,Community Living Supports (15 Minutes),,H2015,,15 Minutes,30.00,"53,353.00","$202,992.00",6766,4,1778
,Community Living Supports (15 Minutes),,H2015,TT,15 Minutes,2.00,"16,211.00","$41,824.00",20912,3,8106
,Community Living Supports (Daily),,H2016,,Per Diem,5.00,685.00,"$44,620.00",8924,65,137
,Community Living Supports (Daily),,H2016,TF,Per Diem,52.00,"10,513.00","$748,206.00",14389,71,202
,Community Living Supports (Daily),,H2016,TG,Per Diem,99.00,"20,976.00","$3,595,463.00",36318,171,212
,Behavior Services,,H2019,,15 Minutes,77.00,"3,850.00","$93,730.00",1217,24,50
,Behavior Services,,H2019,TT,15 Minutes,67.00,"6,891.00","$170,496.00",2545,25,103
,Crisis Intervention,,H2020,,Days,0.00,0.00,$0.00,0,0,0
,Wraparound,,H2021,,15 Minutes,0.00,0.00,$0.00,0,0,0
,Wraparound,,H2022,,Days,0.00,0.00,$0.00,0,0,0
,Supported Employment Services,,H2023,,15 minutes,249.00,"25,408.00","$1,383,761.00",5557,54,102
,Supported Employment Services,,H2023,TT,15 Minutes,0.00,0.00,$0.00,0,0,0
,Mental Health Therapy,,H2027,,15 Minutes,0.00,0.00,$0.00,0,0,0
,Clubhouse Psychosocial Rehabilitation Programs ,,H2030,,15 Minutes,173.00,"162,726.00","$741,687.00",4287,5,941
,Home Based Services,,H2033,,15 Minutes,0.00,0.00,$0.00,0,0,0
,Substance Abuse: Outpatient Care,"0900, 0906, 0914, 0915, 0916, 0919",H2035,,Hour,0.00,0.00,$0.00,0,0,0
,Substance Abuse: Outpatient Care,"0900, 0906, 0914, 0915, 0916, 0919",H2036,,Per Diem,0.00,0.00,$0.00,0,0,0
,Medication Review ,,M0064,,"Encounter Face-to-Face, generally less than 10 minutes",645.00,"1,656.00","$283,424.00",439,171,3
,Transportation,,S0209,,Per Mile,0.00,0.00,$0.00,0,0,0
,Transportation,,S0215,,Per Mile,0.00,0.00,$0.00,0,0,0
,Family Training - EBP,,S5110,,15 Minutes,0.00,0.00,$0.00,0,0,0
,Family Training,,S5111,,Encounter,0.00,0.00,$0.00,0,0,0
,Family Training,,S5111,HA,Encounter,0.00,0.00,$0.00,0,0,0
,"Home Care Training, Non-Family (Children's Waiver)",,S5116,,Encounter,0.00,0.00,$0.00,0,0,0
,Chore Services,,S5120,,15 Minutes,0.00,0.00,$0.00,0,0,0
,Foster Care,,S5140,,Days,0.00,0.00,$0.00,0,0,0
,Foster Care,,S5145,,Days,0.00,0.00,$0.00,0,0,0
,Respite,,S5150,,15 Minutes,0.00,0.00,$0.00,0,0,0
,Respite,,S5151,,Per Diem,0.00,0.00,$0.00,0,0,0
,Personal Emergency Response System (PERS),,S5160,,Encounter,0.00,0.00,$0.00,0,0,0
,Personal Emergency Response System (PERS),,S5161,,Month,0.00,0.00,$0.00,0,0,0
,Environmental Modification ,,S5165,,Service,0.00,0.00,$0.00,0,0,0
,Enhanced Medical Equipment-Supplies,,S5199,,Items,0.00,0.00,$0.00,0,0,0
,Occupational or Physical Therapy,,S8990,,Encounter,0.00,0.00,$0.00,0,0,0
,Private Duty Nursing,0582,S9123,,Hour,0.00,0.00,$0.00,0,0,0
,Private Duty Nursing,,S9123,,Hour,0.00,0.00,$0.00,0,0,0
,Private Duty Nursing,,S9123,TT,Hour,0.00,0.00,$0.00,0,0,0
,Private Duty Nursing,0582,S9124,,Hour,0.00,0.00,$0.00,0,0,0
,Private Duty Nursing,,S9124,,Hour,0.00,0.00,$0.00,0,0,0
,Private Duty Nursing,,S9124,TT,Hour,0.00,0.00,$0.00,0,0,0
,Respite Care in the Home (RN) (Children's Waiver),,S9125,TD,Per Diem,0.00,0.00,$0.00,0,0,0
,Respite Care in the Home (LPN) (Children's Waiver),,S9125,TE,Per Diem,0.00,0.00,$0.00,0,0,0
,Health Services,,S9445,,Encounter,0.00,0.00,$0.00,0,0,0
,Health Services,,S9446,,Encounter,0.00,0.00,$0.00,0,0,0
Kalamazoo,,,,,,,,,,,
,Health Services,,S9470,,Encounter,0.00,0.00,$0.00,0,0,0
,Intensive Crisis Stabilization-Enrolled Program,,S9484,,Hour,0.00,0.00,$0.00,0,0,0
,Reidential Room and Board,,S9976,,Days,0.00,0.00,$0.00,0,0,0
,Private Duty Nursing,,T1000,,Up to 15 min,0.00,0.00,$0.00,0,0,0
,Private Duty Nursing,,T1000,TD,Up to 15 min,0.00,0.00,$0.00,0,0,0
,Private Duty Nursing,,T1000,TE,Up to 15 min,0.00,0.00,$0.00,0,0,0
,Assessment,,T1001,,Encounter,213.00,216.00,"$11,013.00",52,51,1
,Health Services,,T1002,,Up to 15 min,796.00,"5,500.00","$324,624.00",408,59,7
,Respite Care,,T1005,,15 Minutes,0.00,0.00,$0.00,0,0,0
,Respite Care,,T1005,TD,15 Minutes,0.00,0.00,$0.00,0,0,0
,Respite Care,,T1005,TE,15 Minutes,0.00,0.00,$0.00,0,0,0
,Substance Abuse: Recovery Support Services,"0900, 0906, 0914, 0915, 0916, 0919",T1012,,Encounter,0.00,0.00,$0.00,0,0,0
,Family Psycho-Education - EBP,,T1015,,Encounter,0.00,0.00,$0.00,0,0,0
,Supports Coordination/Wrap Facilitation,,T1016,,15 minutes,153.00,"5,369.00","$49,063.00",321,9,35
,Targeted Case Management ,,T1017,,15 minutes,"1,273.00","118,097.00","$3,331,895.00",2617,28,93
,Nursing Home Mental Health Monitoring,,T1017,SE,15 minutes,27.00,460.00,"$68,748.00",2546,149,17
,Personal Care in Licensed Specialized Residential Setting,,T1020,,Days,16.00,"2,829.00","$126,031.00",7877,45,177
,Personal Care in Licensed Specialized Residential Setting,,T1020,TF,Days,67.00,"16,703.00","$743,737.00",11101,45,249
,Personal Care in Licensed Specialized Residential Setting,,T1020,TG,Days,33.00,"6,605.00","$567,346.00",17192,86,200
,Assessments,,T1023,,Encounter,511.00,674.00,"$48,665.00",95,72,1
,Enhanced Medical Supplies or Pharmacy,,T1999,,Items,0.00,0.00,$0.00,0,0,0
,Transportation,,T2001,,Encounter,0.00,0.00,$0.00,0,0,0
,Transportation,,T2002,,Per Diem,0.00,0.00,$0.00,0,0,0
,Transportation,,T2003,,Encounter / Trip,0.00,0.00,$0.00,0,0,0
,Transportation,,T2004,,Encounter,0.00,0.00,$0.00,0,0,0
,Transportation,,T2005,,Encounter,0.00,0.00,$0.00,0,0,0
,Out of Home Prevocational Service,,T2015,,Hour,0.00,0.00,$0.00,0,0,0
,Targeted Case Management (Children's Waiver),,T2023,,Month,0.00,0.00,$0.00,0,0,0
,Fiscal Intermediary Services,,T2025,,Month,12.00,102.00,"$6,925.00",577,68,9
,Enhanced Medical Equipment-Supplies,,T2028,,Items,0.00,0.00,$0.00,0,0,0
,Enhanced Medical Equipment-Supplies,,T2029,,Items,0.00,0.00,$0.00,0,0,0
,Crisis Intervention,,T2034,,Days,0.00,0.00,$0.00,0,0,0
,Respite Care,,T2036,,Encounter / Trip. Per session. One night = one session,0.00,0.00,$0.00,0,0,0
,Respite Care,,T2037,,Encounter / Trip  Per session. One day/partial day = one session,0.00,0.00,$0.00,0,0,0
,Housing Assistance,,T2038,,Month   Service,79.00,486.00,"$482,657.00",6110,993,6
,Enhanced Medical Equipment-Supplies,,T2039,,Items,0.00,0.00,$0.00,0,0,0
,Pharmacy (Drugs and Other Biologicals),,,,,649.00,0.00,"$487,562.00",751,0,0
,Other,,,,,0.00,0.00,$0.00,0,0,0
,Aggregate for 'J' Codes,,ALL,,,62.00,0.00,"$51,666.00",833,0,0
Lapeer,,,,,,,,,,,
,State Psychiatric Hospital - Inpatient PT22,"0100, 0101, 0114, 0124, 0134, 0154",,PT22,Days,4.00,398.00,"$156,981.00",39245,394,100
,State Mental Retardation Facility - Inpatient (ICF/MR) PT65,"0100, 0101, 0114, 0124, 0134, 0154",,PT65,Days,0.00,0.00,$0.00,0,0,0
,Local Psychiatric Hospital/IMD PT68,"0100, 0101, 0114, 0124, 0134, 0154",,PT68,Days,14.00,91.00,"$60,986.00",4356,670,7
,Local Psychiatric Hospital - Acute Community PT73,"0100, 0101, 0114, 0124, 0134, 0154",,PT73,Days,127.00,935.00,"$812,917.00",6401,869,7
,Inpatient Hospital Ancillary Services - Leave of Absence,0183,,,Days,0.00,0.00,$0.00,0,0,0
,Inpatient Hospital Ancillary Services - Pharmacy,"0250-0254, 0257-0258 ",,,,0.00,0.00,$0.00,0,0,0
,Inpatient Hospital Ancillary Services - Medical/Surgical Supplies and Devices,0270-0272,,,# of items,0.00,0.00,$0.00,0,0,0
,Inpatient Hospital Ancillary Services - Laboratory,"0300-0302, 0305-0307",,,# of tests,0.00,0.00,$0.00,0,0,0
,Inpatient Hospital Ancillary Services - Radiology,0320,,,# of tests,0.00,0.00,$0.00,0,0,0
,ECT Anesthesia,0370,,,,0.00,0.00,$0.00,0,0,0
,Inpatient Hospital Ancillary Services - Respiratory Services,0410,,,# of treatments,0.00,0.00,$0.00,0,0,0
,Inpatient Hospital Ancillary Services -Physical Therapy,0420-0424,,,# of treatments,0.00,0.00,$0.00,0,0,0
,Inpatient Hospital Ancillary Services - Occupational Therapy,0430-0434,,,# of treatments,0.00,0.00,$0.00,0,0,0
,Inpatient Hospital Ancillary Services - Speech-Language Pathology,0440-0444,,,# of treatments,0.00,0.00,$0.00,0,0,0
,Inpatient Hospital Ancillary Services - Emergency Room,0450,,,# of visits,0.00,0.00,$0.00,0,0,0
,Inpatient Hospital Ancillary Services - Pulmonary Function,0460,,,# of tests,0.00,0.00,$0.00,0,0,0
,Inpatient Hospital Ancillary Services - Audiology,0470-0472,,,# of tests,0.00,0.00,$0.00,0,0,0
,Inpatient Hospital Ancillary Services - Magnetic Resonance Technology (MRT),0610-0611,,,# of tests,0.00,0.00,$0.00,0,0,0
,Inpatient Hospital Ancillary Services - Pharmacy,0636,,,# of units,0.00,0.00,$0.00,0,0,0
,ECT Recovery Room,0701,,,,0.00,0.00,$0.00,0,0,0
,Inpatient Hospital Ancillary Services -EKG/ECG,0730-0731,,,# of tests,0.00,0.00,$0.00,0,0,0
,Inpatient Hospital Ancillary Services - EEG,0740,,,# of tests,0.00,0.00,$0.00,0,0,0
,Crisis Observation Care,0762,,,Hour,0.00,0.00,$0.00,0,0,0
,Additional Codes-ECT Facility Charge,0901,,,Encounter,0.00,0.00,$0.00,0,0,0
,Inpatient Hospital Ancillary Services - Psychiatric/Psychological Treatments/Services,"0900, 0902-0904, 0911, 0914-0919",,,# of visits,0.00,0.00,$0.00,0,0,0
,Outpatient Partial Hospitalization,0912,,,Days,2.00,11.00,"$2,323.00",1162,211,6
,Outpatient Partial Hospitalization,0913,,,Days,0.00,0.00,$0.00,0,0,0
,Inpatient Hospital Ancillary Services - Other Diagnosis Services,0925,,,# of tests,0.00,0.00,$0.00,0,0,0
,Inpatient Hospital Ancillary Services - Other Therapeutic Services,0940-0942,,,# of visits,0.00,0.00,$0.00,0,0,0
,Additional Codes-ECT Anesthesia,,00104,,Minutes,0.00,0.00,$0.00,0,0,0
,Drug Screen for Methadone Clients Only,,80100,,Per Screen,0.00,0.00,$0.00,0,0,0
,Drug Screen for Methadone Clients Only,,80101,,Per Screen,0.00,0.00,$0.00,0,0,0
,Alcohol Breath Test for Methadone Clients Only,,82075,,Per Test,0.00,0.00,$0.00,0,0,0
,Medication Administration,,90772,,Encounter,9.00,30.00,"$6,084.00",676,203,3
,Assessment-Psychiatric Assessment,,90801,,Encounter,216.00,216.00,"$55,504.00",257,257,1
,Substance Abuse: Psychiatric Evaluation,,90801,,Encounter,0.00,0.00,$0.00,0,0,0
,Assessment-Psychiatric Assessment,,90802,,Encounter,0.00,0.00,$0.00,0,0,0
,Substance Abuse: Psychiatric Evaluation,,90802,,Encounter,0.00,0.00,$0.00,0,0,0
,Therapy-Individual Therapy,,90804,,Encounter 20-30 Min,194.00,446.00,"$25,644.00",132,57,2
,Substance Abuse: Outpatient Treatment,"0900, 0914, 0915, 0916, 0919",90804,,Encounter 20-30 Min,0.00,0.00,$0.00,0,0,0
Lapeer,,,,,,,,,,,
,Therapy-Individual Therapy,,90805,,Encounter 20-30 Min,0.00,0.00,$0.00,0,0,0
,Substance Abuse: Outpatient Treatment,"0900, 0914, 0915, 0916, 0919",90805,,Encounter 20-30 Min,0.00,0.00,$0.00,0,0,0
,Therapy-Individual Therapy,,90806,,Encounter 45-50 Min,455.00,"4,694.00","$498,224.00",1095,106,10
,Substance Abuse: Outpatient Treatment,"0900, 0914, 0915, 0916, 0919",90806,,Encounter 45-50 Min,0.00,0.00,$0.00,0,0,0
,Therapy-Individual Therapy,,90807,,Encounter 45-50 Min,0.00,0.00,$0.00,0,0,0
,Substance Abuse: Outpatient Treatment,"0900, 0914, 0915, 0916, 0919",90807,,Encounter 45-50 Min,0.00,0.00,$0.00,0,0,0
,Therapy-Individual Therapy,,90808,,Encounter 75-80 Min,31.00,67.00,"$11,453.00",369,171,2
,Substance Abuse: Outpatient Treatment,"0900, 0914, 0915, 0916, 0919",90808,,Encounter 75-80 Min,0.00,0.00,$0.00,0,0,0
,Therapy-Individual Therapy,,90809,,Encounter 75-80 Min,0.00,0.00,$0.00,0,0,0
,Substance Abuse: Outpatient Treatment,"0900, 0914, 0915, 0916, 0919",90809,,Encounter 75-80 Min,0.00,0.00,$0.00,0,0,0
,Therapy-Individual Therapy,,90810,,Encounter 20-30 Min,0.00,0.00,$0.00,0,0,0
,Substance Abuse: Outpatient Treatment,"0900, 0914, 0915, 0916, 0919",90810,,Encounter 20-30 Min,0.00,0.00,$0.00,0,0,0
,Therapy-Individual Therapy,,90811,,Encounter 20-30 Min,0.00,0.00,$0.00,0,0,0
,Substance Abuse: Outpatient Treatment,"0900, 0914, 0915, 0916, 0919",90811,,Encounter 20-30 Min,0.00,0.00,$0.00,0,0,0
,Therapy-Individual Therapy,,90812,,Encounter 45-50 Min,0.00,0.00,$0.00,0,0,0
,Substance Abuse: Outpatient Treatment,"0900, 0914, 0915, 0916, 0919",90812,,Encounter 45-50 Min,0.00,0.00,$0.00,0,0,0
,Therapy-Individual Therapy,,90813,,Encounter 45-50 Min,0.00,0.00,$0.00,0,0,0
,Substance Abuse: Outpatient Treatment,"0900, 0914, 0915, 0916, 0919",90813,,Encounter 45-50 Min,0.00,0.00,$0.00,0,0,0
,Therapy-Individual Therapy,,90814,,Encounter 75-80 Min,0.00,0.00,$0.00,0,0,0
,Substance Abuse: Outpatient Treatment,"0900, 0914, 0915, 0916, 0919",90814,,Encounter 75-80 Min,0.00,0.00,$0.00,0,0,0
,Therapy-Individual Therapy,,90815,,Encounter 75-80 Min,0.00,0.00,$0.00,0,0,0
,Substance Abuse: Outpatient Treatment,"0900, 0914, 0915, 0916, 0919",90815,,Encounter 75-80 Min,0.00,0.00,$0.00,0,0,0
,Therapy-Individual Therapy,,90816,,Encounter 20-30 Min,0.00,0.00,$0.00,0,0,0
,Therapy-Individual Therapy,,90817,,Encounter 20-30 Min,0.00,0.00,$0.00,0,0,0
,Therapy-Individual Therapy,,90818,,Encounter 45-50 Min,0.00,0.00,$0.00,0,0,0
,Therapy-Individual Therapy,,90819,,Encounter 45-50 Min,0.00,0.00,$0.00,0,0,0
,Therapy-Individual Therapy,,90821,,Encounter 75-80 Min,0.00,0.00,$0.00,0,0,0
,Therapy-Individual Therapy,,90822,,Encounter 75-80 Min,0.00,0.00,$0.00,0,0,0
,Therapy-Individual Therapy,,90823,,Encounter 20-30 Min,0.00,0.00,$0.00,0,0,0
,Therapy-Individual Therapy,,90824,,Encounter 20-30 Min,0.00,0.00,$0.00,0,0,0
,Therapy-Individual Therapy,,90826,,Encounter 45-50 Min,0.00,0.00,$0.00,0,0,0
,Substance Abuse: Psychotherapy (Individual Therapy),,90826,,Encounter 45-50 Min,0.00,0.00,$0.00,0,0,0
,Therapy-Individual Therapy,,90827,,Encounter 45-50 Min,0.00,0.00,$0.00,0,0,0
,Therapy-Individual Therapy,,90828,,Encounter 75-80 Min,0.00,0.00,$0.00,0,0,0
,Therapy-Individual Therapy,,90829,,Encounter 75-80 Min,0.00,0.00,$0.00,0,0,0
,Therapy-Family Therapy,,90846,,Encounter,8.00,27.00,"$3,042.00",380,113,3
,Therapy-Family Therapy,,90847,,Encounter,37.00,111.00,"$12,655.00",342,114,3
,Substance Abuse: Outpatient Treatment,"0900, 0906, 0914, 0915, 0916, 0919",90847,,Encounter,0.00,0.00,$0.00,0,0,0
,Therapy-Family Therapy,,90849,,Encounter,0.00,0.00,$0.00,0,0,0
,Therapy-Family Therapy,,90849,HS,Encounter,0.00,0.00,$0.00,0,0,0
Lapeer,,,,,,,,,,,
,Therapy-Group Therapy,,90853,,Encounter,42.00,348.00,"$63,952.00",1523,184,8
,Substance Abuse: Outpatient Treatment,"0900, 0906, 0914, 0915, 0916, 0919",90853,,Encounter,0.00,0.00,$0.00,0,0,0
,Therapy-Group Therapy,,90857,,Encounter,0.00,0.00,$0.00,0,0,0
,Substance Abuse: Outpatient Treatment,"0900, 0906, 0914, 0915, 0916, 0919",90857,,Encounter,0.00,0.00,$0.00,0,0,0
,Medication Review ,,90862,,Encounter,456.00,"1,594.00","$185,077.00",406,116,3
,Substance Abuse: Medication Review,"0900, 0914, 0915, 0916, 0919",90862,,Encounter,0.00,0.00,$0.00,0,0,0
,Additional Codes-ECT Physician,,90870,,Encounter,0.00,0.00,$0.00,0,0,0
,Additional Codes-ECT Physician,0901,90870,,Encounter,0.00,0.00,$0.00,0,0,0
,Assessments-Other,,90887,,Encounter,0.00,0.00,$0.00,0,0,0
,Speech & Language Therapy ,,92506,,Encounter,0.00,0.00,$0.00,0,0,0
,Speech & Language Therapy ,,92507,,Encounter,0.00,0.00,$0.00,0,0,0
,Speech & Language Therapy ,,92508,,Encounter,0.00,0.00,$0.00,0,0,0
,Speech & Language Therapy ,,92526,,Encounter,0.00,0.00,$0.00,0,0,0
,Speech & Language Therapy ,,92610,,Encounter,0.00,0.00,$0.00,0,0,0
,Evaluation of Auditory Rehabilitation Status (Children's Waiver),,92626,,First Hour,0.00,0.00,$0.00,0,0,0
,Evaluation of Auditory Rehabiliation Status (Children's Waiver),,92627,,Each Additional 15 Minutes,0.00,0.00,$0.00,0,0,0
,Auditory Rehabilitation Preling Hearing Loss (Children's Waiver),,92630,,Encounter,0.00,0.00,$0.00,0,0,0
,Auditory Rehabilitation; Post-Lingual Hearing Loss (Children's Waiver),,92633,,Encounter,0.00,0.00,$0.00,0,0,0
,Psychological Testing PSYCH/PHYS ,,96101,,Per Hour,3.00,9.00,"$3,941.00",1314,438,3
,Psychological Testing by Technician ,,96102,,Per Hour,0.00,0.00,$0.00,0,0,0
,Psychological Testing by Comp ,,96103,,Per Hour,0.00,0.00,$0.00,0,0,0
,Assessments-Other,,96105,,Encounter,0.00,0.00,$0.00,0,0,0
,Assessments-Other,,96110,,Encounter,0.00,0.00,$0.00,0,0,0
,Assessments-Other,,96111,,Encounter,0.00,0.00,$0.00,0,0,0
,Neurobehavioral Status Exam (Children's Waiver),,96116,,Per Hour,0.00,0.00,$0.00,0,0,0
,Neuropsych test by Psych/Phys ,,96118,,Per Hour,0.00,0.00,$0.00,0,0,0
,Neuropsych test by Tech ,,96119,,Per Hour,0.00,0.00,$0.00,0,0,0
,Neuropsych test Admin w/Comp ,,96120,,Per Hour,0.00,0.00,$0.00,0,0,0
,Medication Administration,,96372,,Encounter,12.00,64.00,"$12,371.00",1031,193,5
,Physical Therapy,,97001,,Encounter,0.00,0.00,$0.00,0,0,0
,Physical Therapy,,97002,,Encounter,0.00,0.00,$0.00,0,0,0
,Occupational Therapy,,97003,,Encounter,0.00,0.00,$0.00,0,0,0
,Occupational Therapy,,97004,,Encounter,0.00,0.00,$0.00,0,0,0
,Occupational or Physical Therapy,,97110,,15 Minutes,0.00,0.00,$0.00,0,0,0
,Occupational or Physical Therapy,,97112,,15 Minutes,0.00,0.00,$0.00,0,0,0
,Occupational or Physical Therapy,,97113,,15 Minutes,0.00,0.00,$0.00,0,0,0
,Occupational or Physical Therapy,,97116,,15 Minutes,0.00,0.00,$0.00,0,0,0
,Occupational or Physical Therapy,,97124,,15 Minutes,0.00,0.00,$0.00,0,0,0
,Occupational or Physical Therapy,,97140,,15 Minutes,0.00,0.00,$0.00,0,0,0
,Occupational or Physical Therapy,,97150,,Encounter,0.00,0.00,$0.00,0,0,0
,Occupational or Physical Therapy,,97530,,15 Minutes,0.00,0.00,$0.00,0,0,0
,Occupational or Physical Therapy,,97532,,15 Minutes,0.00,0.00,$0.00,0,0,0
,Occupational or Physical Therapy,,97533,,15 Minutes,0.00,0.00,$0.00,0,0,0
,Occupational or Physical Therapy,,97535,,15 Minutes,0.00,0.00,$0.00,0,0,0
,Occupational or Physical Therapy,,97537,,15 Minutes,0.00,0.00,$0.00,0,0,0
,Occupational or Physical Therapy,,97542,,15 Minutes,0.00,0.00,$0.00,0,0,0
,Occupational Therapy,,97703,,15 Minutes,0.00,0.00,$0.00,0,0,0
Lapeer,,,,,,,,,,,
,Occupational Therapy,,97750,,15 Minutes,0.00,0.00,$0.00,0,0,0
,Occupational Therapy,,97755,,15 Minutes,0.00,0.00,$0.00,0,0,0
,Occupational Therapy,,97760,,15 Minutes,0.00,0.00,$0.00,0,0,0
,C/O for Orthotic/Prosth Use ,,97762,,15 minutes,0.00,0.00,$0.00,0,0,0
,Assessment or Health Services,,97802,,15 Minutes,0.00,0.00,$0.00,0,0,0
,Assessment or Health Services,,97803,,15 Minutes,0.00,0.00,$0.00,0,0,0
,Health Services,,97804,,30 Minutes,0.00,0.00,$0.00,0,0,0
,Additional Codes-Physician Services,,99201,,Encounter,0.00,0.00,$0.00,0,0,0
,Additional Codes-Physician Services,,99202,,Encounter,0.00,0.00,$0.00,0,0,0
,Additional Codes-Physician Services,,99203,,Encounter,0.00,0.00,$0.00,0,0,0
,Additional Codes-Physician Services,,99204,,Encounter,0.00,0.00,$0.00,0,0,0
,Additional Codes-Physician Services,,99205,,Encounter,0.00,0.00,$0.00,0,0,0
,Additional Codes-Physician Services  Medication Administration,,99211,,Encounter,9.00,110.00,"$16,032.00",1781,146,12
,Additional Codes-Physician Services,,99212,,Encounter,0.00,0.00,$0.00,0,0,0
,Additional Codes-Physician Services,,99213,,Encounter,0.00,0.00,$0.00,0,0,0
,Additional Codes-Physician Services,,99214,,Encounter,0.00,0.00,$0.00,0,0,0
,Additional Codes-Physician Services,,99215,,Encounter,0.00,0.00,$0.00,0,0,0
,Additional Codes-Physician Services,,99221,,30 Minutes,0.00,0.00,$0.00,0,0,0
,Additional Codes-Physician Services,,99222,,50 Minutes,0.00,0.00,$0.00,0,0,0
,Additional Codes-Physician Services,,99223,,70 Minutes,0.00,0.00,$0.00,0,0,0
,Additional Codes-Physician Services,,99231,,15 Minutes,0.00,0.00,$0.00,0,0,0
,Additional Codes-Physician Services,,99232,,25 minutes,0.00,0.00,$0.00,0,0,0
,Additional Codes-Physician Services,,99233,,35 Minutes,0.00,0.00,$0.00,0,0,0
,Additional Codes-Physician Services,,99238,,30 Minutes or less,0.00,0.00,$0.00,0,0,0
,Additional Codes-Physician Services,,99241,,Encounter,0.00,0.00,$0.00,0,0,0
,Additional Codes-Physician Services,,99242,,Encounter,0.00,0.00,$0.00,0,0,0
,Additional Codes-Physician Services,,99243,,Encounter,0.00,0.00,$0.00,0,0,0
,Additional Codes-Physician Services,,99244,,Encounter,0.00,0.00,$0.00,0,0,0
,Additional Codes-Physician Services,,99245,,Encounter,0.00,0.00,$0.00,0,0,0
,Additional Codes-Physician Services,,99251,,Encounter,2.00,2.00,$120.00,60,60,1
,Additional Codes-Physician Services,,99252,,Encounter,0.00,0.00,$0.00,0,0,0
,Additional Codes-Physician Services,,99253,,Encounter,17.00,18.00,"$1,205.00",71,67,1
,Additional Codes-Physician Services,,99254,,Encounter,0.00,0.00,$0.00,0,0,0
,Additional Codes-Physician Services,,99255,,Encounter,0.00,0.00,$0.00,0,0,0
,Additional Codes-Physician Services,,99261,,Encounter,0.00,0.00,$0.00,0,0,0
,Additional Codes-Physician Services,,99262,,Encounter,0.00,0.00,$0.00,0,0,0
,Additional Codes-Physician Services,,99263,,Encounter,0.00,0.00,$0.00,0,0,0
,Additional Codes-Physician Services,,99271,,Encounter,0.00,0.00,$0.00,0,0,0
,Additional Codes-Physician Services,,99272,,Encounter,0.00,0.00,$0.00,0,0,0
,Additional Codes-Physician Services,,99273,,Encounter,0.00,0.00,$0.00,0,0,0
,Additional Codes-Physician Services,,99274,,Encounter,0.00,0.00,$0.00,0,0,0
,Additional Codes-Physician Services,,99275,,Encounter,0.00,0.00,$0.00,0,0,0
,Medication Administration,,99605,,Encounter,0.00,0.00,$0.00,0,0,0
,Transportation,,A0080,,Per mile,0.00,0.00,$0.00,0,0,0
,Transportation,,A0090,,Per mile,0.00,0.00,$0.00,0,0,0
,Transportation,,A0100,,Per one-way trip,0.00,0.00,$0.00,0,0,0
,Transportation,,A0110,,Per one-way trip,0.00,0.00,$0.00,0,0,0
,Transportation,,A0120,,Per one-way trip,0.00,0.00,$0.00,0,0,0
,Transportation,,A0130,,Per one-way trip,0.00,0.00,$0.00,0,0,0
,Transportation,,A0140,,Per one-way trip,0.00,0.00,$0.00,0,0,0
Lapeer,,,,,,,,,,,
,Transportation,,A0170,,,0.00,0.00,$0.00,0,0,0
,Additional Codes-Transportation,,A0425,,Per Mile,0.00,0.00,$0.00,0,0,0
,Additional Codes-Transportation,,A0427,,Refer to code descriptions.,0.00,0.00,$0.00,0,0,0
,Additional codes - Transportation,,A0428,,,0.00,0.00,$0.00,0,0,0
,Repair or Non-Routine Service for DME (Children's Waiver),,E1340,,15 Minutes,0.00,0.00,$0.00,0,0,0
,Enhanced Medical Equipment-Supplies,,E1399,,Items,0.00,0.00,$0.00,0,0,0
,Activity Therapy (Children's Waiver),,G0176,,Encounter,0.00,0.00,$0.00,0,0,0
,Family Training/Support EBP only,,G0177,,Encounter Session at least 45 min,10.00,146.00,"$25,156.00",2516,172,15
,Substance Abuse: Individual Assessment,,H0001,,Encounter,0.00,0.00,$0.00,0,0,0
,Assessment ,,H0002,,Encounter,0.00,0.00,$0.00,0,0,0
,Substance Abuse: Individual Assessment,,H0002,,Encounter,0.00,0.00,$0.00,0,0,0
,Substance Abuse:Laboratory,,H0003,,Encounter,0.00,0.00,$0.00,0,0,0
,Substance Abuse: Outpatient Treatment,"0900, 0906, 0914, 0915, 0916, 0919",H0004,,15 Minutes,0.00,0.00,$0.00,0,0,0
,Substance Abuse: Outpatient Treatment,"0900, 0906, 0914, 0915, 0916, 0919",H0005,,Encounter,0.00,0.00,$0.00,0,0,0
,Substance Abuse: Case Management,,H0006,,Encounter,0.00,0.00,$0.00,0,0,0
,Substance Abuse: Sub-Acute Detoxification,1002,H0010,,Days,0.00,0.00,$0.00,0,0,0
,Substance Abuse: Sub-Acute Detoxification,1002,H0012,,Days,0.00,0.00,$0.00,0,0,0
,Substance Abuse: Sub-Acute Detoxification,1002,H0014,,Days,0.00,0.00,$0.00,0,0,0
,Substance Abuse: Outpatient Care,"0900, 0906, 0914, 0915, 0916, 0919",H0015,,Days,0.00,0.00,$0.00,0,0,0
,Crisis Residential Services,,H0018,,Days,19.00,166.00,"$37,036.00",1949,223,9
,Substance Abuse: Residential,1002,H0018,,Days,0.00,0.00,$0.00,0,0,0
,Substance Abuse: Residential,1002,H0019,,Days,0.00,0.00,$0.00,0,0,0
,Substance Abuse: Methadone,,H0020,,Encounter,0.00,0.00,$0.00,0,0,0
,Substance Abuse: Early Intervention,,H0022,,Encounter,0.00,0.00,$0.00,0,0,0
,Peer Directed and Operated Support Services,,H0023,,Encounter,0.00,0.00,$0.00,0,0,0
,Prevention Services - Direct Model,,H0025,,Face to Face Contact,0.00,0.00,$0.00,0,0,0
,Crisis Intervention,,H0030,,Per Service,0.00,0.00,$0.00,0,0,0
,Assessment ,,H0031,,Encounter,559.00,592.00,"$98,319.00",176,166,1
,Substance Abuse: Assessment,,H0031,,Encounter,0.00,0.00,$0.00,0,0,0
,Treatment Planning,,H0032,,Encounter,387.00,603.00,"$104,328.00",270,173,2
,Monitoring of Treatment - Clinician,,H0032,TS,Encounter,0.00,0.00,$0.00,0,0,0
,Substance Abuse: Pharmalogical Support - Suboxane,,H0033,,Direct Observation Encounter,0.00,0.00,$0.00,0,0,0
,Health Services,,H0034,,15 Minutes,3.00,3.00,$426.00,142,142,1
,Home Based Services,,H0036,,15 Minutes,0.00,0.00,$0.00,0,0,0
,Home Based Services,,H0036,ST,15 Minutes,0.00,0.00,$0.00,0,0,0
,Community Psychiatric Supportive Treatment ,,H0037,,Per diem,0.00,0.00,$0.00,0,0,0
,Peer Directed and Operated Support Services,,H0038,,15 minutes,29.00,519.00,"$16,313.00",563,31,18
,Peer Directed and Operated Support Services,,NA,,,15.00,0.00,"$61,924.00",4128,0,0
,Assertive Community Treatment (ACT),,H0039,,15 Minutes,35.00,"8,643.00","$519,920.00",14855,60,247
,Community Living Supports in Independent living/own home,,H0043,,Per diem,19.00,"4,701.00","$220,885.00",11626,47,247
,Community Living Supports in Independent living/own home,,H0043,TT,Per diem,0.00,0.00,$0.00,0,0,0
,Respite,,H0045,,Days,0.00,0.00,$0.00,0,0,0
,Respite (Children's Waiver),,H0045,TD,Per Diem,0.00,0.00,$0.00,0,0,0
,Respite (Children's Waiver),,H0045,TE,Per Diem,0.00,0.00,$0.00,0,0,0
,Substance Abuse:Laboratory (cells now unlocked),,H0048,,Encounter,0.00,0.00,$0.00,0,0,0
,Substance Abuse: Individual Assessment,,H0049,,Encounter,0.00,0.00,$0.00,0,0,0
,Behavior Treatment Plan Review,,H2000,,Encounter,8.00,11.00,"$1,866.00",233,170,1
,Behavior Treatment Plan Review - Monitoring Activities,,H2000,TS,Encounter,0.00,0.00,$0.00,0,0,0
Lapeer,,,,,,,,,,,
,Comprehensive Medication Services - EBP only,,H2010,,15 minutes,0.00,0.00,$0.00,0,0,0
,Crisis Intervention,,H2011,,15 Minutes,63.00,247.00,"$8,007.00",127,32,4
,Skill-Building and Out of Home Non Vocational Habilitation,,H2014,,15 minutes,66.00,"28,492.00","$101,912.00",1544,4,432
,Skill-Building and Out of Home Non Vocational Habilitation,,H2014,TT,15 Minutes,0.00,0.00,$0.00,0,0,0
,Community Living Supports (15 Minutes),,H2015,,15 Minutes,7.00,"3,845.00","$8,208.00",1173,2,549
,Community Living Supports (15 Minutes),,H2015,TT,15 Minutes,0.00,0.00,$0.00,0,0,0
,Community Living Supports (Daily),,H2016,,Per Diem,16.00,"2,651.00","$96,629.00",6039,36,166
,Community Living Supports (Daily),,H2016,TF,Per Diem,18.00,"3,101.00","$125,475.00",6971,40,172
,Community Living Supports (Daily),,H2016,TG,Per Diem,19.00,"3,660.00","$454,254.00",23908,124,193
,Behavior Services,,H2019,,15 Minutes,0.00,0.00,$0.00,0,0,0
,Behavior Services,,H2019,TT,15 Minutes,0.00,0.00,$0.00,0,0,0
,Crisis Intervention,,H2020,,Days,0.00,0.00,$0.00,0,0,0
,Wraparound,,H2021,,15 Minutes,0.00,0.00,$0.00,0,0,0
,Wraparound,,H2022,,Days,0.00,0.00,$0.00,0,0,0
,Supported Employment Services,,H2023,,15 minutes,7.00,42.00,$102.00,15,2,6
,Supported Employment Services,,H2023,TT,15 Minutes,0.00,0.00,$0.00,0,0,0
,Mental Health Therapy,,H2027,,15 Minutes,0.00,0.00,$0.00,0,0,0
,Clubhouse Psychosocial Rehabilitation Programs ,,H2030,,15 Minutes,46.00,"96,053.00","$511,841.00",11127,5,2088
,Home Based Services,,H2033,,15 Minutes,0.00,0.00,$0.00,0,0,0
,Substance Abuse: Outpatient Care,"0900, 0906, 0914, 0915, 0916, 0919",H2035,,Hour,0.00,0.00,$0.00,0,0,0
,Substance Abuse: Outpatient Care,"0900, 0906, 0914, 0915, 0916, 0919",H2036,,Per Diem,0.00,0.00,$0.00,0,0,0
,Medication Review ,,M0064,,"Encounter Face-to-Face, generally less than 10 minutes",0.00,0.00,$0.00,0,0,0
,Transportation,,S0209,,Per Mile,0.00,0.00,$0.00,0,0,0
,Transportation,,S0215,,Per Mile,0.00,0.00,$0.00,0,0,0
,Family Training - EBP,,S5110,,15 Minutes,7.00,152.00,"$4,577.00",654,30,22
,Family Training,,S5111,,Encounter,0.00,0.00,$0.00,0,0,0
,Family Training,,S5111,HA,Encounter,0.00,0.00,$0.00,0,0,0
,"Home Care Training, Non-Family (Children's Waiver)",,S5116,,Encounter,0.00,0.00,$0.00,0,0,0
,Chore Services,,S5120,,15 Minutes,0.00,0.00,$0.00,0,0,0
,Foster Care,,S5140,,Days,0.00,0.00,$0.00,0,0,0
,Foster Care,,S5145,,Days,0.00,0.00,$0.00,0,0,0
,Respite,,S5150,,15 Minutes,0.00,0.00,$0.00,0,0,0
,Respite,,S5151,,Per Diem,0.00,0.00,$0.00,0,0,0
,Personal Emergency Response System (PERS),,S5160,,Encounter,0.00,0.00,$0.00,0,0,0
,Personal Emergency Response System (PERS),,S5161,,Month,0.00,0.00,$0.00,0,0,0
,Environmental Modification ,,S5165,,Service,0.00,0.00,$0.00,0,0,0
,Enhanced Medical Equipment-Supplies,,S5199,,Items,0.00,0.00,$0.00,0,0,0
,Occupational or Physical Therapy,,S8990,,Encounter,0.00,0.00,$0.00,0,0,0
,Private Duty Nursing,0582,S9123,,Hour,0.00,0.00,$0.00,0,0,0
,Private Duty Nursing,,S9123,,Hour,0.00,0.00,$0.00,0,0,0
,Private Duty Nursing,,S9123,TT,Hour,0.00,0.00,$0.00,0,0,0
,Private Duty Nursing,0582,S9124,,Hour,0.00,0.00,$0.00,0,0,0
,Private Duty Nursing,,S9124,,Hour,0.00,0.00,$0.00,0,0,0
,Private Duty Nursing,,S9124,TT,Hour,0.00,0.00,$0.00,0,0,0
,Respite Care in the Home (RN) (Children's Waiver),,S9125,TD,Per Diem,0.00,0.00,$0.00,0,0,0
,Respite Care in the Home (LPN) (Children's Waiver),,S9125,TE,Per Diem,0.00,0.00,$0.00,0,0,0
,Health Services,,S9445,,Encounter,0.00,0.00,$0.00,0,0,0
,Health Services,,S9446,,Encounter,0.00,0.00,$0.00,0,0,0
Lapeer,,,,,,,,,,,
,Health Services,,S9470,,Encounter,0.00,0.00,$0.00,0,0,0
,Intensive Crisis Stabilization-Enrolled Program,,S9484,,Hour,0.00,0.00,$0.00,0,0,0
,Reidential Room and Board,,S9976,,Days,0.00,0.00,$0.00,0,0,0
,Private Duty Nursing,,T1000,,Up to 15 min,0.00,0.00,$0.00,0,0,0
,Private Duty Nursing,,T1000,TD,Up to 15 min,0.00,0.00,$0.00,0,0,0
,Private Duty Nursing,,T1000,TE,Up to 15 min,0.00,0.00,$0.00,0,0,0
,Assessment,,T1001,,Encounter,1.00,1.00,$78.00,78,78,1
,Health Services,,T1002,,Up to 15 min,28.00,277.00,"$44,937.00",1605,162,10
,Respite Care,,T1005,,15 Minutes,1.00,592.00,"$1,560.00",1560,3,592
,Respite Care,,T1005,TD,15 Minutes,0.00,0.00,$0.00,0,0,0
,Respite Care,,T1005,TE,15 Minutes,0.00,0.00,$0.00,0,0,0
,Substance Abuse: Recovery Support Services,"0900, 0906, 0914, 0915, 0916, 0919",T1012,,Encounter,0.00,0.00,$0.00,0,0,0
,Family Psycho-Education - EBP,,T1015,,Encounter,11.00,39.00,"$3,343.00",304,86,4
,Supports Coordination/Wrap Facilitation,,T1016,,15 minutes,224.00,"5,372.00","$547,344.00",2443,102,24
,Targeted Case Management ,,T1017,,15 minutes,1.00,3.00,$388.00,388,129,3
,Nursing Home Mental Health Monitoring,,T1017,SE,15 minutes,0.00,0.00,$0.00,0,0,0
,Personal Care in Licensed Specialized Residential Setting,,T1020,,Days,40.00,"8,776.00","$73,830.00",1846,8,219
,Personal Care in Licensed Specialized Residential Setting,,T1020,TF,Days,2.00,248.00,"$11,387.00",5693,46,124
,Personal Care in Licensed Specialized Residential Setting,,T1020,TG,Days,3.00,388.00,"$27,745.00",9248,72,129
,Assessments,,T1023,,Encounter,154.00,187.00,"$17,289.00",112,92,1
,Enhanced Medical Supplies or Pharmacy,,T1999,,Items,0.00,0.00,$0.00,0,0,0
,Transportation,,T2001,,Encounter,0.00,0.00,$0.00,0,0,0
,Transportation,,T2002,,Per Diem,1.00,95.00,"$3,691.00",3691,39,95
,Transportation,,T2003,,Encounter / Trip,0.00,0.00,$0.00,0,0,0
,Transportation,,T2004,,Encounter,0.00,0.00,$0.00,0,0,0
,Transportation,,T2005,,Encounter,0.00,0.00,$0.00,0,0,0
,Out of Home Prevocational Service,,T2015,,Hour,0.00,0.00,$0.00,0,0,0
,Targeted Case Management (Children's Waiver),,T2023,,Month,0.00,0.00,$0.00,0,0,0
,Fiscal Intermediary Services,,T2025,,Month,0.00,0.00,$0.00,0,0,0
,Enhanced Medical Equipment-Supplies,,T2028,,Items,0.00,0.00,$0.00,0,0,0
,Enhanced Medical Equipment-Supplies,,T2029,,Items,0.00,0.00,$0.00,0,0,0
,Crisis Intervention,,T2034,,Days,0.00,0.00,$0.00,0,0,0
,Respite Care,,T2036,,Encounter / Trip. Per session. One night = one session,1.00,6.00,"$1,627.00",1627,271,6
,Respite Care,,T2037,,Encounter / Trip  Per session. One day/partial day = one session,0.00,0.00,$0.00,0,0,0
,Housing Assistance,,T2038,,Month   Service,0.00,0.00,$0.00,0,0,0
,Enhanced Medical Equipment-Supplies,,T2039,,Items,0.00,0.00,$0.00,0,0,0
,Pharmacy (Drugs and Other Biologicals),,,,,0.00,0.00,$0.00,0,0,0
,Other,,,,,0.00,0.00,$0.00,0,0,0
,Aggregate for 'J' Codes,,ALL,,,0.00,0.00,$0.00,0,0,0
Lenawee,,,,,,,,,,,
,State Psychiatric Hospital - Inpatient PT22,"0100, 0101, 0114, 0124, 0134, 0154",,PT22,Days,6.00,809.00,"$375,767.00",62628,464,135
,State Mental Retardation Facility - Inpatient (ICF/MR) PT65,"0100, 0101, 0114, 0124, 0134, 0154",,PT65,Days,0.00,0.00,$0.00,0,0,0
,Local Psychiatric Hospital/IMD PT68,"0100, 0101, 0114, 0124, 0134, 0154",,PT68,Days,0.00,0.00,$0.00,0,0,0
,Local Psychiatric Hospital - Acute Community PT73,"0100, 0101, 0114, 0124, 0134, 0154",,PT73,Days,124.00,"1,138.00","$676,783.00",5458,595,9
,Inpatient Hospital Ancillary Services - Leave of Absence,0183,,,Days,0.00,0.00,$0.00,0,0,0
,Inpatient Hospital Ancillary Services - Pharmacy,"0250-0254, 0257-0258 ",,,,0.00,0.00,$0.00,0,0,0
,Inpatient Hospital Ancillary Services - Medical/Surgical Supplies and Devices,0270-0272,,,# of items,0.00,0.00,$0.00,0,0,0
,Inpatient Hospital Ancillary Services - Laboratory,"0300-0302, 0305-0307",,,# of tests,0.00,0.00,$0.00,0,0,0
,Inpatient Hospital Ancillary Services - Radiology,0320,,,# of tests,0.00,0.00,$0.00,0,0,0
,ECT Anesthesia,0370,,,,0.00,0.00,$0.00,0,0,0
,Inpatient Hospital Ancillary Services - Respiratory Services,0410,,,# of treatments,0.00,0.00,$0.00,0,0,0
,Inpatient Hospital Ancillary Services -Physical Therapy,0420-0424,,,# of treatments,0.00,0.00,$0.00,0,0,0
,Inpatient Hospital Ancillary Services - Occupational Therapy,0430-0434,,,# of treatments,0.00,0.00,$0.00,0,0,0
,Inpatient Hospital Ancillary Services - Speech-Language Pathology,0440-0444,,,# of treatments,0.00,0.00,$0.00,0,0,0
,Inpatient Hospital Ancillary Services - Emergency Room,0450,,,# of visits,0.00,0.00,$0.00,0,0,0
,Inpatient Hospital Ancillary Services - Pulmonary Function,0460,,,# of tests,0.00,0.00,$0.00,0,0,0
,Inpatient Hospital Ancillary Services - Audiology,0470-0472,,,# of tests,0.00,0.00,$0.00,0,0,0
,Inpatient Hospital Ancillary Services - Magnetic Resonance Technology (MRT),0610-0611,,,# of tests,0.00,0.00,$0.00,0,0,0
,Inpatient Hospital Ancillary Services - Pharmacy,0636,,,# of units,0.00,0.00,$0.00,0,0,0
,ECT Recovery Room,0701,,,,0.00,0.00,$0.00,0,0,0
,Inpatient Hospital Ancillary Services -EKG/ECG,0730-0731,,,# of tests,0.00,0.00,$0.00,0,0,0
,Inpatient Hospital Ancillary Services - EEG,0740,,,# of tests,0.00,0.00,$0.00,0,0,0
,Crisis Observation Care,0762,,,Hour,0.00,0.00,$0.00,0,0,0
,Additional Codes-ECT Facility Charge,0901,,,Encounter,0.00,0.00,$0.00,0,0,0
,Inpatient Hospital Ancillary Services - Psychiatric/Psychological Treatments/Services,"0900, 0902-0904, 0911, 0914-0919",,,# of visits,0.00,0.00,$0.00,0,0,0
,Outpatient Partial Hospitalization,0912,,,Days,0.00,0.00,$0.00,0,0,0
,Outpatient Partial Hospitalization,0913,,,Days,0.00,0.00,$0.00,0,0,0
,Inpatient Hospital Ancillary Services - Other Diagnosis Services,0925,,,# of tests,0.00,0.00,$0.00,0,0,0
,Inpatient Hospital Ancillary Services - Other Therapeutic Services,0940-0942,,,# of visits,0.00,0.00,$0.00,0,0,0
,Additional Codes-ECT Anesthesia,,00104,,Minutes,0.00,0.00,$0.00,0,0,0
,Drug Screen for Methadone Clients Only,,80100,,Per Screen,0.00,0.00,$0.00,0,0,0
,Drug Screen for Methadone Clients Only,,80101,,Per Screen,0.00,0.00,$0.00,0,0,0
,Alcohol Breath Test for Methadone Clients Only,,82075,,Per Test,0.00,0.00,$0.00,0,0,0
,Medication Administration,,90772,,Encounter,58.00,288.00,"$18,216.00",314,63,5
,Assessment-Psychiatric Assessment,,90801,,Encounter,252.00,257.00,"$72,829.00",289,283,1
,Substance Abuse: Psychiatric Evaluation,,90801,,Encounter,0.00,0.00,$0.00,0,0,0
,Assessment-Psychiatric Assessment,,90802,,Encounter,0.00,0.00,$0.00,0,0,0
,Substance Abuse: Psychiatric Evaluation,,90802,,Encounter,0.00,0.00,$0.00,0,0,0
,Therapy-Individual Therapy,,90804,,Encounter 20-30 Min,0.00,0.00,$0.00,0,0,0
,Substance Abuse: Outpatient Treatment,"0900, 0914, 0915, 0916, 0919",90804,,Encounter 20-30 Min,0.00,0.00,$0.00,0,0,0
Lenawee,,,,,,,,,,,
,Therapy-Individual Therapy,,90805,,Encounter 20-30 Min,0.00,0.00,$0.00,0,0,0
,Substance Abuse: Outpatient Treatment,"0900, 0914, 0915, 0916, 0919",90805,,Encounter 20-30 Min,0.00,0.00,$0.00,0,0,0
,Therapy-Individual Therapy,,90806,,Encounter 45-50 Min,67.00,298.00,"$21,213.00",317,71,4
,Substance Abuse: Outpatient Treatment,"0900, 0914, 0915, 0916, 0919",90806,,Encounter 45-50 Min,0.00,0.00,$0.00,0,0,0
,Therapy-Individual Therapy,,90807,,Encounter 45-50 Min,0.00,0.00,$0.00,0,0,0
,Substance Abuse: Outpatient Treatment,"0900, 0914, 0915, 0916, 0919",90807,,Encounter 45-50 Min,0.00,0.00,$0.00,0,0,0
,Therapy-Individual Therapy,,90808,,Encounter 75-80 Min,2.00,3.00,"$1,082.00",541,361,2
,Substance Abuse: Outpatient Treatment,"0900, 0914, 0915, 0916, 0919",90808,,Encounter 75-80 Min,0.00,0.00,$0.00,0,0,0
,Therapy-Individual Therapy,,90809,,Encounter 75-80 Min,0.00,0.00,$0.00,0,0,0
,Substance Abuse: Outpatient Treatment,"0900, 0914, 0915, 0916, 0919",90809,,Encounter 75-80 Min,0.00,0.00,$0.00,0,0,0
,Therapy-Individual Therapy,,90810,,Encounter 20-30 Min,0.00,0.00,$0.00,0,0,0
,Substance Abuse: Outpatient Treatment,"0900, 0914, 0915, 0916, 0919",90810,,Encounter 20-30 Min,0.00,0.00,$0.00,0,0,0
,Therapy-Individual Therapy,,90811,,Encounter 20-30 Min,0.00,0.00,$0.00,0,0,0
,Substance Abuse: Outpatient Treatment,"0900, 0914, 0915, 0916, 0919",90811,,Encounter 20-30 Min,0.00,0.00,$0.00,0,0,0
,Therapy-Individual Therapy,,90812,,Encounter 45-50 Min,0.00,0.00,$0.00,0,0,0
,Substance Abuse: Outpatient Treatment,"0900, 0914, 0915, 0916, 0919",90812,,Encounter 45-50 Min,0.00,0.00,$0.00,0,0,0
,Therapy-Individual Therapy,,90813,,Encounter 45-50 Min,0.00,0.00,$0.00,0,0,0
,Substance Abuse: Outpatient Treatment,"0900, 0914, 0915, 0916, 0919",90813,,Encounter 45-50 Min,0.00,0.00,$0.00,0,0,0
,Therapy-Individual Therapy,,90814,,Encounter 75-80 Min,0.00,0.00,$0.00,0,0,0
,Substance Abuse: Outpatient Treatment,"0900, 0914, 0915, 0916, 0919",90814,,Encounter 75-80 Min,0.00,0.00,$0.00,0,0,0
,Therapy-Individual Therapy,,90815,,Encounter 75-80 Min,0.00,0.00,$0.00,0,0,0
,Substance Abuse: Outpatient Treatment,"0900, 0914, 0915, 0916, 0919",90815,,Encounter 75-80 Min,0.00,0.00,$0.00,0,0,0
,Therapy-Individual Therapy,,90816,,Encounter 20-30 Min,0.00,0.00,$0.00,0,0,0
,Therapy-Individual Therapy,,90817,,Encounter 20-30 Min,0.00,0.00,$0.00,0,0,0
,Therapy-Individual Therapy,,90818,,Encounter 45-50 Min,0.00,0.00,$0.00,0,0,0
,Therapy-Individual Therapy,,90819,,Encounter 45-50 Min,0.00,0.00,$0.00,0,0,0
,Therapy-Individual Therapy,,90821,,Encounter 75-80 Min,0.00,0.00,$0.00,0,0,0
,Therapy-Individual Therapy,,90822,,Encounter 75-80 Min,0.00,0.00,$0.00,0,0,0
,Therapy-Individual Therapy,,90823,,Encounter 20-30 Min,0.00,0.00,$0.00,0,0,0
,Therapy-Individual Therapy,,90824,,Encounter 20-30 Min,0.00,0.00,$0.00,0,0,0
,Therapy-Individual Therapy,,90826,,Encounter 45-50 Min,0.00,0.00,$0.00,0,0,0
,Substance Abuse: Psychotherapy (Individual Therapy),,90826,,Encounter 45-50 Min,0.00,0.00,$0.00,0,0,0
,Therapy-Individual Therapy,,90827,,Encounter 45-50 Min,0.00,0.00,$0.00,0,0,0
,Therapy-Individual Therapy,,90828,,Encounter 75-80 Min,0.00,0.00,$0.00,0,0,0
,Therapy-Individual Therapy,,90829,,Encounter 75-80 Min,0.00,0.00,$0.00,0,0,0
,Therapy-Family Therapy,,90846,,Encounter,0.00,0.00,$0.00,0,0,0
,Therapy-Family Therapy,,90847,,Encounter,3.00,16.00,"$5,475.00",1825,342,5
,Substance Abuse: Outpatient Treatment,"0900, 0906, 0914, 0915, 0916, 0919",90847,,Encounter,0.00,0.00,$0.00,0,0,0
,Therapy-Family Therapy,,90849,,Encounter,0.00,0.00,$0.00,0,0,0
,Therapy-Family Therapy,,90849,HS,Encounter,0.00,0.00,$0.00,0,0,0
Lenawee,,,,,,,,,,,
,Therapy-Group Therapy,,90853,,Encounter,11.00,172.00,"$73,678.00",6698,428,16
,Substance Abuse: Outpatient Treatment,"0900, 0906, 0914, 0915, 0916, 0919",90853,,Encounter,0.00,0.00,$0.00,0,0,0
,Therapy-Group Therapy,,90857,,Encounter,0.00,0.00,$0.00,0,0,0
,Substance Abuse: Outpatient Treatment,"0900, 0906, 0914, 0915, 0916, 0919",90857,,Encounter,0.00,0.00,$0.00,0,0,0
,Medication Review ,,90862,,Encounter,833.00,"4,224.00","$407,405.00",489,96,5
,Substance Abuse: Medication Review,"0900, 0914, 0915, 0916, 0919",90862,,Encounter,0.00,0.00,$0.00,0,0,0
,Additional Codes-ECT Physician,,90870,,Encounter,0.00,0.00,$0.00,0,0,0
,Additional Codes-ECT Physician,0901,90870,,Encounter,0.00,0.00,$0.00,0,0,0
,Assessments-Other,,90887,,Encounter,0.00,0.00,$0.00,0,0,0
,Speech & Language Therapy ,,92506,,Encounter,0.00,0.00,$0.00,0,0,0
,Speech & Language Therapy ,,92507,,Encounter,0.00,0.00,$0.00,0,0,0
,Speech & Language Therapy ,,92508,,Encounter,0.00,0.00,$0.00,0,0,0
,Speech & Language Therapy ,,92526,,Encounter,0.00,0.00,$0.00,0,0,0
,Speech & Language Therapy ,,92610,,Encounter,0.00,0.00,$0.00,0,0,0
,Evaluation of Auditory Rehabilitation Status (Children's Waiver),,92626,,First Hour,0.00,0.00,$0.00,0,0,0
,Evaluation of Auditory Rehabiliation Status (Children's Waiver),,92627,,Each Additional 15 Minutes,0.00,0.00,$0.00,0,0,0
,Auditory Rehabilitation Preling Hearing Loss (Children's Waiver),,92630,,Encounter,0.00,0.00,$0.00,0,0,0
,Auditory Rehabilitation; Post-Lingual Hearing Loss (Children's Waiver),,92633,,Encounter,0.00,0.00,$0.00,0,0,0
,Psychological Testing PSYCH/PHYS ,,96101,,Per Hour,2.00,2.00,$301.00,151,151,1
,Psychological Testing by Technician ,,96102,,Per Hour,0.00,0.00,$0.00,0,0,0
,Psychological Testing by Comp ,,96103,,Per Hour,0.00,0.00,$0.00,0,0,0
,Assessments-Other,,96105,,Encounter,0.00,0.00,$0.00,0,0,0
,Assessments-Other,,96110,,Encounter,0.00,0.00,$0.00,0,0,0
,Assessments-Other,,96111,,Encounter,0.00,0.00,$0.00,0,0,0
,Neurobehavioral Status Exam (Children's Waiver),,96116,,Per Hour,0.00,0.00,$0.00,0,0,0
,Neuropsych test by Psych/Phys ,,96118,,Per Hour,0.00,0.00,$0.00,0,0,0
,Neuropsych test by Tech ,,96119,,Per Hour,0.00,0.00,$0.00,0,0,0
,Neuropsych test Admin w/Comp ,,96120,,Per Hour,0.00,0.00,$0.00,0,0,0
,Medication Administration,,96372,,Encounter,71.00,746.00,"$47,702.00",672,64,11
,Physical Therapy,,97001,,Encounter,0.00,0.00,$0.00,0,0,0
,Physical Therapy,,97002,,Encounter,0.00,0.00,$0.00,0,0,0
,Occupational Therapy,,97003,,Encounter,0.00,0.00,$0.00,0,0,0
,Occupational Therapy,,97004,,Encounter,0.00,0.00,$0.00,0,0,0
,Occupational or Physical Therapy,,97110,,15 Minutes,0.00,0.00,$0.00,0,0,0
,Occupational or Physical Therapy,,97112,,15 Minutes,0.00,0.00,$0.00,0,0,0
,Occupational or Physical Therapy,,97113,,15 Minutes,0.00,0.00,$0.00,0,0,0
,Occupational or Physical Therapy,,97116,,15 Minutes,0.00,0.00,$0.00,0,0,0
,Occupational or Physical Therapy,,97124,,15 Minutes,0.00,0.00,$0.00,0,0,0
,Occupational or Physical Therapy,,97140,,15 Minutes,0.00,0.00,$0.00,0,0,0
,Occupational or Physical Therapy,,97150,,Encounter,0.00,0.00,$0.00,0,0,0
,Occupational or Physical Therapy,,97530,,15 Minutes,0.00,0.00,$0.00,0,0,0
,Occupational or Physical Therapy,,97532,,15 Minutes,0.00,0.00,$0.00,0,0,0
,Occupational or Physical Therapy,,97533,,15 Minutes,0.00,0.00,$0.00,0,0,0
,Occupational or Physical Therapy,,97535,,15 Minutes,0.00,0.00,$0.00,0,0,0
,Occupational or Physical Therapy,,97537,,15 Minutes,0.00,0.00,$0.00,0,0,0
,Occupational or Physical Therapy,,97542,,15 Minutes,0.00,0.00,$0.00,0,0,0
,Occupational Therapy,,97703,,15 Minutes,0.00,0.00,$0.00,0,0,0
Lenawee,,,,,,,,,,,
,Occupational Therapy,,97750,,15 Minutes,0.00,0.00,$0.00,0,0,0
,Occupational Therapy,,97755,,15 Minutes,0.00,0.00,$0.00,0,0,0
,Occupational Therapy,,97760,,15 Minutes,0.00,0.00,$0.00,0,0,0
,C/O for Orthotic/Prosth Use ,,97762,,15 minutes,0.00,0.00,$0.00,0,0,0
,Assessment or Health Services,,97802,,15 Minutes,0.00,0.00,$0.00,0,0,0
,Assessment or Health Services,,97803,,15 Minutes,0.00,0.00,$0.00,0,0,0
,Health Services,,97804,,30 Minutes,0.00,0.00,$0.00,0,0,0
,Additional Codes-Physician Services,,99201,,Encounter,0.00,0.00,$0.00,0,0,0
,Additional Codes-Physician Services,,99202,,Encounter,0.00,0.00,$0.00,0,0,0
,Additional Codes-Physician Services,,99203,,Encounter,0.00,0.00,$0.00,0,0,0
,Additional Codes-Physician Services,,99204,,Encounter,0.00,0.00,$0.00,0,0,0
,Additional Codes-Physician Services,,99205,,Encounter,0.00,0.00,$0.00,0,0,0
,Additional Codes-Physician Services  Medication Administration,,99211,,Encounter,2.00,8.00,$443.00,222,55,4
,Additional Codes-Physician Services,,99212,,Encounter,0.00,0.00,$0.00,0,0,0
,Additional Codes-Physician Services,,99213,,Encounter,0.00,0.00,$0.00,0,0,0
,Additional Codes-Physician Services,,99214,,Encounter,0.00,0.00,$0.00,0,0,0
,Additional Codes-Physician Services,,99215,,Encounter,0.00,0.00,$0.00,0,0,0
,Additional Codes-Physician Services,,99221,,30 Minutes,1.00,1.00,$45.00,45,45,1
,Additional Codes-Physician Services,,99222,,50 Minutes,2.00,3.00,$225.00,113,75,2
,Additional Codes-Physician Services,,99223,,70 Minutes,0.00,0.00,$0.00,0,0,0
,Additional Codes-Physician Services,,99231,,15 Minutes,0.00,0.00,$0.00,0,0,0
,Additional Codes-Physician Services,,99232,,25 minutes,3.00,22.00,$990.00,330,45,7
,Additional Codes-Physician Services,,99233,,35 Minutes,0.00,0.00,$0.00,0,0,0
,Additional Codes-Physician Services,,99238,,30 Minutes or less,0.00,0.00,$0.00,0,0,0
,Additional Codes-Physician Services,,99241,,Encounter,0.00,0.00,$0.00,0,0,0
,Additional Codes-Physician Services,,99242,,Encounter,0.00,0.00,$0.00,0,0,0
,Additional Codes-Physician Services,,99243,,Encounter,0.00,0.00,$0.00,0,0,0
,Additional Codes-Physician Services,,99244,,Encounter,0.00,0.00,$0.00,0,0,0
,Additional Codes-Physician Services,,99245,,Encounter,0.00,0.00,$0.00,0,0,0
,Additional Codes-Physician Services,,99251,,Encounter,0.00,0.00,$0.00,0,0,0
,Additional Codes-Physician Services,,99252,,Encounter,0.00,0.00,$0.00,0,0,0
,Additional Codes-Physician Services,,99253,,Encounter,0.00,0.00,$0.00,0,0,0
,Additional Codes-Physician Services,,99254,,Encounter,0.00,0.00,$0.00,0,0,0
,Additional Codes-Physician Services,,99255,,Encounter,0.00,0.00,$0.00,0,0,0
,Additional Codes-Physician Services,,99261,,Encounter,0.00,0.00,$0.00,0,0,0
,Additional Codes-Physician Services,,99262,,Encounter,0.00,0.00,$0.00,0,0,0
,Additional Codes-Physician Services,,99263,,Encounter,0.00,0.00,$0.00,0,0,0
,Additional Codes-Physician Services,,99271,,Encounter,0.00,0.00,$0.00,0,0,0
,Additional Codes-Physician Services,,99272,,Encounter,0.00,0.00,$0.00,0,0,0
,Additional Codes-Physician Services,,99273,,Encounter,0.00,0.00,$0.00,0,0,0
,Additional Codes-Physician Services,,99274,,Encounter,0.00,0.00,$0.00,0,0,0
,Additional Codes-Physician Services,,99275,,Encounter,0.00,0.00,$0.00,0,0,0
,Medication Administration,,99605,,Encounter,0.00,0.00,$0.00,0,0,0
,Transportation,,A0080,,Per mile,0.00,0.00,$0.00,0,0,0
,Transportation,,A0090,,Per mile,0.00,0.00,$0.00,0,0,0
,Transportation,,A0100,,Per one-way trip,0.00,0.00,$0.00,0,0,0
,Transportation,,A0110,,Per one-way trip,0.00,0.00,$0.00,0,0,0
,Transportation,,A0120,,Per one-way trip,0.00,0.00,$0.00,0,0,0
,Transportation,,A0130,,Per one-way trip,0.00,0.00,$0.00,0,0,0
,Transportation,,A0140,,Per one-way trip,0.00,0.00,$0.00,0,0,0
Lenawee,,,,,,,,,,,
,Transportation,,A0170,,,0.00,0.00,$0.00,0,0,0
,Additional Codes-Transportation,,A0425,,Per Mile,0.00,0.00,$0.00,0,0,0
,Additional Codes-Transportation,,A0427,,Refer to code descriptions.,0.00,0.00,$0.00,0,0,0
,Additional codes - Transportation,,A0428,,,0.00,0.00,$0.00,0,0,0
,Repair or Non-Routine Service for DME (Children's Waiver),,E1340,,15 Minutes,0.00,0.00,$0.00,0,0,0
,Enhanced Medical Equipment-Supplies,,E1399,,Items,0.00,0.00,$0.00,0,0,0
,Activity Therapy (Children's Waiver),,G0176,,Encounter,0.00,0.00,$0.00,0,0,0
,Family Training/Support EBP only,,G0177,,Encounter Session at least 45 min,0.00,0.00,$0.00,0,0,0
,Substance Abuse: Individual Assessment,,H0001,,Encounter,0.00,0.00,$0.00,0,0,0
,Assessment ,,H0002,,Encounter,0.00,0.00,$0.00,0,0,0
,Substance Abuse: Individual Assessment,,H0002,,Encounter,0.00,0.00,$0.00,0,0,0
,Substance Abuse:Laboratory,,H0003,,Encounter,0.00,0.00,$0.00,0,0,0
,Substance Abuse: Outpatient Treatment,"0900, 0906, 0914, 0915, 0916, 0919",H0004,,15 Minutes,0.00,0.00,$0.00,0,0,0
,Substance Abuse: Outpatient Treatment,"0900, 0906, 0914, 0915, 0916, 0919",H0005,,Encounter,0.00,0.00,$0.00,0,0,0
,Substance Abuse: Case Management,,H0006,,Encounter,0.00,0.00,$0.00,0,0,0
,Substance Abuse: Sub-Acute Detoxification,1002,H0010,,Days,0.00,0.00,$0.00,0,0,0
,Substance Abuse: Sub-Acute Detoxification,1002,H0012,,Days,0.00,0.00,$0.00,0,0,0
,Substance Abuse: Sub-Acute Detoxification,1002,H0014,,Days,0.00,0.00,$0.00,0,0,0
,Substance Abuse: Outpatient Care,"0900, 0906, 0914, 0915, 0916, 0919",H0015,,Days,0.00,0.00,$0.00,0,0,0
,Crisis Residential Services,,H0018,,Days,0.00,0.00,$0.00,0,0,0
,Substance Abuse: Residential,1002,H0018,,Days,0.00,0.00,$0.00,0,0,0
,Substance Abuse: Residential,1002,H0019,,Days,0.00,0.00,$0.00,0,0,0
,Substance Abuse: Methadone,,H0020,,Encounter,0.00,0.00,$0.00,0,0,0
,Substance Abuse: Early Intervention,,H0022,,Encounter,0.00,0.00,$0.00,0,0,0
,Peer Directed and Operated Support Services,,H0023,,Encounter,28.00,"3,431.00","$52,083.00",1860,15,123
,Prevention Services - Direct Model,,H0025,,Face to Face Contact,2.00,18.00,"$6,087.00",3044,338,9
,Crisis Intervention,,H0030,,Per Service,0.00,0.00,$0.00,0,0,0
,Assessment ,,H0031,,Encounter,916.00,"1,938.00","$265,161.00",289,137,2
,Substance Abuse: Assessment,,H0031,,Encounter,0.00,0.00,$0.00,0,0,0
,Treatment Planning,,H0032,,Encounter,262.00,272.00,"$19,477.00",74,72,1
,Monitoring of Treatment - Clinician,,H0032,TS,Encounter,15.00,170.00,"$12,740.00",849,75,11
,Substance Abuse: Pharmalogical Support - Suboxane,,H0033,,Direct Observation Encounter,0.00,0.00,$0.00,0,0,0
,Health Services,,H0034,,15 Minutes,0.00,0.00,$0.00,0,0,0
,Home Based Services,,H0036,,15 Minutes,0.00,0.00,$0.00,0,0,0
,Home Based Services,,H0036,ST,15 Minutes,0.00,0.00,$0.00,0,0,0
,Community Psychiatric Supportive Treatment ,,H0037,,Per diem,0.00,0.00,$0.00,0,0,0
,Peer Directed and Operated Support Services,,H0038,,15 minutes,1.00,20.00,"$1,108.00",1108,55,20
,Peer Directed and Operated Support Services,,NA,,,0.00,0.00,$0.00,0,0,0
,Assertive Community Treatment (ACT),,H0039,,15 Minutes,0.00,0.00,$0.00,0,0,0
,Community Living Supports in Independent living/own home,,H0043,,Per diem,0.00,0.00,$0.00,0,0,0
,Community Living Supports in Independent living/own home,,H0043,TT,Per diem,0.00,0.00,$0.00,0,0,0
,Respite,,H0045,,Days,0.00,0.00,$0.00,0,0,0
,Respite (Children's Waiver),,H0045,TD,Per Diem,0.00,0.00,$0.00,0,0,0
,Respite (Children's Waiver),,H0045,TE,Per Diem,0.00,0.00,$0.00,0,0,0
,Substance Abuse:Laboratory (cells now unlocked),,H0048,,Encounter,0.00,0.00,$0.00,0,0,0
,Substance Abuse: Individual Assessment,,H0049,,Encounter,0.00,0.00,$0.00,0,0,0
,Behavior Treatment Plan Review,,H2000,,Encounter,99.00,129.00,"$72,527.00",733,562,1
,Behavior Treatment Plan Review - Monitoring Activities,,H2000,TS,Encounter,0.00,0.00,$0.00,0,0,0
Lenawee,,,,,,,,,,,
,Comprehensive Medication Services - EBP only,,H2010,,15 minutes,0.00,0.00,$0.00,0,0,0
,Crisis Intervention,,H2011,,15 Minutes,186.00,501.00,"$18,877.00",101,38,3
,Skill-Building and Out of Home Non Vocational Habilitation,,H2014,,15 minutes,0.00,0.00,$0.00,0,0,0
,Skill-Building and Out of Home Non Vocational Habilitation,,H2014,TT,15 Minutes,45.00,"57,289.00","$149,923.00",3332,3,1273
,Community Living Supports (15 Minutes),,H2015,,15 Minutes,47.00,"78,358.00","$258,250.00",5495,3,1667
,Community Living Supports (15 Minutes),,H2015,TT,15 Minutes,28.00,"190,390.00","$372,084.00",13289,2,6800
,Community Living Supports (Daily),,H2016,,Per Diem,1.00,365.00,"$7,986.00",7986,22,365
,Community Living Supports (Daily),,H2016,TF,Per Diem,3.00,977.00,"$55,262.00",18421,57,326
,Community Living Supports (Daily),,H2016,TG,Per Diem,26.00,"5,443.00","$647,360.00",24898,119,209
,Behavior Services,,H2019,,15 Minutes,0.00,0.00,$0.00,0,0,0
,Behavior Services,,H2019,TT,15 Minutes,0.00,0.00,$0.00,0,0,0
,Crisis Intervention,,H2020,,Days,0.00,0.00,$0.00,0,0,0
,Wraparound,,H2021,,15 Minutes,1.00,9.00,"$1,745.00",1745,194,9
,Wraparound,,H2022,,Days,0.00,0.00,$0.00,0,0,0
,Supported Employment Services,,H2023,,15 minutes,0.00,0.00,$0.00,0,0,0
,Supported Employment Services,,H2023,TT,15 Minutes,0.00,0.00,$0.00,0,0,0
,Mental Health Therapy,,H2027,,15 Minutes,0.00,0.00,$0.00,0,0,0
,Clubhouse Psychosocial Rehabilitation Programs ,,H2030,,15 Minutes,53.00,"38,502.00","$302,164.00",5701,8,726
,Home Based Services,,H2033,,15 Minutes,0.00,0.00,$0.00,0,0,0
,Substance Abuse: Outpatient Care,"0900, 0906, 0914, 0915, 0916, 0919",H2035,,Hour,0.00,0.00,$0.00,0,0,0
,Substance Abuse: Outpatient Care,"0900, 0906, 0914, 0915, 0916, 0919",H2036,,Per Diem,0.00,0.00,$0.00,0,0,0
,Medication Review ,,M0064,,"Encounter Face-to-Face, generally less than 10 minutes",0.00,0.00,$0.00,0,0,0
,Transportation,,S0209,,Per Mile,0.00,0.00,$0.00,0,0,0
,Transportation,,S0215,,Per Mile,0.00,0.00,$0.00,0,0,0
,Family Training - EBP,,S5110,,15 Minutes,0.00,0.00,$0.00,0,0,0
,Family Training,,S5111,,Encounter,0.00,0.00,$0.00,0,0,0
,Family Training,,S5111,HA,Encounter,0.00,0.00,$0.00,0,0,0
,"Home Care Training, Non-Family (Children's Waiver)",,S5116,,Encounter,0.00,0.00,$0.00,0,0,0
,Chore Services,,S5120,,15 Minutes,0.00,0.00,$0.00,0,0,0
,Foster Care,,S5140,,Days,0.00,0.00,$0.00,0,0,0
,Foster Care,,S5145,,Days,0.00,0.00,$0.00,0,0,0
,Respite,,S5150,,15 Minutes,0.00,0.00,$0.00,0,0,0
,Respite,,S5151,,Per Diem,0.00,0.00,$0.00,0,0,0
,Personal Emergency Response System (PERS),,S5160,,Encounter,5.00,5.00,"$3,280.00",656,656,1
,Personal Emergency Response System (PERS),,S5161,,Month,8.00,59.00,"$44,717.00",5590,758,7
,Environmental Modification ,,S5165,,Service,0.00,0.00,$0.00,0,0,0
,Enhanced Medical Equipment-Supplies,,S5199,,Items,0.00,0.00,$0.00,0,0,0
,Occupational or Physical Therapy,,S8990,,Encounter,0.00,0.00,$0.00,0,0,0
,Private Duty Nursing,0582,S9123,,Hour,0.00,0.00,$0.00,0,0,0
,Private Duty Nursing,,S9123,,Hour,0.00,0.00,$0.00,0,0,0
,Private Duty Nursing,,S9123,TT,Hour,0.00,0.00,$0.00,0,0,0
,Private Duty Nursing,0582,S9124,,Hour,0.00,0.00,$0.00,0,0,0
,Private Duty Nursing,,S9124,,Hour,0.00,0.00,$0.00,0,0,0
,Private Duty Nursing,,S9124,TT,Hour,0.00,0.00,$0.00,0,0,0
,Respite Care in the Home (RN) (Children's Waiver),,S9125,TD,Per Diem,0.00,0.00,$0.00,0,0,0
,Respite Care in the Home (LPN) (Children's Waiver),,S9125,TE,Per Diem,0.00,0.00,$0.00,0,0,0
,Health Services,,S9445,,Encounter,0.00,0.00,$0.00,0,0,0
,Health Services,,S9446,,Encounter,0.00,0.00,$0.00,0,0,0
Lenawee,,,,,,,,,,,
,Health Services,,S9470,,Encounter,0.00,0.00,$0.00,0,0,0
,Intensive Crisis Stabilization-Enrolled Program,,S9484,,Hour,0.00,0.00,$0.00,0,0,0
,Reidential Room and Board,,S9976,,Days,0.00,0.00,$0.00,0,0,0
,Private Duty Nursing,,T1000,,Up to 15 min,0.00,0.00,$0.00,0,0,0
,Private Duty Nursing,,T1000,TD,Up to 15 min,0.00,0.00,$0.00,0,0,0
,Private Duty Nursing,,T1000,TE,Up to 15 min,0.00,0.00,$0.00,0,0,0
,Assessment,,T1001,,Encounter,28.00,29.00,"$31,782.00",1135,1096,1
,Health Services,,T1002,,Up to 15 min,522.00,"1,684.00","$111,299.00",213,66,3
,Respite Care,,T1005,,15 Minutes,2.00,362.00,"$1,484.00",742,4,181
,Respite Care,,T1005,TD,15 Minutes,0.00,0.00,$0.00,0,0,0
,Respite Care,,T1005,TE,15 Minutes,0.00,0.00,$0.00,0,0,0
,Substance Abuse: Recovery Support Services,"0900, 0906, 0914, 0915, 0916, 0919",T1012,,Encounter,0.00,0.00,$0.00,0,0,0
,Family Psycho-Education - EBP,,T1015,,Encounter,0.00,0.00,$0.00,0,0,0
,Supports Coordination/Wrap Facilitation,,T1016,,15 minutes,259.00,856.00,"$61,866.00",239,72,3
,Targeted Case Management ,,T1017,,15 minutes,369.00,"12,937.00","$807,689.00",2189,62,35
,Nursing Home Mental Health Monitoring,,T1017,SE,15 minutes,28.00,"2,105.00","$52,625.00",1879,25,75
,Personal Care in Licensed Specialized Residential Setting,,T1020,,Days,22.00,"3,933.00","$68,933.00",3133,18,179
,Personal Care in Licensed Specialized Residential Setting,,T1020,TF,Days,7.00,"1,658.00","$85,022.00",12146,51,237
,Personal Care in Licensed Specialized Residential Setting,,T1020,TG,Days,1.00,356.00,"$38,509.00",38509,108,356
,Assessments,,T1023,,Encounter,220.00,280.00,"$126,603.00",575,452,1
,Enhanced Medical Supplies or Pharmacy,,T1999,,Items,0.00,0.00,$0.00,0,0,0
,Transportation,,T2001,,Encounter,0.00,0.00,$0.00,0,0,0
,Transportation,,T2002,,Per Diem,0.00,0.00,$0.00,0,0,0
,Transportation,,T2003,,Encounter / Trip,0.00,0.00,$0.00,0,0,0
,Transportation,,T2004,,Encounter,0.00,0.00,$0.00,0,0,0
,Transportation,,T2005,,Encounter,0.00,0.00,$0.00,0,0,0
,Out of Home Prevocational Service,,T2015,,Hour,0.00,0.00,$0.00,0,0,0
,Targeted Case Management (Children's Waiver),,T2023,,Month,0.00,0.00,$0.00,0,0,0
,Fiscal Intermediary Services,,T2025,,Month,0.00,0.00,$0.00,0,0,0
,Enhanced Medical Equipment-Supplies,,T2028,,Items,0.00,0.00,$0.00,0,0,0
,Enhanced Medical Equipment-Supplies,,T2029,,Items,0.00,0.00,$0.00,0,0,0
,Crisis Intervention,,T2034,,Days,0.00,0.00,$0.00,0,0,0
,Respite Care,,T2036,,Encounter / Trip. Per session. One night = one session,0.00,0.00,$0.00,0,0,0
,Respite Care,,T2037,,Encounter / Trip  Per session. One day/partial day = one session,0.00,0.00,$0.00,0,0,0
,Housing Assistance,,T2038,,Month   Service,0.00,0.00,$0.00,0,0,0
,Enhanced Medical Equipment-Supplies,,T2039,,Items,0.00,0.00,$0.00,0,0,0
,Pharmacy (Drugs and Other Biologicals),,,,,0.00,0.00,$0.00,0,0,0
,Other,,,,,0.00,0.00,$0.00,0,0,0
,Aggregate for 'J' Codes,,ALL,,,0.00,0.00,$0.00,0,0,0
Lifeways,,,,,,,,,,,
,State Psychiatric Hospital - Inpatient PT22,"0100, 0101, 0114, 0124, 0134, 0154",,PT22,Days,0.00,0.00,$0.00,0,0,0
,State Mental Retardation Facility - Inpatient (ICF/MR) PT65,"0100, 0101, 0114, 0124, 0134, 0154",,PT65,Days,0.00,0.00,$0.00,0,0,0
,Local Psychiatric Hospital/IMD PT68,"0100, 0101, 0114, 0124, 0134, 0154",,PT68,Days,587.00,"6,444.00","$2,862,087.00",4876,444,11
,Local Psychiatric Hospital - Acute Community PT73,"0100, 0101, 0114, 0124, 0134, 0154",,PT73,Days,0.00,0.00,$0.00,0,0,0
,Inpatient Hospital Ancillary Services - Leave of Absence,0183,,,Days,0.00,0.00,$0.00,0,0,0
,Inpatient Hospital Ancillary Services - Pharmacy,"0250-0254, 0257-0258 ",,,,0.00,0.00,$0.00,0,0,0
,Inpatient Hospital Ancillary Services - Medical/Surgical Supplies and Devices,0270-0272,,,# of items,0.00,0.00,$0.00,0,0,0
,Inpatient Hospital Ancillary Services - Laboratory,"0300-0302, 0305-0307",,,# of tests,0.00,0.00,$0.00,0,0,0
,Inpatient Hospital Ancillary Services - Radiology,0320,,,# of tests,0.00,0.00,$0.00,0,0,0
,ECT Anesthesia,0370,,,,0.00,0.00,$0.00,0,0,0
,Inpatient Hospital Ancillary Services - Respiratory Services,0410,,,# of treatments,0.00,0.00,$0.00,0,0,0
,Inpatient Hospital Ancillary Services -Physical Therapy,0420-0424,,,# of treatments,0.00,0.00,$0.00,0,0,0
,Inpatient Hospital Ancillary Services - Occupational Therapy,0430-0434,,,# of treatments,0.00,0.00,$0.00,0,0,0
,Inpatient Hospital Ancillary Services - Speech-Language Pathology,0440-0444,,,# of treatments,0.00,0.00,$0.00,0,0,0
,Inpatient Hospital Ancillary Services - Emergency Room,0450,,,# of visits,0.00,0.00,$0.00,0,0,0
,Inpatient Hospital Ancillary Services - Pulmonary Function,0460,,,# of tests,0.00,0.00,$0.00,0,0,0
,Inpatient Hospital Ancillary Services - Audiology,0470-0472,,,# of tests,0.00,0.00,$0.00,0,0,0
,Inpatient Hospital Ancillary Services - Magnetic Resonance Technology (MRT),0610-0611,,,# of tests,0.00,0.00,$0.00,0,0,0
,Inpatient Hospital Ancillary Services - Pharmacy,0636,,,# of units,0.00,0.00,$0.00,0,0,0
,ECT Recovery Room,0701,,,,0.00,0.00,$0.00,0,0,0
,Inpatient Hospital Ancillary Services -EKG/ECG,0730-0731,,,# of tests,0.00,0.00,$0.00,0,0,0
,Inpatient Hospital Ancillary Services - EEG,0740,,,# of tests,0.00,0.00,$0.00,0,0,0
,Crisis Observation Care,0762,,,Hour,0.00,0.00,$0.00,0,0,0
,Additional Codes-ECT Facility Charge,0901,,,Encounter,0.00,0.00,$0.00,0,0,0
,Inpatient Hospital Ancillary Services - Psychiatric/Psychological Treatments/Services,"0900, 0902-0904, 0911, 0914-0919",,,# of visits,0.00,0.00,$0.00,0,0,0
,Outpatient Partial Hospitalization,0912,,,Days,50.00,360.00,"$110,060.00",2201,306,7
,Outpatient Partial Hospitalization,0913,,,Days,0.00,0.00,$0.00,0,0,0
,Inpatient Hospital Ancillary Services - Other Diagnosis Services,0925,,,# of tests,0.00,0.00,$0.00,0,0,0
,Inpatient Hospital Ancillary Services - Other Therapeutic Services,0940-0942,,,# of visits,0.00,0.00,$0.00,0,0,0
,Additional Codes-ECT Anesthesia,,00104,,Minutes,0.00,0.00,$0.00,0,0,0
,Drug Screen for Methadone Clients Only,,80100,,Per Screen,0.00,0.00,$0.00,0,0,0
,Drug Screen for Methadone Clients Only,,80101,,Per Screen,0.00,0.00,$0.00,0,0,0
,Alcohol Breath Test for Methadone Clients Only,,82075,,Per Test,0.00,0.00,$0.00,0,0,0
,Medication Administration,,90772,,Encounter,72.00,731.00,"$16,372.00",227,22,10
,Assessment-Psychiatric Assessment,,90801,,Encounter,"1,117.00","1,150.00","$123,199.00",110,107,1
,Substance Abuse: Psychiatric Evaluation,,90801,,Encounter,0.00,0.00,$0.00,0,0,0
,Assessment-Psychiatric Assessment,,90802,,Encounter,0.00,0.00,$0.00,0,0,0
,Substance Abuse: Psychiatric Evaluation,,90802,,Encounter,0.00,0.00,$0.00,0,0,0
,Therapy-Individual Therapy,,90804,,Encounter 20-30 Min,318.00,428.00,"$23,051.00",72,54,1
,Substance Abuse: Outpatient Treatment,"0900, 0914, 0915, 0916, 0919",90804,,Encounter 20-30 Min,0.00,0.00,$0.00,0,0,0
Lifeways,,,,,,,,,,,
,Therapy-Individual Therapy,,90805,,Encounter 20-30 Min,0.00,0.00,$0.00,0,0,0
,Substance Abuse: Outpatient Treatment,"0900, 0914, 0915, 0916, 0919",90805,,Encounter 20-30 Min,0.00,0.00,$0.00,0,0,0
,Therapy-Individual Therapy,,90806,,Encounter 45-50 Min,"1,069.00","6,223.00","$467,829.00",438,75,6
,Substance Abuse: Outpatient Treatment,"0900, 0914, 0915, 0916, 0919",90806,,Encounter 45-50 Min,0.00,0.00,$0.00,0,0,0
,Therapy-Individual Therapy,,90807,,Encounter 45-50 Min,0.00,0.00,$0.00,0,0,0
,Substance Abuse: Outpatient Treatment,"0900, 0914, 0915, 0916, 0919",90807,,Encounter 45-50 Min,0.00,0.00,$0.00,0,0,0
,Therapy-Individual Therapy,,90808,,Encounter 75-80 Min,0.00,0.00,$0.00,0,0,0
,Substance Abuse: Outpatient Treatment,"0900, 0914, 0915, 0916, 0919",90808,,Encounter 75-80 Min,0.00,0.00,$0.00,0,0,0
,Therapy-Individual Therapy,,90809,,Encounter 75-80 Min,0.00,0.00,$0.00,0,0,0
,Substance Abuse: Outpatient Treatment,"0900, 0914, 0915, 0916, 0919",90809,,Encounter 75-80 Min,0.00,0.00,$0.00,0,0,0
,Therapy-Individual Therapy,,90810,,Encounter 20-30 Min,0.00,0.00,$0.00,0,0,0
,Substance Abuse: Outpatient Treatment,"0900, 0914, 0915, 0916, 0919",90810,,Encounter 20-30 Min,0.00,0.00,$0.00,0,0,0
,Therapy-Individual Therapy,,90811,,Encounter 20-30 Min,0.00,0.00,$0.00,0,0,0
,Substance Abuse: Outpatient Treatment,"0900, 0914, 0915, 0916, 0919",90811,,Encounter 20-30 Min,0.00,0.00,$0.00,0,0,0
,Therapy-Individual Therapy,,90812,,Encounter 45-50 Min,0.00,0.00,$0.00,0,0,0
,Substance Abuse: Outpatient Treatment,"0900, 0914, 0915, 0916, 0919",90812,,Encounter 45-50 Min,0.00,0.00,$0.00,0,0,0
,Therapy-Individual Therapy,,90813,,Encounter 45-50 Min,0.00,0.00,$0.00,0,0,0
,Substance Abuse: Outpatient Treatment,"0900, 0914, 0915, 0916, 0919",90813,,Encounter 45-50 Min,0.00,0.00,$0.00,0,0,0
,Therapy-Individual Therapy,,90814,,Encounter 75-80 Min,0.00,0.00,$0.00,0,0,0
,Substance Abuse: Outpatient Treatment,"0900, 0914, 0915, 0916, 0919",90814,,Encounter 75-80 Min,0.00,0.00,$0.00,0,0,0
,Therapy-Individual Therapy,,90815,,Encounter 75-80 Min,0.00,0.00,$0.00,0,0,0
,Substance Abuse: Outpatient Treatment,"0900, 0914, 0915, 0916, 0919",90815,,Encounter 75-80 Min,0.00,0.00,$0.00,0,0,0
,Therapy-Individual Therapy,,90816,,Encounter 20-30 Min,1.00,1.00,$77.00,77,77,1
,Therapy-Individual Therapy,,90817,,Encounter 20-30 Min,0.00,0.00,$0.00,0,0,0
,Therapy-Individual Therapy,,90818,,Encounter 45-50 Min,1.00,30.00,"$4,522.00",4522,151,30
,Therapy-Individual Therapy,,90819,,Encounter 45-50 Min,0.00,0.00,$0.00,0,0,0
,Therapy-Individual Therapy,,90821,,Encounter 75-80 Min,0.00,0.00,$0.00,0,0,0
,Therapy-Individual Therapy,,90822,,Encounter 75-80 Min,0.00,0.00,$0.00,0,0,0
,Therapy-Individual Therapy,,90823,,Encounter 20-30 Min,0.00,0.00,$0.00,0,0,0
,Therapy-Individual Therapy,,90824,,Encounter 20-30 Min,0.00,0.00,$0.00,0,0,0
,Therapy-Individual Therapy,,90826,,Encounter 45-50 Min,0.00,0.00,$0.00,0,0,0
,Substance Abuse: Psychotherapy (Individual Therapy),,90826,,Encounter 45-50 Min,0.00,0.00,$0.00,0,0,0
,Therapy-Individual Therapy,,90827,,Encounter 45-50 Min,0.00,0.00,$0.00,0,0,0
,Therapy-Individual Therapy,,90828,,Encounter 75-80 Min,0.00,0.00,$0.00,0,0,0
,Therapy-Individual Therapy,,90829,,Encounter 75-80 Min,0.00,0.00,$0.00,0,0,0
,Therapy-Family Therapy,,90846,,Encounter,0.00,0.00,$0.00,0,0,0
,Therapy-Family Therapy,,90847,,Encounter,5.00,6.00,$371.00,74,62,1
,Substance Abuse: Outpatient Treatment,"0900, 0906, 0914, 0915, 0916, 0919",90847,,Encounter,0.00,0.00,$0.00,0,0,0
,Therapy-Family Therapy,,90849,,Encounter,0.00,0.00,$0.00,0,0,0
,Therapy-Family Therapy,,90849,HS,Encounter,0.00,0.00,$0.00,0,0,0
Lifeways,,,,,,,,,,,
,Therapy-Group Therapy,,90853,,Encounter,95.00,965.00,"$36,747.00",387,38,10
,Substance Abuse: Outpatient Treatment,"0900, 0906, 0914, 0915, 0916, 0919",90853,,Encounter,0.00,0.00,$0.00,0,0,0
,Therapy-Group Therapy,,90857,,Encounter,0.00,0.00,$0.00,0,0,0
,Substance Abuse: Outpatient Treatment,"0900, 0906, 0914, 0915, 0916, 0919",90857,,Encounter,0.00,0.00,$0.00,0,0,0
,Medication Review ,,90862,,Encounter,"1,937.00","8,594.00","$742,402.00",383,86,4
,Substance Abuse: Medication Review,"0900, 0914, 0915, 0916, 0919",90862,,Encounter,0.00,0.00,$0.00,0,0,0
,Additional Codes-ECT Physician,,90870,,Encounter,0.00,0.00,$0.00,0,0,0
,Additional Codes-ECT Physician,0901,90870,,Encounter,0.00,0.00,$0.00,0,0,0
,Assessments-Other,,90887,,Encounter,0.00,0.00,$0.00,0,0,0
,Speech & Language Therapy ,,92506,,Encounter,0.00,0.00,$0.00,0,0,0
,Speech & Language Therapy ,,92507,,Encounter,0.00,0.00,$0.00,0,0,0
,Speech & Language Therapy ,,92508,,Encounter,0.00,0.00,$0.00,0,0,0
,Speech & Language Therapy ,,92526,,Encounter,0.00,0.00,$0.00,0,0,0
,Speech & Language Therapy ,,92610,,Encounter,0.00,0.00,$0.00,0,0,0
,Evaluation of Auditory Rehabilitation Status (Children's Waiver),,92626,,First Hour,0.00,0.00,$0.00,0,0,0
,Evaluation of Auditory Rehabiliation Status (Children's Waiver),,92627,,Each Additional 15 Minutes,0.00,0.00,$0.00,0,0,0
,Auditory Rehabilitation Preling Hearing Loss (Children's Waiver),,92630,,Encounter,0.00,0.00,$0.00,0,0,0
,Auditory Rehabilitation; Post-Lingual Hearing Loss (Children's Waiver),,92633,,Encounter,0.00,0.00,$0.00,0,0,0
,Psychological Testing PSYCH/PHYS ,,96101,,Per Hour,1.00,5.00,$770.00,770,154,5
,Psychological Testing by Technician ,,96102,,Per Hour,8.00,25.00,"$2,185.00",273,87,3
,Psychological Testing by Comp ,,96103,,Per Hour,0.00,0.00,$0.00,0,0,0
,Assessments-Other,,96105,,Encounter,0.00,0.00,$0.00,0,0,0
,Assessments-Other,,96110,,Encounter,0.00,0.00,$0.00,0,0,0
,Assessments-Other,,96111,,Encounter,0.00,0.00,$0.00,0,0,0
,Neurobehavioral Status Exam (Children's Waiver),,96116,,Per Hour,0.00,0.00,$0.00,0,0,0
,Neuropsych test by Psych/Phys ,,96118,,Per Hour,0.00,0.00,$0.00,0,0,0
,Neuropsych test by Tech ,,96119,,Per Hour,0.00,0.00,$0.00,0,0,0
,Neuropsych test Admin w/Comp ,,96120,,Per Hour,0.00,0.00,$0.00,0,0,0
,Medication Administration,,96372,,Encounter,64.00,303.00,"$6,947.00",109,23,5
,Physical Therapy,,97001,,Encounter,0.00,0.00,$0.00,0,0,0
,Physical Therapy,,97002,,Encounter,0.00,0.00,$0.00,0,0,0
,Occupational Therapy,,97003,,Encounter,5.00,5.00,$934.00,187,187,1
,Occupational Therapy,,97004,,Encounter,0.00,0.00,$0.00,0,0,0
,Occupational or Physical Therapy,,97110,,15 Minutes,0.00,0.00,$0.00,0,0,0
,Occupational or Physical Therapy,,97112,,15 Minutes,0.00,0.00,$0.00,0,0,0
,Occupational or Physical Therapy,,97113,,15 Minutes,0.00,0.00,$0.00,0,0,0
,Occupational or Physical Therapy,,97116,,15 Minutes,0.00,0.00,$0.00,0,0,0
,Occupational or Physical Therapy,,97124,,15 Minutes,0.00,0.00,$0.00,0,0,0
,Occupational or Physical Therapy,,97140,,15 Minutes,0.00,0.00,$0.00,0,0,0
,Occupational or Physical Therapy,,97150,,Encounter,0.00,0.00,$0.00,0,0,0
,Occupational or Physical Therapy,,97530,,15 Minutes,0.00,0.00,$0.00,0,0,0
,Occupational or Physical Therapy,,97532,,15 Minutes,0.00,0.00,$0.00,0,0,0
,Occupational or Physical Therapy,,97533,,15 Minutes,0.00,0.00,$0.00,0,0,0
,Occupational or Physical Therapy,,97535,,15 Minutes,0.00,0.00,$0.00,0,0,0
,Occupational or Physical Therapy,,97537,,15 Minutes,0.00,0.00,$0.00,0,0,0
,Occupational or Physical Therapy,,97542,,15 Minutes,0.00,0.00,$0.00,0,0,0
,Occupational Therapy,,97703,,15 Minutes,0.00,0.00,$0.00,0,0,0
Lifeways,,,,,,,,,,,
,Occupational Therapy,,97750,,15 Minutes,0.00,0.00,$0.00,0,0,0
,Occupational Therapy,,97755,,15 Minutes,0.00,0.00,$0.00,0,0,0
,Occupational Therapy,,97760,,15 Minutes,0.00,0.00,$0.00,0,0,0
,C/O for Orthotic/Prosth Use ,,97762,,15 minutes,0.00,0.00,$0.00,0,0,0
,Assessment or Health Services,,97802,,15 Minutes,8.00,32.00,"$1,063.00",133,33,4
,Assessment or Health Services,,97803,,15 Minutes,0.00,0.00,$0.00,0,0,0
,Health Services,,97804,,30 Minutes,0.00,0.00,$0.00,0,0,0
,Additional Codes-Physician Services,,99201,,Encounter,0.00,0.00,$0.00,0,0,0
,Additional Codes-Physician Services,,99202,,Encounter,0.00,0.00,$0.00,0,0,0
,Additional Codes-Physician Services,,99203,,Encounter,0.00,0.00,$0.00,0,0,0
,Additional Codes-Physician Services,,99204,,Encounter,0.00,0.00,$0.00,0,0,0
,Additional Codes-Physician Services,,99205,,Encounter,0.00,0.00,$0.00,0,0,0
,Additional Codes-Physician Services  Medication Administration,,99211,,Encounter,0.00,0.00,$0.00,0,0,0
,Additional Codes-Physician Services,,99212,,Encounter,0.00,0.00,$0.00,0,0,0
,Additional Codes-Physician Services,,99213,,Encounter,0.00,0.00,$0.00,0,0,0
,Additional Codes-Physician Services,,99214,,Encounter,0.00,0.00,$0.00,0,0,0
,Additional Codes-Physician Services,,99215,,Encounter,0.00,0.00,$0.00,0,0,0
,Additional Codes-Physician Services,,99221,,30 Minutes,0.00,0.00,$0.00,0,0,0
,Additional Codes-Physician Services,,99222,,50 Minutes,0.00,0.00,$0.00,0,0,0
,Additional Codes-Physician Services,,99223,,70 Minutes,0.00,0.00,$0.00,0,0,0
,Additional Codes-Physician Services,,99231,,15 Minutes,0.00,0.00,$0.00,0,0,0
,Additional Codes-Physician Services,,99232,,25 minutes,0.00,0.00,$0.00,0,0,0
,Additional Codes-Physician Services,,99233,,35 Minutes,0.00,0.00,$0.00,0,0,0
,Additional Codes-Physician Services,,99238,,30 Minutes or less,0.00,0.00,$0.00,0,0,0
,Additional Codes-Physician Services,,99241,,Encounter,0.00,0.00,$0.00,0,0,0
,Additional Codes-Physician Services,,99242,,Encounter,0.00,0.00,$0.00,0,0,0
,Additional Codes-Physician Services,,99243,,Encounter,0.00,0.00,$0.00,0,0,0
,Additional Codes-Physician Services,,99244,,Encounter,0.00,0.00,$0.00,0,0,0
,Additional Codes-Physician Services,,99245,,Encounter,0.00,0.00,$0.00,0,0,0
,Additional Codes-Physician Services,,99251,,Encounter,0.00,0.00,$0.00,0,0,0
,Additional Codes-Physician Services,,99252,,Encounter,0.00,0.00,$0.00,0,0,0
,Additional Codes-Physician Services,,99253,,Encounter,0.00,0.00,$0.00,0,0,0
,Additional Codes-Physician Services,,99254,,Encounter,0.00,0.00,$0.00,0,0,0
,Additional Codes-Physician Services,,99255,,Encounter,0.00,0.00,$0.00,0,0,0
,Additional Codes-Physician Services,,99261,,Encounter,0.00,0.00,$0.00,0,0,0
,Additional Codes-Physician Services,,99262,,Encounter,0.00,0.00,$0.00,0,0,0
,Additional Codes-Physician Services,,99263,,Encounter,0.00,0.00,$0.00,0,0,0
,Additional Codes-Physician Services,,99271,,Encounter,0.00,0.00,$0.00,0,0,0
,Additional Codes-Physician Services,,99272,,Encounter,0.00,0.00,$0.00,0,0,0
,Additional Codes-Physician Services,,99273,,Encounter,0.00,0.00,$0.00,0,0,0
,Additional Codes-Physician Services,,99274,,Encounter,0.00,0.00,$0.00,0,0,0
,Additional Codes-Physician Services,,99275,,Encounter,0.00,0.00,$0.00,0,0,0
,Medication Administration,,99605,,Encounter,0.00,0.00,$0.00,0,0,0
,Transportation,,A0080,,Per mile,0.00,0.00,$0.00,0,0,0
,Transportation,,A0090,,Per mile,0.00,0.00,$0.00,0,0,0
,Transportation,,A0100,,Per one-way trip,0.00,0.00,$0.00,0,0,0
,Transportation,,A0110,,Per one-way trip,0.00,0.00,$0.00,0,0,0
,Transportation,,A0120,,Per one-way trip,0.00,0.00,$0.00,0,0,0
,Transportation,,A0130,,Per one-way trip,0.00,0.00,$0.00,0,0,0
,Transportation,,A0140,,Per one-way trip,0.00,0.00,$0.00,0,0,0
Lifeways,,,,,,,,,,,
,Transportation,,A0170,,,0.00,0.00,$0.00,0,0,0
,Additional Codes-Transportation,,A0425,,Per Mile,4.00,326.00,"$1,386.00",346,4,82
,Additional Codes-Transportation,,A0427,,Refer to code descriptions.,4.00,4.00,$646.00,162,162,1
,Additional codes - Transportation,,A0428,,,0.00,0.00,$0.00,0,0,0
,Repair or Non-Routine Service for DME (Children's Waiver),,E1340,,15 Minutes,0.00,0.00,$0.00,0,0,0
,Enhanced Medical Equipment-Supplies,,E1399,,Items,0.00,0.00,$0.00,0,0,0
,Activity Therapy (Children's Waiver),,G0176,,Encounter,0.00,0.00,$0.00,0,0,0
,Family Training/Support EBP only,,G0177,,Encounter Session at least 45 min,13.00,127.00,"$10,795.00",830,85,10
,Substance Abuse: Individual Assessment,,H0001,,Encounter,0.00,0.00,$0.00,0,0,0
,Assessment ,,H0002,,Encounter,81.00,92.00,"$85,218.00",1052,926,1
,Substance Abuse: Individual Assessment,,H0002,,Encounter,0.00,0.00,$0.00,0,0,0
,Substance Abuse:Laboratory,,H0003,,Encounter,0.00,0.00,$0.00,0,0,0
,Substance Abuse: Outpatient Treatment,"0900, 0906, 0914, 0915, 0916, 0919",H0004,,15 Minutes,0.00,0.00,$0.00,0,0,0
,Substance Abuse: Outpatient Treatment,"0900, 0906, 0914, 0915, 0916, 0919",H0005,,Encounter,0.00,0.00,$0.00,0,0,0
,Substance Abuse: Case Management,,H0006,,Encounter,0.00,0.00,$0.00,0,0,0
,Substance Abuse: Sub-Acute Detoxification,1002,H0010,,Days,2.00,6.00,"$1,590.00",795,265,3
,Substance Abuse: Sub-Acute Detoxification,1002,H0012,,Days,0.00,0.00,$0.00,0,0,0
,Substance Abuse: Sub-Acute Detoxification,1002,H0014,,Days,0.00,0.00,$0.00,0,0,0
,Substance Abuse: Outpatient Care,"0900, 0906, 0914, 0915, 0916, 0919",H0015,,Days,0.00,0.00,$0.00,0,0,0
,Crisis Residential Services,,H0018,,Days,0.00,0.00,$0.00,0,0,0
,Substance Abuse: Residential,1002,H0018,,Days,284.00,"1,403.00","$411,070.00",1447,293,5
,Substance Abuse: Residential,1002,H0019,,Days,0.00,0.00,$0.00,0,0,0
,Substance Abuse: Methadone,,H0020,,Encounter,0.00,0.00,$0.00,0,0,0
,Substance Abuse: Early Intervention,,H0022,,Encounter,0.00,0.00,$0.00,0,0,0
,Peer Directed and Operated Support Services,,H0023,,Encounter,0.00,0.00,$0.00,0,0,0
,Prevention Services - Direct Model,,H0025,,Face to Face Contact,0.00,0.00,$0.00,0,0,0
,Crisis Intervention,,H0030,,Per Service,0.00,0.00,$0.00,0,0,0
,Assessment ,,H0031,,Encounter,"2,447.00","2,589.00","$355,291.00",145,137,1
,Substance Abuse: Assessment,,H0031,,Encounter,0.00,0.00,$0.00,0,0,0
,Treatment Planning,,H0032,,Encounter,99.00,333.00,"$20,322.00",205,61,3
,Monitoring of Treatment - Clinician,,H0032,TS,Encounter,58.00,847.00,"$55,942.00",965,66,15
,Substance Abuse: Pharmalogical Support - Suboxane,,H0033,,Direct Observation Encounter,0.00,0.00,$0.00,0,0,0
,Health Services,,H0034,,15 Minutes,0.00,0.00,$0.00,0,0,0
,Home Based Services,,H0036,,15 Minutes,8.00,696.00,"$30,861.00",3858,44,87
,Home Based Services,,H0036,ST,15 Minutes,0.00,0.00,$0.00,0,0,0
,Community Psychiatric Supportive Treatment ,,H0037,,Per diem,0.00,0.00,$0.00,0,0,0
,Peer Directed and Operated Support Services,,H0038,,15 minutes,20.00,60.00,"$1,588.00",79,26,3
,Peer Directed and Operated Support Services,,NA,,,0.00,0.00,"$223,005.00",0,0,0
,Assertive Community Treatment (ACT),,H0039,,15 Minutes,302.00,"104,928.00","$3,382,927.00",11202,32,347
,Community Living Supports in Independent living/own home,,H0043,,Per diem,63.00,"8,918.00","$721,733.00",11456,81,142
,Community Living Supports in Independent living/own home,,H0043,TT,Per diem,7.00,"1,711.00","$91,830.00",13119,54,244
,Respite,,H0045,,Days,0.00,0.00,$0.00,0,0,0
,Respite (Children's Waiver),,H0045,TD,Per Diem,0.00,0.00,$0.00,0,0,0
,Respite (Children's Waiver),,H0045,TE,Per Diem,0.00,0.00,$0.00,0,0,0
,Substance Abuse:Laboratory (cells now unlocked),,H0048,,Encounter,0.00,0.00,$0.00,0,0,0
,Substance Abuse: Individual Assessment,,H0049,,Encounter,0.00,0.00,$0.00,0,0,0
,Behavior Treatment Plan Review,,H2000,,Encounter,10.00,10.00,$558.00,56,56,1
,Behavior Treatment Plan Review - Monitoring Activities,,H2000,TS,Encounter,0.00,0.00,$0.00,0,0,0
Lifeways,,,,,,,,,,,
,Comprehensive Medication Services - EBP only,,H2010,,15 minutes,0.00,0.00,$0.00,0,0,0
,Crisis Intervention,,H2011,,15 Minutes,"1,252.00","6,712.00","$246,745.00",197,37,5
,Skill-Building and Out of Home Non Vocational Habilitation,,H2014,,15 minutes,24.00,"8,420.00","$35,416.00",1476,4,351
,Skill-Building and Out of Home Non Vocational Habilitation,,H2014,TT,15 Minutes,6.00,662.00,"$2,786.00",464,4,110
,Community Living Supports (15 Minutes),,H2015,,15 Minutes,59.00,"24,719.00","$101,182.00",1715,4,419
,Community Living Supports (15 Minutes),,H2015,TT,15 Minutes,41.00,"16,526.00","$72,340.00",1764,4,403
,Community Living Supports (Daily),,H2016,,Per Diem,63.00,"6,035.00","$565,698.00",8979,94,96
,Community Living Supports (Daily),,H2016,TF,Per Diem,7.00,"1,139.00","$73,865.00",10552,65,163
,Community Living Supports (Daily),,H2016,TG,Per Diem,21.00,"4,773.00","$580,950.00",27664,122,227
,Behavior Services,,H2019,,15 Minutes,0.00,0.00,$0.00,0,0,0
,Behavior Services,,H2019,TT,15 Minutes,0.00,0.00,$0.00,0,0,0
,Crisis Intervention,,H2020,,Days,0.00,0.00,$0.00,0,0,0
,Wraparound,,H2021,,15 Minutes,0.00,0.00,$0.00,0,0,0
,Wraparound,,H2022,,Days,0.00,0.00,$0.00,0,0,0
,Supported Employment Services,,H2023,,15 minutes,12.00,"2,290.00","$10,752.00",896,5,191
,Supported Employment Services,,H2023,TT,15 Minutes,4.00,"1,183.00","$5,040.00",1260,4,296
,Mental Health Therapy,,H2027,,15 Minutes,0.00,0.00,$0.00,0,0,0
,Clubhouse Psychosocial Rehabilitation Programs ,,H2030,,15 Minutes,54.00,"104,436.00","$344,639.00",6382,3,1934
,Home Based Services,,H2033,,15 Minutes,0.00,0.00,$0.00,0,0,0
,Substance Abuse: Outpatient Care,"0900, 0906, 0914, 0915, 0916, 0919",H2035,,Hour,0.00,0.00,$0.00,0,0,0
,Substance Abuse: Outpatient Care,"0900, 0906, 0914, 0915, 0916, 0919",H2036,,Per Diem,0.00,0.00,$0.00,0,0,0
,Medication Review ,,M0064,,"Encounter Face-to-Face, generally less than 10 minutes",239.00,340.00,"$19,644.00",82,58,1
,Transportation,,S0209,,Per Mile,0.00,0.00,$0.00,0,0,0
,Transportation,,S0215,,Per Mile,348.00,"45,788.00","$14,640.00",42,0,132
,Family Training - EBP,,S5110,,15 Minutes,2.00,40.00,"$4,062.00",2031,102,20
,Family Training,,S5111,,Encounter,0.00,0.00,$0.00,0,0,0
,Family Training,,S5111,HA,Encounter,0.00,0.00,$0.00,0,0,0
,"Home Care Training, Non-Family (Children's Waiver)",,S5116,,Encounter,0.00,0.00,$0.00,0,0,0
,Chore Services,,S5120,,15 Minutes,0.00,0.00,$0.00,0,0,0
,Foster Care,,S5140,,Days,0.00,0.00,$0.00,0,0,0
,Foster Care,,S5145,,Days,0.00,0.00,$0.00,0,0,0
,Respite,,S5150,,15 Minutes,0.00,0.00,$0.00,0,0,0
,Respite,,S5151,,Per Diem,0.00,0.00,$0.00,0,0,0
,Personal Emergency Response System (PERS),,S5160,,Encounter,0.00,0.00,$0.00,0,0,0
,Personal Emergency Response System (PERS),,S5161,,Month,0.00,0.00,$0.00,0,0,0
,Environmental Modification ,,S5165,,Service,0.00,0.00,$0.00,0,0,0
,Enhanced Medical Equipment-Supplies,,S5199,,Items,0.00,0.00,$0.00,0,0,0
,Occupational or Physical Therapy,,S8990,,Encounter,0.00,0.00,$0.00,0,0,0
,Private Duty Nursing,0582,S9123,,Hour,0.00,0.00,$0.00,0,0,0
,Private Duty Nursing,,S9123,,Hour,0.00,0.00,$0.00,0,0,0
,Private Duty Nursing,,S9123,TT,Hour,0.00,0.00,$0.00,0,0,0
,Private Duty Nursing,0582,S9124,,Hour,0.00,0.00,$0.00,0,0,0
,Private Duty Nursing,,S9124,,Hour,0.00,0.00,$0.00,0,0,0
,Private Duty Nursing,,S9124,TT,Hour,0.00,0.00,$0.00,0,0,0
,Respite Care in the Home (RN) (Children's Waiver),,S9125,TD,Per Diem,0.00,0.00,$0.00,0,0,0
,Respite Care in the Home (LPN) (Children's Waiver),,S9125,TE,Per Diem,0.00,0.00,$0.00,0,0,0
,Health Services,,S9445,,Encounter,0.00,0.00,$0.00,0,0,0
,Health Services,,S9446,,Encounter,0.00,0.00,$0.00,0,0,0
Lifeways,,,,,,,,,,,
,Health Services,,S9470,,Encounter,0.00,0.00,$0.00,0,0,0
,Intensive Crisis Stabilization-Enrolled Program,,S9484,,Hour,565.00,"4,511.00","$234,630.00",415,52,8
,Reidential Room and Board,,S9976,,Days,0.00,0.00,$0.00,0,0,0
,Private Duty Nursing,,T1000,,Up to 15 min,0.00,0.00,$0.00,0,0,0
,Private Duty Nursing,,T1000,TD,Up to 15 min,0.00,0.00,$0.00,0,0,0
,Private Duty Nursing,,T1000,TE,Up to 15 min,0.00,0.00,$0.00,0,0,0
,Assessment,,T1001,,Encounter,199.00,203.00,"$18,832.00",95,93,1
,Health Services,,T1002,,Up to 15 min,30.00,270.00,"$8,984.00",299,33,9
,Respite Care,,T1005,,15 Minutes,1.00,360.00,$860.00,860,2,360
,Respite Care,,T1005,TD,15 Minutes,0.00,0.00,$0.00,0,0,0
,Respite Care,,T1005,TE,15 Minutes,0.00,0.00,$0.00,0,0,0
,Substance Abuse: Recovery Support Services,"0900, 0906, 0914, 0915, 0916, 0919",T1012,,Encounter,0.00,0.00,$0.00,0,0,0
,Family Psycho-Education - EBP,,T1015,,Encounter,3.00,12.00,"$1,220.00",407,102,4
,Supports Coordination/Wrap Facilitation,,T1016,,15 minutes,131.00,"7,286.00","$202,888.00",1549,28,56
,Targeted Case Management ,,T1017,,15 minutes,935.00,"47,203.00","$1,318,937.00",1411,28,50
,Nursing Home Mental Health Monitoring,,T1017,SE,15 minutes,7.00,215.00,"$3,870.00",553,18,31
,Personal Care in Licensed Specialized Residential Setting,,T1020,,Days,19.00,"3,866.00","$129,744.00",6829,34,203
,Personal Care in Licensed Specialized Residential Setting,,T1020,TF,Days,4.00,702.00,"$43,580.00",10895,62,176
,Personal Care in Licensed Specialized Residential Setting,,T1020,TG,Days,4.00,668.00,"$75,137.00",18784,112,167
,Assessments,,T1023,,Encounter,77.00,78.00,"$15,535.00",202,199,1
,Enhanced Medical Supplies or Pharmacy,,T1999,,Items,667.00,"4,161.00","$87,859.00",132,21,6
,Transportation,,T2001,,Encounter,0.00,0.00,$0.00,0,0,0
,Transportation,,T2002,,Per Diem,0.00,0.00,$0.00,0,0,0
,Transportation,,T2003,,Encounter / Trip,0.00,0.00,$0.00,0,0,0
,Transportation,,T2004,,Encounter,0.00,0.00,$0.00,0,0,0
,Transportation,,T2005,,Encounter,0.00,0.00,$0.00,0,0,0
,Out of Home Prevocational Service,,T2015,,Hour,0.00,0.00,$0.00,0,0,0
,Targeted Case Management (Children's Waiver),,T2023,,Month,0.00,0.00,$0.00,0,0,0
,Fiscal Intermediary Services,,T2025,,Month,16.00,105.00,"$5,035.00",315,48,7
,Enhanced Medical Equipment-Supplies,,T2028,,Items,0.00,0.00,$0.00,0,0,0
,Enhanced Medical Equipment-Supplies,,T2029,,Items,0.00,0.00,$0.00,0,0,0
,Crisis Intervention,,T2034,,Days,0.00,0.00,$0.00,0,0,0
,Respite Care,,T2036,,Encounter / Trip. Per session. One night = one session,0.00,0.00,$0.00,0,0,0
,Respite Care,,T2037,,Encounter / Trip  Per session. One day/partial day = one session,0.00,0.00,$0.00,0,0,0
,Housing Assistance,,T2038,,Month   Service,1.00,1.00,$751.00,751,751,1
,Enhanced Medical Equipment-Supplies,,T2039,,Items,0.00,0.00,$0.00,0,0,0
,Pharmacy (Drugs and Other Biologicals),,,,,0.00,0.00,$0.00,0,0,0
,Other,,,,,0.00,0.00,$0.00,0,0,0
,Aggregate for 'J' Codes,,ALL,,,74.00,0.00,"$282,702.00",3820,0,0
Livingston,,,,,,,,,,,
,State Psychiatric Hospital - Inpatient PT22,"0100, 0101, 0114, 0124, 0134, 0154",,PT22,Days,1.00,70.00,"$17,530.00",17530,250,70
,State Mental Retardation Facility - Inpatient (ICF/MR) PT65,"0100, 0101, 0114, 0124, 0134, 0154",,PT65,Days,1.00,215.00,"$38,029.00",38029,177,215
,Local Psychiatric Hospital/IMD PT68,"0100, 0101, 0114, 0124, 0134, 0154",,PT68,Days,20.00,172.00,"$108,560.00",5428,631,9
,Local Psychiatric Hospital - Acute Community PT73,"0100, 0101, 0114, 0124, 0134, 0154",,PT73,Days,138.00,"1,366.00","$991,538.00",7185,726,10
,Inpatient Hospital Ancillary Services - Leave of Absence,0183,,,Days,0.00,0.00,$0.00,0,0,0
,Inpatient Hospital Ancillary Services - Pharmacy,"0250-0254, 0257-0258 ",,,,0.00,0.00,$0.00,0,0,0
,Inpatient Hospital Ancillary Services - Medical/Surgical Supplies and Devices,0270-0272,,,# of items,0.00,0.00,$0.00,0,0,0
,Inpatient Hospital Ancillary Services - Laboratory,"0300-0302, 0305-0307",,,# of tests,0.00,0.00,$0.00,0,0,0
,Inpatient Hospital Ancillary Services - Radiology,0320,,,# of tests,0.00,0.00,$0.00,0,0,0
,ECT Anesthesia,0370,,,,0.00,0.00,$0.00,0,0,0
,Inpatient Hospital Ancillary Services - Respiratory Services,0410,,,# of treatments,0.00,0.00,$0.00,0,0,0
,Inpatient Hospital Ancillary Services -Physical Therapy,0420-0424,,,# of treatments,0.00,0.00,$0.00,0,0,0
,Inpatient Hospital Ancillary Services - Occupational Therapy,0430-0434,,,# of treatments,0.00,0.00,$0.00,0,0,0
,Inpatient Hospital Ancillary Services - Speech-Language Pathology,0440-0444,,,# of treatments,0.00,0.00,$0.00,0,0,0
,Inpatient Hospital Ancillary Services - Emergency Room,0450,,,# of visits,0.00,0.00,$0.00,0,0,0
,Inpatient Hospital Ancillary Services - Pulmonary Function,0460,,,# of tests,0.00,0.00,$0.00,0,0,0
,Inpatient Hospital Ancillary Services - Audiology,0470-0472,,,# of tests,0.00,0.00,$0.00,0,0,0
,Inpatient Hospital Ancillary Services - Magnetic Resonance Technology (MRT),0610-0611,,,# of tests,0.00,0.00,$0.00,0,0,0
,Inpatient Hospital Ancillary Services - Pharmacy,0636,,,# of units,0.00,0.00,$0.00,0,0,0
,ECT Recovery Room,0701,,,,0.00,0.00,$0.00,0,0,0
,Inpatient Hospital Ancillary Services -EKG/ECG,0730-0731,,,# of tests,0.00,0.00,$0.00,0,0,0
,Inpatient Hospital Ancillary Services - EEG,0740,,,# of tests,0.00,0.00,$0.00,0,0,0
,Crisis Observation Care,0762,,,Hour,0.00,0.00,$0.00,0,0,0
,Additional Codes-ECT Facility Charge,0901,,,Encounter,1.00,1.00,$800.00,800,800,1
,Inpatient Hospital Ancillary Services - Psychiatric/Psychological Treatments/Services,"0900, 0902-0904, 0911, 0914-0919",,,# of visits,0.00,0.00,$0.00,0,0,0
,Outpatient Partial Hospitalization,0912,,,Days,0.00,0.00,$0.00,0,0,0
,Outpatient Partial Hospitalization,0913,,,Days,0.00,0.00,$0.00,0,0,0
,Inpatient Hospital Ancillary Services - Other Diagnosis Services,0925,,,# of tests,0.00,0.00,$0.00,0,0,0
,Inpatient Hospital Ancillary Services - Other Therapeutic Services,0940-0942,,,# of visits,0.00,0.00,$0.00,0,0,0
,Additional Codes-ECT Anesthesia,,00104,,Minutes,0.00,0.00,$0.00,0,0,0
,Drug Screen for Methadone Clients Only,,80100,,Per Screen,0.00,0.00,$0.00,0,0,0
,Drug Screen for Methadone Clients Only,,80101,,Per Screen,0.00,0.00,$0.00,0,0,0
,Alcohol Breath Test for Methadone Clients Only,,82075,,Per Test,0.00,0.00,$0.00,0,0,0
,Medication Administration,,90772,,Encounter,74.00,533.00,"$26,442.00",357,50,7
,Assessment-Psychiatric Assessment,,90801,,Encounter,161.00,163.00,"$51,145.00",318,314,1
,Substance Abuse: Psychiatric Evaluation,,90801,,Encounter,0.00,0.00,$0.00,0,0,0
,Assessment-Psychiatric Assessment,,90802,,Encounter,0.00,0.00,$0.00,0,0,0
,Substance Abuse: Psychiatric Evaluation,,90802,,Encounter,0.00,0.00,$0.00,0,0,0
,Therapy-Individual Therapy,,90804,,Encounter 20-30 Min,189.00,546.00,"$44,477.00",235,81,3
,Substance Abuse: Outpatient Treatment,"0900, 0914, 0915, 0916, 0919",90804,,Encounter 20-30 Min,0.00,0.00,$0.00,0,0,0
Livingston,,,,,,,,,,,
,Therapy-Individual Therapy,,90805,,Encounter 20-30 Min,0.00,0.00,$0.00,0,0,0
,Substance Abuse: Outpatient Treatment,"0900, 0914, 0915, 0916, 0919",90805,,Encounter 20-30 Min,0.00,0.00,$0.00,0,0,0
,Therapy-Individual Therapy,,90806,,Encounter 45-50 Min,370.00,"3,491.00","$585,615.00",1583,168,9
,Substance Abuse: Outpatient Treatment,"0900, 0914, 0915, 0916, 0919",90806,,Encounter 45-50 Min,0.00,0.00,$0.00,0,0,0
,Therapy-Individual Therapy,,90807,,Encounter 45-50 Min,0.00,0.00,$0.00,0,0,0
,Substance Abuse: Outpatient Treatment,"0900, 0914, 0915, 0916, 0919",90807,,Encounter 45-50 Min,0.00,0.00,$0.00,0,0,0
,Therapy-Individual Therapy,,90808,,Encounter 75-80 Min,65.00,199.00,"$67,312.00",1036,338,3
,Substance Abuse: Outpatient Treatment,"0900, 0914, 0915, 0916, 0919",90808,,Encounter 75-80 Min,0.00,0.00,$0.00,0,0,0
,Therapy-Individual Therapy,,90809,,Encounter 75-80 Min,0.00,0.00,$0.00,0,0,0
,Substance Abuse: Outpatient Treatment,"0900, 0914, 0915, 0916, 0919",90809,,Encounter 75-80 Min,0.00,0.00,$0.00,0,0,0
,Therapy-Individual Therapy,,90810,,Encounter 20-30 Min,0.00,0.00,$0.00,0,0,0
,Substance Abuse: Outpatient Treatment,"0900, 0914, 0915, 0916, 0919",90810,,Encounter 20-30 Min,0.00,0.00,$0.00,0,0,0
,Therapy-Individual Therapy,,90811,,Encounter 20-30 Min,0.00,0.00,$0.00,0,0,0
,Substance Abuse: Outpatient Treatment,"0900, 0914, 0915, 0916, 0919",90811,,Encounter 20-30 Min,0.00,0.00,$0.00,0,0,0
,Therapy-Individual Therapy,,90812,,Encounter 45-50 Min,0.00,0.00,$0.00,0,0,0
,Substance Abuse: Outpatient Treatment,"0900, 0914, 0915, 0916, 0919",90812,,Encounter 45-50 Min,0.00,0.00,$0.00,0,0,0
,Therapy-Individual Therapy,,90813,,Encounter 45-50 Min,0.00,0.00,$0.00,0,0,0
,Substance Abuse: Outpatient Treatment,"0900, 0914, 0915, 0916, 0919",90813,,Encounter 45-50 Min,0.00,0.00,$0.00,0,0,0
,Therapy-Individual Therapy,,90814,,Encounter 75-80 Min,0.00,0.00,$0.00,0,0,0
,Substance Abuse: Outpatient Treatment,"0900, 0914, 0915, 0916, 0919",90814,,Encounter 75-80 Min,0.00,0.00,$0.00,0,0,0
,Therapy-Individual Therapy,,90815,,Encounter 75-80 Min,0.00,0.00,$0.00,0,0,0
,Substance Abuse: Outpatient Treatment,"0900, 0914, 0915, 0916, 0919",90815,,Encounter 75-80 Min,0.00,0.00,$0.00,0,0,0
,Therapy-Individual Therapy,,90816,,Encounter 20-30 Min,0.00,0.00,$0.00,0,0,0
,Therapy-Individual Therapy,,90817,,Encounter 20-30 Min,0.00,0.00,$0.00,0,0,0
,Therapy-Individual Therapy,,90818,,Encounter 45-50 Min,0.00,0.00,$0.00,0,0,0
,Therapy-Individual Therapy,,90819,,Encounter 45-50 Min,0.00,0.00,$0.00,0,0,0
,Therapy-Individual Therapy,,90821,,Encounter 75-80 Min,0.00,0.00,$0.00,0,0,0
,Therapy-Individual Therapy,,90822,,Encounter 75-80 Min,0.00,0.00,$0.00,0,0,0
,Therapy-Individual Therapy,,90823,,Encounter 20-30 Min,0.00,0.00,$0.00,0,0,0
,Therapy-Individual Therapy,,90824,,Encounter 20-30 Min,0.00,0.00,$0.00,0,0,0
,Therapy-Individual Therapy,,90826,,Encounter 45-50 Min,0.00,0.00,$0.00,0,0,0
,Substance Abuse: Psychotherapy (Individual Therapy),,90826,,Encounter 45-50 Min,0.00,0.00,$0.00,0,0,0
,Therapy-Individual Therapy,,90827,,Encounter 45-50 Min,0.00,0.00,$0.00,0,0,0
,Therapy-Individual Therapy,,90828,,Encounter 75-80 Min,0.00,0.00,$0.00,0,0,0
,Therapy-Individual Therapy,,90829,,Encounter 75-80 Min,0.00,0.00,$0.00,0,0,0
,Therapy-Family Therapy,,90846,,Encounter,0.00,0.00,$0.00,0,0,0
,Therapy-Family Therapy,,90847,,Encounter,0.00,0.00,$0.00,0,0,0
,Substance Abuse: Outpatient Treatment,"0900, 0906, 0914, 0915, 0916, 0919",90847,,Encounter,0.00,0.00,$0.00,0,0,0
,Therapy-Family Therapy,,90849,,Encounter,0.00,0.00,$0.00,0,0,0
,Therapy-Family Therapy,,90849,HS,Encounter,0.00,0.00,$0.00,0,0,0
Livingston,,,,,,,,,,,
,Therapy-Group Therapy,,90853,,Encounter,103.00,"1,606.00","$104,759.00",1017,65,16
,Substance Abuse: Outpatient Treatment,"0900, 0906, 0914, 0915, 0916, 0919",90853,,Encounter,0.00,0.00,$0.00,0,0,0
,Therapy-Group Therapy,,90857,,Encounter,0.00,0.00,$0.00,0,0,0
,Substance Abuse: Outpatient Treatment,"0900, 0906, 0914, 0915, 0916, 0919",90857,,Encounter,0.00,0.00,$0.00,0,0,0
,Medication Review ,,90862,,Encounter,603.00,"3,022.00","$308,607.00",512,102,5
,Substance Abuse: Medication Review,"0900, 0914, 0915, 0916, 0919",90862,,Encounter,0.00,0.00,$0.00,0,0,0
,Additional Codes-ECT Physician,,90870,,Encounter,0.00,0.00,$0.00,0,0,0
,Additional Codes-ECT Physician,0901,90870,,Encounter,0.00,0.00,$0.00,0,0,0
,Assessments-Other,,90887,,Encounter,0.00,0.00,$0.00,0,0,0
,Speech & Language Therapy ,,92506,,Encounter,0.00,0.00,$0.00,0,0,0
,Speech & Language Therapy ,,92507,,Encounter,0.00,0.00,$0.00,0,0,0
,Speech & Language Therapy ,,92508,,Encounter,0.00,0.00,$0.00,0,0,0
,Speech & Language Therapy ,,92526,,Encounter,0.00,0.00,$0.00,0,0,0
,Speech & Language Therapy ,,92610,,Encounter,0.00,0.00,$0.00,0,0,0
,Evaluation of Auditory Rehabilitation Status (Children's Waiver),,92626,,First Hour,0.00,0.00,$0.00,0,0,0
,Evaluation of Auditory Rehabiliation Status (Children's Waiver),,92627,,Each Additional 15 Minutes,0.00,0.00,$0.00,0,0,0
,Auditory Rehabilitation Preling Hearing Loss (Children's Waiver),,92630,,Encounter,0.00,0.00,$0.00,0,0,0
,Auditory Rehabilitation; Post-Lingual Hearing Loss (Children's Waiver),,92633,,Encounter,0.00,0.00,$0.00,0,0,0
,Psychological Testing PSYCH/PHYS ,,96101,,Per Hour,11.00,34.00,"$4,521.00",411,133,3
,Psychological Testing by Technician ,,96102,,Per Hour,0.00,0.00,$0.00,0,0,0
,Psychological Testing by Comp ,,96103,,Per Hour,0.00,0.00,$0.00,0,0,0
,Assessments-Other,,96105,,Encounter,0.00,0.00,$0.00,0,0,0
,Assessments-Other,,96110,,Encounter,0.00,0.00,$0.00,0,0,0
,Assessments-Other,,96111,,Encounter,0.00,0.00,$0.00,0,0,0
,Neurobehavioral Status Exam (Children's Waiver),,96116,,Per Hour,1.00,1.00,$495.00,495,495,1
,Neuropsych test by Psych/Phys ,,96118,,Per Hour,0.00,0.00,$0.00,0,0,0
,Neuropsych test by Tech ,,96119,,Per Hour,0.00,0.00,$0.00,0,0,0
,Neuropsych test Admin w/Comp ,,96120,,Per Hour,0.00,0.00,$0.00,0,0,0
,Medication Administration,,96372,,Encounter,84.00,793.00,"$67,794.00",807,85,9
,Physical Therapy,,97001,,Encounter,0.00,0.00,$0.00,0,0,0
,Physical Therapy,,97002,,Encounter,0.00,0.00,$0.00,0,0,0
,Occupational Therapy,,97003,,Encounter,0.00,0.00,$0.00,0,0,0
,Occupational Therapy,,97004,,Encounter,0.00,0.00,$0.00,0,0,0
,Occupational or Physical Therapy,,97110,,15 Minutes,0.00,0.00,$0.00,0,0,0
,Occupational or Physical Therapy,,97112,,15 Minutes,0.00,0.00,$0.00,0,0,0
,Occupational or Physical Therapy,,97113,,15 Minutes,0.00,0.00,$0.00,0,0,0
,Occupational or Physical Therapy,,97116,,15 Minutes,0.00,0.00,$0.00,0,0,0
,Occupational or Physical Therapy,,97124,,15 Minutes,0.00,0.00,$0.00,0,0,0
,Occupational or Physical Therapy,,97140,,15 Minutes,0.00,0.00,$0.00,0,0,0
,Occupational or Physical Therapy,,97150,,Encounter,0.00,0.00,$0.00,0,0,0
,Occupational or Physical Therapy,,97530,,15 Minutes,0.00,0.00,$0.00,0,0,0
,Occupational or Physical Therapy,,97532,,15 Minutes,0.00,0.00,$0.00,0,0,0
,Occupational or Physical Therapy,,97533,,15 Minutes,0.00,0.00,$0.00,0,0,0
,Occupational or Physical Therapy,,97535,,15 Minutes,0.00,0.00,$0.00,0,0,0
,Occupational or Physical Therapy,,97537,,15 Minutes,0.00,0.00,$0.00,0,0,0
,Occupational or Physical Therapy,,97542,,15 Minutes,0.00,0.00,$0.00,0,0,0
,Occupational Therapy,,97703,,15 Minutes,0.00,0.00,$0.00,0,0,0
Livingston,,,,,,,,,,,
,Occupational Therapy,,97750,,15 Minutes,0.00,0.00,$0.00,0,0,0
,Occupational Therapy,,97755,,15 Minutes,0.00,0.00,$0.00,0,0,0
,Occupational Therapy,,97760,,15 Minutes,0.00,0.00,$0.00,0,0,0
,C/O for Orthotic/Prosth Use ,,97762,,15 minutes,0.00,0.00,$0.00,0,0,0
,Assessment or Health Services,,97802,,15 Minutes,0.00,0.00,$0.00,0,0,0
,Assessment or Health Services,,97803,,15 Minutes,0.00,0.00,$0.00,0,0,0
,Health Services,,97804,,30 Minutes,0.00,0.00,$0.00,0,0,0
,Additional Codes-Physician Services,,99201,,Encounter,0.00,0.00,$0.00,0,0,0
,Additional Codes-Physician Services,,99202,,Encounter,0.00,0.00,$0.00,0,0,0
,Additional Codes-Physician Services,,99203,,Encounter,0.00,0.00,$0.00,0,0,0
,Additional Codes-Physician Services,,99204,,Encounter,0.00,0.00,$0.00,0,0,0
,Additional Codes-Physician Services,,99205,,Encounter,0.00,0.00,$0.00,0,0,0
,Additional Codes-Physician Services  Medication Administration,,99211,,Encounter,15.00,66.00,"$4,230.00",282,64,4
,Additional Codes-Physician Services,,99212,,Encounter,0.00,0.00,$0.00,0,0,0
,Additional Codes-Physician Services,,99213,,Encounter,0.00,0.00,$0.00,0,0,0
,Additional Codes-Physician Services,,99214,,Encounter,0.00,0.00,$0.00,0,0,0
,Additional Codes-Physician Services,,99215,,Encounter,0.00,0.00,$0.00,0,0,0
,Additional Codes-Physician Services,,99221,,30 Minutes,0.00,0.00,$0.00,0,0,0
,Additional Codes-Physician Services,,99222,,50 Minutes,0.00,0.00,$0.00,0,0,0
,Additional Codes-Physician Services,,99223,,70 Minutes,0.00,0.00,$0.00,0,0,0
,Additional Codes-Physician Services,,99231,,15 Minutes,0.00,0.00,$0.00,0,0,0
,Additional Codes-Physician Services,,99232,,25 minutes,0.00,0.00,$0.00,0,0,0
,Additional Codes-Physician Services,,99233,,35 Minutes,0.00,0.00,$0.00,0,0,0
,Additional Codes-Physician Services,,99238,,30 Minutes or less,0.00,0.00,$0.00,0,0,0
,Additional Codes-Physician Services,,99241,,Encounter,0.00,0.00,$0.00,0,0,0
,Additional Codes-Physician Services,,99242,,Encounter,0.00,0.00,$0.00,0,0,0
,Additional Codes-Physician Services,,99243,,Encounter,0.00,0.00,$0.00,0,0,0
,Additional Codes-Physician Services,,99244,,Encounter,0.00,0.00,$0.00,0,0,0
,Additional Codes-Physician Services,,99245,,Encounter,0.00,0.00,$0.00,0,0,0
,Additional Codes-Physician Services,,99251,,Encounter,0.00,0.00,$0.00,0,0,0
,Additional Codes-Physician Services,,99252,,Encounter,0.00,0.00,$0.00,0,0,0
,Additional Codes-Physician Services,,99253,,Encounter,0.00,0.00,$0.00,0,0,0
,Additional Codes-Physician Services,,99254,,Encounter,0.00,0.00,$0.00,0,0,0
,Additional Codes-Physician Services,,99255,,Encounter,0.00,0.00,$0.00,0,0,0
,Additional Codes-Physician Services,,99261,,Encounter,0.00,0.00,$0.00,0,0,0
,Additional Codes-Physician Services,,99262,,Encounter,0.00,0.00,$0.00,0,0,0
,Additional Codes-Physician Services,,99263,,Encounter,0.00,0.00,$0.00,0,0,0
,Additional Codes-Physician Services,,99271,,Encounter,0.00,0.00,$0.00,0,0,0
,Additional Codes-Physician Services,,99272,,Encounter,0.00,0.00,$0.00,0,0,0
,Additional Codes-Physician Services,,99273,,Encounter,0.00,0.00,$0.00,0,0,0
,Additional Codes-Physician Services,,99274,,Encounter,0.00,0.00,$0.00,0,0,0
,Additional Codes-Physician Services,,99275,,Encounter,0.00,0.00,$0.00,0,0,0
,Medication Administration,,99605,,Encounter,0.00,0.00,$0.00,0,0,0
,Transportation,,A0080,,Per mile,0.00,0.00,$0.00,0,0,0
,Transportation,,A0090,,Per mile,0.00,0.00,$0.00,0,0,0
,Transportation,,A0100,,Per one-way trip,0.00,0.00,$0.00,0,0,0
,Transportation,,A0110,,Per one-way trip,0.00,0.00,$0.00,0,0,0
,Transportation,,A0120,,Per one-way trip,0.00,0.00,$0.00,0,0,0
,Transportation,,A0130,,Per one-way trip,0.00,0.00,$0.00,0,0,0
,Transportation,,A0140,,Per one-way trip,0.00,0.00,$0.00,0,0,0
Livingston,,,,,,,,,,,
,Transportation,,A0170,,,0.00,0.00,$0.00,0,0,0
,Additional Codes-Transportation,,A0425,,Per Mile,0.00,0.00,$0.00,0,0,0
,Additional Codes-Transportation,,A0427,,Refer to code descriptions.,0.00,0.00,$0.00,0,0,0
,Additional codes - Transportation,,A0428,,,0.00,0.00,$0.00,0,0,0
,Repair or Non-Routine Service for DME (Children's Waiver),,E1340,,15 Minutes,0.00,0.00,$0.00,0,0,0
,Enhanced Medical Equipment-Supplies,,E1399,,Items,1.00,1.00,$398.00,398,398,1
,Activity Therapy (Children's Waiver),,G0176,,Encounter,0.00,0.00,$0.00,0,0,0
,Family Training/Support EBP only,,G0177,,Encounter Session at least 45 min,17.00,154.00,"$12,314.00",724,80,9
,Substance Abuse: Individual Assessment,,H0001,,Encounter,0.00,0.00,$0.00,0,0,0
,Assessment ,,H0002,,Encounter,0.00,0.00,$0.00,0,0,0
,Substance Abuse: Individual Assessment,,H0002,,Encounter,0.00,0.00,$0.00,0,0,0
,Substance Abuse:Laboratory,,H0003,,Encounter,0.00,0.00,$0.00,0,0,0
,Substance Abuse: Outpatient Treatment,"0900, 0906, 0914, 0915, 0916, 0919",H0004,,15 Minutes,0.00,0.00,$0.00,0,0,0
,Substance Abuse: Outpatient Treatment,"0900, 0906, 0914, 0915, 0916, 0919",H0005,,Encounter,0.00,0.00,$0.00,0,0,0
,Substance Abuse: Case Management,,H0006,,Encounter,0.00,0.00,$0.00,0,0,0
,Substance Abuse: Sub-Acute Detoxification,1002,H0010,,Days,0.00,0.00,$0.00,0,0,0
,Substance Abuse: Sub-Acute Detoxification,1002,H0012,,Days,0.00,0.00,$0.00,0,0,0
,Substance Abuse: Sub-Acute Detoxification,1002,H0014,,Days,0.00,0.00,$0.00,0,0,0
,Substance Abuse: Outpatient Care,"0900, 0906, 0914, 0915, 0916, 0919",H0015,,Days,0.00,0.00,$0.00,0,0,0
,Crisis Residential Services,,H0018,,Days,0.00,0.00,$0.00,0,0,0
,Substance Abuse: Residential,1002,H0018,,Days,0.00,0.00,$0.00,0,0,0
,Substance Abuse: Residential,1002,H0019,,Days,0.00,0.00,$0.00,0,0,0
,Substance Abuse: Methadone,,H0020,,Encounter,0.00,0.00,$0.00,0,0,0
,Substance Abuse: Early Intervention,,H0022,,Encounter,0.00,0.00,$0.00,0,0,0
,Peer Directed and Operated Support Services,,H0023,,Encounter,0.00,0.00,$0.00,0,0,0
,Prevention Services - Direct Model,,H0025,,Face to Face Contact,0.00,0.00,$0.00,0,0,0
,Crisis Intervention,,H0030,,Per Service,0.00,0.00,$0.00,0,0,0
,Assessment ,,H0031,,Encounter,291.00,300.00,"$69,027.00",237,230,1
,Substance Abuse: Assessment,,H0031,,Encounter,0.00,0.00,$0.00,0,0,0
,Treatment Planning,,H0032,,Encounter,76.00,103.00,"$22,026.00",290,214,1
,Monitoring of Treatment - Clinician,,H0032,TS,Encounter,29.00,36.00,"$4,537.00",156,126,1
,Substance Abuse: Pharmalogical Support - Suboxane,,H0033,,Direct Observation Encounter,0.00,0.00,$0.00,0,0,0
,Health Services,,H0034,,15 Minutes,0.00,0.00,$0.00,0,0,0
,Home Based Services,,H0036,,15 Minutes,45.00,"2,061.00","$114,056.00",2535,55,46
,Home Based Services,,H0036,ST,15 Minutes,0.00,0.00,$0.00,0,0,0
,Community Psychiatric Supportive Treatment ,,H0037,,Per diem,0.00,0.00,$0.00,0,0,0
,Peer Directed and Operated Support Services,,H0038,,15 minutes,60.00,"2,891.00","$66,724.00",1112,23,48
,Peer Directed and Operated Support Services,,NA,,,0.00,0.00,$0.00,0,0,0
,Assertive Community Treatment (ACT),,H0039,,15 Minutes,73.00,"15,184.00","$689,050.00",9439,45,208
,Community Living Supports in Independent living/own home,,H0043,,Per diem,0.00,0.00,$0.00,0,0,0
,Community Living Supports in Independent living/own home,,H0043,TT,Per diem,0.00,0.00,$0.00,0,0,0
,Respite,,H0045,,Days,0.00,0.00,$0.00,0,0,0
,Respite (Children's Waiver),,H0045,TD,Per Diem,0.00,0.00,$0.00,0,0,0
,Respite (Children's Waiver),,H0045,TE,Per Diem,0.00,0.00,$0.00,0,0,0
,Substance Abuse:Laboratory (cells now unlocked),,H0048,,Encounter,0.00,0.00,$0.00,0,0,0
,Substance Abuse: Individual Assessment,,H0049,,Encounter,0.00,0.00,$0.00,0,0,0
,Behavior Treatment Plan Review,,H2000,,Encounter,7.00,40.00,"$6,994.00",999,175,6
,Behavior Treatment Plan Review - Monitoring Activities,,H2000,TS,Encounter,0.00,0.00,$0.00,0,0,0
Livingston,,,,,,,,,,,
,Comprehensive Medication Services - EBP only,,H2010,,15 minutes,0.00,0.00,$0.00,0,0,0
,Crisis Intervention,,H2011,,15 Minutes,242.00,767.00,"$46,657.00",193,61,3
,Skill-Building and Out of Home Non Vocational Habilitation,,H2014,,15 minutes,1.00,"2,388.00","$12,250.00",12250,5,2388
,Skill-Building and Out of Home Non Vocational Habilitation,,H2014,TT,15 Minutes,12.00,"18,326.00","$45,815.00",3818,3,1527
,Community Living Supports (15 Minutes),,H2015,,15 Minutes,94.00,"127,746.00","$481,602.00",5123,4,1359
,Community Living Supports (15 Minutes),,H2015,TT,15 Minutes,21.00,"143,890.00","$269,074.00",12813,2,6852
,Community Living Supports (Daily),,H2016,,Per Diem,1.00,3.00,$86.00,86,29,3
,Community Living Supports (Daily),,H2016,TF,Per Diem,0.00,0.00,$0.00,0,0,0
,Community Living Supports (Daily),,H2016,TG,Per Diem,10.00,"1,455.00","$246,943.00",24694,170,146
,Behavior Services,,H2019,,15 Minutes,0.00,0.00,$0.00,0,0,0
,Behavior Services,,H2019,TT,15 Minutes,0.00,0.00,$0.00,0,0,0
,Crisis Intervention,,H2020,,Days,0.00,0.00,$0.00,0,0,0
,Wraparound,,H2021,,15 Minutes,0.00,0.00,$0.00,0,0,0
,Wraparound,,H2022,,Days,0.00,0.00,$0.00,0,0,0
,Supported Employment Services,,H2023,,15 minutes,2.00,"1,283.00","$6,274.00",3137,5,642
,Supported Employment Services,,H2023,TT,15 Minutes,8.00,"4,267.00","$10,838.00",1355,3,533
,Mental Health Therapy,,H2027,,15 Minutes,0.00,0.00,$0.00,0,0,0
,Clubhouse Psychosocial Rehabilitation Programs ,,H2030,,15 Minutes,83.00,"73,229.00","$369,806.00",4455,5,882
,Home Based Services,,H2033,,15 Minutes,0.00,0.00,$0.00,0,0,0
,Substance Abuse: Outpatient Care,"0900, 0906, 0914, 0915, 0916, 0919",H2035,,Hour,0.00,0.00,$0.00,0,0,0
,Substance Abuse: Outpatient Care,"0900, 0906, 0914, 0915, 0916, 0919",H2036,,Per Diem,0.00,0.00,$0.00,0,0,0
,Medication Review ,,M0064,,"Encounter Face-to-Face, generally less than 10 minutes",0.00,0.00,$0.00,0,0,0
,Transportation,,S0209,,Per Mile,0.00,0.00,$0.00,0,0,0
,Transportation,,S0215,,Per Mile,0.00,0.00,$0.00,0,0,0
,Family Training - EBP,,S5110,,15 Minutes,0.00,0.00,$0.00,0,0,0
,Family Training,,S5111,,Encounter,0.00,0.00,$0.00,0,0,0
,Family Training,,S5111,HA,Encounter,0.00,0.00,$0.00,0,0,0
,"Home Care Training, Non-Family (Children's Waiver)",,S5116,,Encounter,0.00,0.00,$0.00,0,0,0
,Chore Services,,S5120,,15 Minutes,0.00,0.00,$0.00,0,0,0
,Foster Care,,S5140,,Days,0.00,0.00,$0.00,0,0,0
,Foster Care,,S5145,,Days,0.00,0.00,$0.00,0,0,0
,Respite,,S5150,,15 Minutes,0.00,0.00,$0.00,0,0,0
,Respite,,S5151,,Per Diem,0.00,0.00,$0.00,0,0,0
,Personal Emergency Response System (PERS),,S5160,,Encounter,5.00,6.00,"$5,783.00",1157,964,1
,Personal Emergency Response System (PERS),,S5161,,Month,15.00,122.00,"$117,436.00",7829,963,8
,Environmental Modification ,,S5165,,Service,0.00,0.00,$0.00,0,0,0
,Enhanced Medical Equipment-Supplies,,S5199,,Items,0.00,0.00,$0.00,0,0,0
,Occupational or Physical Therapy,,S8990,,Encounter,0.00,0.00,$0.00,0,0,0
,Private Duty Nursing,0582,S9123,,Hour,0.00,0.00,$0.00,0,0,0
,Private Duty Nursing,,S9123,,Hour,0.00,0.00,$0.00,0,0,0
,Private Duty Nursing,,S9123,TT,Hour,0.00,0.00,$0.00,0,0,0
,Private Duty Nursing,0582,S9124,,Hour,0.00,0.00,$0.00,0,0,0
,Private Duty Nursing,,S9124,,Hour,0.00,0.00,$0.00,0,0,0
,Private Duty Nursing,,S9124,TT,Hour,0.00,0.00,$0.00,0,0,0
,Respite Care in the Home (RN) (Children's Waiver),,S9125,TD,Per Diem,0.00,0.00,$0.00,0,0,0
,Respite Care in the Home (LPN) (Children's Waiver),,S9125,TE,Per Diem,0.00,0.00,$0.00,0,0,0
,Health Services,,S9445,,Encounter,0.00,0.00,$0.00,0,0,0
,Health Services,,S9446,,Encounter,0.00,0.00,$0.00,0,0,0
Livingston,,,,,,,,,,,
,Health Services,,S9470,,Encounter,0.00,0.00,$0.00,0,0,0
,Intensive Crisis Stabilization-Enrolled Program,,S9484,,Hour,0.00,0.00,$0.00,0,0,0
,Reidential Room and Board,,S9976,,Days,0.00,0.00,$0.00,0,0,0
,Private Duty Nursing,,T1000,,Up to 15 min,0.00,0.00,$0.00,0,0,0
,Private Duty Nursing,,T1000,TD,Up to 15 min,0.00,0.00,$0.00,0,0,0
,Private Duty Nursing,,T1000,TE,Up to 15 min,0.00,0.00,$0.00,0,0,0
,Assessment,,T1001,,Encounter,0.00,0.00,$0.00,0,0,0
,Health Services,,T1002,,Up to 15 min,169.00,475.00,"$49,656.00",294,105,3
,Respite Care,,T1005,,15 Minutes,10.00,"2,384.00","$9,965.00",997,4,238
,Respite Care,,T1005,TD,15 Minutes,0.00,0.00,$0.00,0,0,0
,Respite Care,,T1005,TE,15 Minutes,0.00,0.00,$0.00,0,0,0
,Substance Abuse: Recovery Support Services,"0900, 0906, 0914, 0915, 0916, 0919",T1012,,Encounter,0.00,0.00,$0.00,0,0,0
,Family Psycho-Education - EBP,,T1015,,Encounter,0.00,0.00,$0.00,0,0,0
,Supports Coordination/Wrap Facilitation,,T1016,,15 minutes,83.00,"1,528.00","$161,448.00",1945,106,18
,Targeted Case Management ,,T1017,,15 minutes,398.00,"9,777.00","$534,704.00",1343,55,25
,Nursing Home Mental Health Monitoring,,T1017,SE,15 minutes,23.00,276.00,"$11,476.00",499,42,12
,Personal Care in Licensed Specialized Residential Setting,,T1020,,Days,7.00,978.00,"$28,166.00",4024,29,140
,Personal Care in Licensed Specialized Residential Setting,,T1020,TF,Days,1.00,111.00,"$5,813.00",5813,52,111
,Personal Care in Licensed Specialized Residential Setting,,T1020,TG,Days,2.00,42.00,"$2,902.00",1451,69,21
,Assessments,,T1023,,Encounter,171.00,223.00,"$105,501.00",617,473,1
,Enhanced Medical Supplies or Pharmacy,,T1999,,Items,0.00,0.00,$0.00,0,0,0
,Transportation,,T2001,,Encounter,0.00,0.00,$0.00,0,0,0
,Transportation,,T2002,,Per Diem,0.00,0.00,$0.00,0,0,0
,Transportation,,T2003,,Encounter / Trip,0.00,0.00,$0.00,0,0,0
,Transportation,,T2004,,Encounter,0.00,0.00,$0.00,0,0,0
,Transportation,,T2005,,Encounter,0.00,0.00,$0.00,0,0,0
,Out of Home Prevocational Service,,T2015,,Hour,0.00,0.00,$0.00,0,0,0
,Targeted Case Management (Children's Waiver),,T2023,,Month,0.00,0.00,$0.00,0,0,0
,Fiscal Intermediary Services,,T2025,,Month,14.00,108.00,"$8,810.00",629,82,8
,Enhanced Medical Equipment-Supplies,,T2028,,Items,0.00,0.00,$0.00,0,0,0
,Enhanced Medical Equipment-Supplies,,T2029,,Items,0.00,0.00,$0.00,0,0,0
,Crisis Intervention,,T2034,,Days,0.00,0.00,$0.00,0,0,0
,Respite Care,,T2036,,Encounter / Trip. Per session. One night = one session,0.00,0.00,$0.00,0,0,0
,Respite Care,,T2037,,Encounter / Trip  Per session. One day/partial day = one session,0.00,0.00,$0.00,0,0,0
,Housing Assistance,,T2038,,Month   Service,0.00,0.00,$0.00,0,0,0
,Enhanced Medical Equipment-Supplies,,T2039,,Items,0.00,0.00,$0.00,0,0,0
,Pharmacy (Drugs and Other Biologicals),,,,,0.00,0.00,$0.00,0,0,0
,Other,,,,,0.00,0.00,$0.00,0,0,0
,Aggregate for 'J' Codes,,ALL,,,0.00,0.00,$0.00,0,0,0
Macomb,,,,,,,,,,,
,State Psychiatric Hospital - Inpatient PT22,"0100, 0101, 0114, 0124, 0134, 0154",,PT22,Days,42.00,"10,452.00","$4,617,505.00",109941,442,249
,State Mental Retardation Facility - Inpatient (ICF/MR) PT65,"0100, 0101, 0114, 0124, 0134, 0154",,PT65,Days,0.00,0.00,$0.00,0,0,0
,Local Psychiatric Hospital/IMD PT68,"0100, 0101, 0114, 0124, 0134, 0154",,PT68,Days,"1,510.00","24,244.00","$8,650,935.00",5729,357,16
,Local Psychiatric Hospital - Acute Community PT73,"0100, 0101, 0114, 0124, 0134, 0154",,PT73,Days,543.00,"4,455.00","$1,952,570.00",3596,438,8
,Inpatient Hospital Ancillary Services - Leave of Absence,0183,,,Days,0.00,0.00,$0.00,0,0,0
,Inpatient Hospital Ancillary Services - Pharmacy,"0250-0254, 0257-0258 ",,,,0.00,0.00,$0.00,0,0,0
,Inpatient Hospital Ancillary Services - Medical/Surgical Supplies and Devices,0270-0272,,,# of items,0.00,0.00,$0.00,0,0,0
,Inpatient Hospital Ancillary Services - Laboratory,"0300-0302, 0305-0307",,,# of tests,0.00,0.00,$0.00,0,0,0
,Inpatient Hospital Ancillary Services - Radiology,0320,,,# of tests,0.00,0.00,$0.00,0,0,0
,ECT Anesthesia,0370,,,,0.00,0.00,$0.00,0,0,0
,Inpatient Hospital Ancillary Services - Respiratory Services,0410,,,# of treatments,0.00,0.00,$0.00,0,0,0
,Inpatient Hospital Ancillary Services -Physical Therapy,0420-0424,,,# of treatments,0.00,0.00,$0.00,0,0,0
,Inpatient Hospital Ancillary Services - Occupational Therapy,0430-0434,,,# of treatments,0.00,0.00,$0.00,0,0,0
,Inpatient Hospital Ancillary Services - Speech-Language Pathology,0440-0444,,,# of treatments,0.00,0.00,$0.00,0,0,0
,Inpatient Hospital Ancillary Services - Emergency Room,0450,,,# of visits,"1,324.00","1,834.00","$222,619.00",168,121,1
,Inpatient Hospital Ancillary Services - Pulmonary Function,0460,,,# of tests,0.00,0.00,$0.00,0,0,0
,Inpatient Hospital Ancillary Services - Audiology,0470-0472,,,# of tests,0.00,0.00,$0.00,0,0,0
,Inpatient Hospital Ancillary Services - Magnetic Resonance Technology (MRT),0610-0611,,,# of tests,0.00,0.00,$0.00,0,0,0
,Inpatient Hospital Ancillary Services - Pharmacy,0636,,,# of units,0.00,0.00,$0.00,0,0,0
,ECT Recovery Room,0701,,,,0.00,0.00,$0.00,0,0,0
,Inpatient Hospital Ancillary Services -EKG/ECG,0730-0731,,,# of tests,0.00,0.00,$0.00,0,0,0
,Inpatient Hospital Ancillary Services - EEG,0740,,,# of tests,0.00,0.00,$0.00,0,0,0
,Crisis Observation Care,0762,,,Hour,0.00,0.00,$0.00,0,0,0
,Additional Codes-ECT Facility Charge,0901,,,Encounter,7.00,28.00,"$13,580.00",1940,485,4
,Inpatient Hospital Ancillary Services - Psychiatric/Psychological Treatments/Services,"0900, 0902-0904, 0911, 0914-0919",,,# of visits,0.00,0.00,$0.00,0,0,0
,Outpatient Partial Hospitalization,0912,,,Days,706.00,"4,228.00","$931,007.00",1319,220,6
,Outpatient Partial Hospitalization,0913,,,Days,0.00,0.00,$0.00,0,0,0
,Inpatient Hospital Ancillary Services - Other Diagnosis Services,0925,,,# of tests,0.00,0.00,$0.00,0,0,0
,Inpatient Hospital Ancillary Services - Other Therapeutic Services,0940-0942,,,# of visits,0.00,0.00,$0.00,0,0,0
,Additional Codes-ECT Anesthesia,,00104,,Minutes,0.00,0.00,$0.00,0,0,0
,Drug Screen for Methadone Clients Only,,80100,,Per Screen,0.00,0.00,$0.00,0,0,0
,Drug Screen for Methadone Clients Only,,80101,,Per Screen,0.00,0.00,$0.00,0,0,0
,Alcohol Breath Test for Methadone Clients Only,,82075,,Per Test,0.00,0.00,$0.00,0,0,0
,Medication Administration,,90772,,Encounter,302.00,"1,026.00","$129,155.00",428,126,3
,Assessment-Psychiatric Assessment,,90801,,Encounter,"2,735.00","3,600.00","$655,340.00",240,182,1
,Substance Abuse: Psychiatric Evaluation,,90801,,Encounter,0.00,0.00,$0.00,0,0,0
,Assessment-Psychiatric Assessment,,90802,,Encounter,0.00,0.00,$0.00,0,0,0
,Substance Abuse: Psychiatric Evaluation,,90802,,Encounter,0.00,0.00,$0.00,0,0,0
,Therapy-Individual Therapy,,90804,,Encounter 20-30 Min,933.00,"1,944.00","$163,162.00",175,84,2
,Substance Abuse: Outpatient Treatment,"0900, 0914, 0915, 0916, 0919",90804,,Encounter 20-30 Min,0.00,0.00,$0.00,0,0,0
Macomb,,,,,,,,,,,
,Therapy-Individual Therapy,,90805,,Encounter 20-30 Min,0.00,0.00,$0.00,0,0,0
,Substance Abuse: Outpatient Treatment,"0900, 0914, 0915, 0916, 0919",90805,,Encounter 20-30 Min,0.00,0.00,$0.00,0,0,0
,Therapy-Individual Therapy,,90806,,Encounter 45-50 Min,"3,768.00","33,687.00","$3,497,287.00",928,104,9
,Substance Abuse: Outpatient Treatment,"0900, 0914, 0915, 0916, 0919",90806,,Encounter 45-50 Min,0.00,0.00,$0.00,0,0,0
,Therapy-Individual Therapy,,90807,,Encounter 45-50 Min,0.00,0.00,$0.00,0,0,0
,Substance Abuse: Outpatient Treatment,"0900, 0914, 0915, 0916, 0919",90807,,Encounter 45-50 Min,0.00,0.00,$0.00,0,0,0
,Therapy-Individual Therapy,,90808,,Encounter 75-80 Min,70.00,142.00,"$61,148.00",874,431,2
,Substance Abuse: Outpatient Treatment,"0900, 0914, 0915, 0916, 0919",90808,,Encounter 75-80 Min,0.00,0.00,$0.00,0,0,0
,Therapy-Individual Therapy,,90809,,Encounter 75-80 Min,0.00,0.00,$0.00,0,0,0
,Substance Abuse: Outpatient Treatment,"0900, 0914, 0915, 0916, 0919",90809,,Encounter 75-80 Min,0.00,0.00,$0.00,0,0,0
,Therapy-Individual Therapy,,90810,,Encounter 20-30 Min,0.00,0.00,$0.00,0,0,0
,Substance Abuse: Outpatient Treatment,"0900, 0914, 0915, 0916, 0919",90810,,Encounter 20-30 Min,0.00,0.00,$0.00,0,0,0
,Therapy-Individual Therapy,,90811,,Encounter 20-30 Min,0.00,0.00,$0.00,0,0,0
,Substance Abuse: Outpatient Treatment,"0900, 0914, 0915, 0916, 0919",90811,,Encounter 20-30 Min,0.00,0.00,$0.00,0,0,0
,Therapy-Individual Therapy,,90812,,Encounter 45-50 Min,0.00,0.00,$0.00,0,0,0
,Substance Abuse: Outpatient Treatment,"0900, 0914, 0915, 0916, 0919",90812,,Encounter 45-50 Min,0.00,0.00,$0.00,0,0,0
,Therapy-Individual Therapy,,90813,,Encounter 45-50 Min,0.00,0.00,$0.00,0,0,0
,Substance Abuse: Outpatient Treatment,"0900, 0914, 0915, 0916, 0919",90813,,Encounter 45-50 Min,0.00,0.00,$0.00,0,0,0
,Therapy-Individual Therapy,,90814,,Encounter 75-80 Min,0.00,0.00,$0.00,0,0,0
,Substance Abuse: Outpatient Treatment,"0900, 0914, 0915, 0916, 0919",90814,,Encounter 75-80 Min,0.00,0.00,$0.00,0,0,0
,Therapy-Individual Therapy,,90815,,Encounter 75-80 Min,0.00,0.00,$0.00,0,0,0
,Substance Abuse: Outpatient Treatment,"0900, 0914, 0915, 0916, 0919",90815,,Encounter 75-80 Min,0.00,0.00,$0.00,0,0,0
,Therapy-Individual Therapy,,90816,,Encounter 20-30 Min,0.00,0.00,$0.00,0,0,0
,Therapy-Individual Therapy,,90817,,Encounter 20-30 Min,0.00,0.00,$0.00,0,0,0
,Therapy-Individual Therapy,,90818,,Encounter 45-50 Min,0.00,0.00,$0.00,0,0,0
,Therapy-Individual Therapy,,90819,,Encounter 45-50 Min,0.00,0.00,$0.00,0,0,0
,Therapy-Individual Therapy,,90821,,Encounter 75-80 Min,0.00,0.00,$0.00,0,0,0
,Therapy-Individual Therapy,,90822,,Encounter 75-80 Min,0.00,0.00,$0.00,0,0,0
,Therapy-Individual Therapy,,90823,,Encounter 20-30 Min,0.00,0.00,$0.00,0,0,0
,Therapy-Individual Therapy,,90824,,Encounter 20-30 Min,0.00,0.00,$0.00,0,0,0
,Therapy-Individual Therapy,,90826,,Encounter 45-50 Min,0.00,0.00,$0.00,0,0,0
,Substance Abuse: Psychotherapy (Individual Therapy),,90826,,Encounter 45-50 Min,0.00,0.00,$0.00,0,0,0
,Therapy-Individual Therapy,,90827,,Encounter 45-50 Min,0.00,0.00,$0.00,0,0,0
,Therapy-Individual Therapy,,90828,,Encounter 75-80 Min,0.00,0.00,$0.00,0,0,0
,Therapy-Individual Therapy,,90829,,Encounter 75-80 Min,0.00,0.00,$0.00,0,0,0
,Therapy-Family Therapy,,90846,,Encounter,16.00,16.00,"$4,092.00",256,256,1
,Therapy-Family Therapy,,90847,,Encounter,172.00,452.00,"$95,063.00",553,210,3
,Substance Abuse: Outpatient Treatment,"0900, 0906, 0914, 0915, 0916, 0919",90847,,Encounter,0.00,0.00,$0.00,0,0,0
,Therapy-Family Therapy,,90849,,Encounter,0.00,0.00,$0.00,0,0,0
,Therapy-Family Therapy,,90849,HS,Encounter,0.00,0.00,$0.00,0,0,0
Macomb,,,,,,,,,,,
,Therapy-Group Therapy,,90853,,Encounter,227.00,"2,950.00","$189,218.00",834,64,13
,Substance Abuse: Outpatient Treatment,"0900, 0906, 0914, 0915, 0916, 0919",90853,,Encounter,0.00,0.00,$0.00,0,0,0
,Therapy-Group Therapy,,90857,,Encounter,0.00,0.00,$0.00,0,0,0
,Substance Abuse: Outpatient Treatment,"0900, 0906, 0914, 0915, 0916, 0919",90857,,Encounter,0.00,0.00,$0.00,0,0,0
,Medication Review ,,90862,,Encounter,"5,016.00","29,083.00","$2,967,088.00",592,102,6
,Substance Abuse: Medication Review,"0900, 0914, 0915, 0916, 0919",90862,,Encounter,0.00,0.00,$0.00,0,0,0
,Additional Codes-ECT Physician,,90870,,Encounter,0.00,0.00,$0.00,0,0,0
,Additional Codes-ECT Physician,0901,90870,,Encounter,0.00,0.00,$0.00,0,0,0
,Assessments-Other,,90887,,Encounter,0.00,0.00,$0.00,0,0,0
,Speech & Language Therapy ,,92506,,Encounter,0.00,0.00,$0.00,0,0,0
,Speech & Language Therapy ,,92507,,Encounter,0.00,0.00,$0.00,0,0,0
,Speech & Language Therapy ,,92508,,Encounter,0.00,0.00,$0.00,0,0,0
,Speech & Language Therapy ,,92526,,Encounter,0.00,0.00,$0.00,0,0,0
,Speech & Language Therapy ,,92610,,Encounter,1.00,1.00,$825.00,825,825,1
,Evaluation of Auditory Rehabilitation Status (Children's Waiver),,92626,,First Hour,0.00,0.00,$0.00,0,0,0
,Evaluation of Auditory Rehabiliation Status (Children's Waiver),,92627,,Each Additional 15 Minutes,0.00,0.00,$0.00,0,0,0
,Auditory Rehabilitation Preling Hearing Loss (Children's Waiver),,92630,,Encounter,0.00,0.00,$0.00,0,0,0
,Auditory Rehabilitation; Post-Lingual Hearing Loss (Children's Waiver),,92633,,Encounter,0.00,0.00,$0.00,0,0,0
,Psychological Testing PSYCH/PHYS ,,96101,,Per Hour,42.00,136.00,"$19,380.00",461,143,3
,Psychological Testing by Technician ,,96102,,Per Hour,0.00,0.00,$0.00,0,0,0
,Psychological Testing by Comp ,,96103,,Per Hour,0.00,0.00,$0.00,0,0,0
,Assessments-Other,,96105,,Encounter,0.00,0.00,$0.00,0,0,0
,Assessments-Other,,96110,,Encounter,0.00,0.00,$0.00,0,0,0
,Assessments-Other,,96111,,Encounter,0.00,0.00,$0.00,0,0,0
,Neurobehavioral Status Exam (Children's Waiver),,96116,,Per Hour,7.00,23.00,"$8,364.00",1195,364,3
,Neuropsych test by Psych/Phys ,,96118,,Per Hour,5.00,13.00,"$3,688.00",738,284,3
,Neuropsych test by Tech ,,96119,,Per Hour,0.00,0.00,$0.00,0,0,0
,Neuropsych test Admin w/Comp ,,96120,,Per Hour,0.00,0.00,$0.00,0,0,0
,Medication Administration,,96372,,Encounter,392.00,"3,116.00","$390,573.00",996,125,8
,Physical Therapy,,97001,,Encounter,2.00,2.00,$240.00,120,120,1
,Physical Therapy,,97002,,Encounter,0.00,0.00,$0.00,0,0,0
,Occupational Therapy,,97003,,Encounter,2.00,3.00,$801.00,401,267,2
,Occupational Therapy,,97004,,Encounter,0.00,0.00,$0.00,0,0,0
,Occupational or Physical Therapy,,97110,,15 Minutes,2.00,604.00,"$10,684.00",5342,18,302
,Occupational or Physical Therapy,,97112,,15 Minutes,0.00,0.00,$0.00,0,0,0
,Occupational or Physical Therapy,,97113,,15 Minutes,0.00,0.00,$0.00,0,0,0
,Occupational or Physical Therapy,,97116,,15 Minutes,0.00,0.00,$0.00,0,0,0
,Occupational or Physical Therapy,,97124,,15 Minutes,0.00,0.00,$0.00,0,0,0
,Occupational or Physical Therapy,,97140,,15 Minutes,0.00,0.00,$0.00,0,0,0
,Occupational or Physical Therapy,,97150,,Encounter,0.00,0.00,$0.00,0,0,0
,Occupational or Physical Therapy,,97530,,15 Minutes,4.00,651.00,"$11,840.00",2960,18,163
,Occupational or Physical Therapy,,97532,,15 Minutes,0.00,0.00,$0.00,0,0,0
,Occupational or Physical Therapy,,97533,,15 Minutes,0.00,0.00,$0.00,0,0,0
,Occupational or Physical Therapy,,97535,,15 Minutes,0.00,0.00,$0.00,0,0,0
,Occupational or Physical Therapy,,97537,,15 Minutes,0.00,0.00,$0.00,0,0,0
,Occupational or Physical Therapy,,97542,,15 Minutes,1.00,2.00,$180.00,180,90,2
,Occupational Therapy,,97703,,15 Minutes,0.00,0.00,$0.00,0,0,0
Macomb,,,,,,,,,,,
,Occupational Therapy,,97750,,15 Minutes,0.00,0.00,$0.00,0,0,0
,Occupational Therapy,,97755,,15 Minutes,0.00,0.00,$0.00,0,0,0
,Occupational Therapy,,97760,,15 Minutes,0.00,0.00,$0.00,0,0,0
,C/O for Orthotic/Prosth Use ,,97762,,15 minutes,0.00,0.00,$0.00,0,0,0
,Assessment or Health Services,,97802,,15 Minutes,37.00,142.00,"$18,492.00",500,130,4
,Assessment or Health Services,,97803,,15 Minutes,62.00,600.00,"$78,244.00",1262,130,10
,Health Services,,97804,,30 Minutes,0.00,0.00,$0.00,0,0,0
,Additional Codes-Physician Services,,99201,,Encounter,0.00,0.00,$0.00,0,0,0
,Additional Codes-Physician Services,,99202,,Encounter,0.00,0.00,$0.00,0,0,0
,Additional Codes-Physician Services,,99203,,Encounter,0.00,0.00,$0.00,0,0,0
,Additional Codes-Physician Services,,99204,,Encounter,0.00,0.00,$0.00,0,0,0
,Additional Codes-Physician Services,,99205,,Encounter,0.00,0.00,$0.00,0,0,0
,Additional Codes-Physician Services  Medication Administration,,99211,,Encounter,1.00,6.00,$21.00,21,4,6
,Additional Codes-Physician Services,,99212,,Encounter,0.00,0.00,$0.00,0,0,0
,Additional Codes-Physician Services,,99213,,Encounter,0.00,0.00,$0.00,0,0,0
,Additional Codes-Physician Services,,99214,,Encounter,0.00,0.00,$0.00,0,0,0
,Additional Codes-Physician Services,,99215,,Encounter,0.00,0.00,$0.00,0,0,0
,Additional Codes-Physician Services,,99221,,30 Minutes,0.00,0.00,$0.00,0,0,0
,Additional Codes-Physician Services,,99222,,50 Minutes,0.00,0.00,$0.00,0,0,0
,Additional Codes-Physician Services,,99223,,70 Minutes,0.00,0.00,$0.00,0,0,0
,Additional Codes-Physician Services,,99231,,15 Minutes,0.00,0.00,$0.00,0,0,0
,Additional Codes-Physician Services,,99232,,25 minutes,0.00,0.00,$0.00,0,0,0
,Additional Codes-Physician Services,,99233,,35 Minutes,0.00,0.00,$0.00,0,0,0
,Additional Codes-Physician Services,,99238,,30 Minutes or less,0.00,0.00,$0.00,0,0,0
,Additional Codes-Physician Services,,99241,,Encounter,0.00,0.00,$0.00,0,0,0
,Additional Codes-Physician Services,,99242,,Encounter,0.00,0.00,$0.00,0,0,0
,Additional Codes-Physician Services,,99243,,Encounter,0.00,0.00,$0.00,0,0,0
,Additional Codes-Physician Services,,99244,,Encounter,0.00,0.00,$0.00,0,0,0
,Additional Codes-Physician Services,,99245,,Encounter,0.00,0.00,$0.00,0,0,0
,Additional Codes-Physician Services,,99251,,Encounter,0.00,0.00,$0.00,0,0,0
,Additional Codes-Physician Services,,99252,,Encounter,0.00,0.00,$0.00,0,0,0
,Additional Codes-Physician Services,,99253,,Encounter,0.00,0.00,$0.00,0,0,0
,Additional Codes-Physician Services,,99254,,Encounter,0.00,0.00,$0.00,0,0,0
,Additional Codes-Physician Services,,99255,,Encounter,0.00,0.00,$0.00,0,0,0
,Additional Codes-Physician Services,,99261,,Encounter,0.00,0.00,$0.00,0,0,0
,Additional Codes-Physician Services,,99262,,Encounter,0.00,0.00,$0.00,0,0,0
,Additional Codes-Physician Services,,99263,,Encounter,0.00,0.00,$0.00,0,0,0
,Additional Codes-Physician Services,,99271,,Encounter,0.00,0.00,$0.00,0,0,0
,Additional Codes-Physician Services,,99272,,Encounter,0.00,0.00,$0.00,0,0,0
,Additional Codes-Physician Services,,99273,,Encounter,0.00,0.00,$0.00,0,0,0
,Additional Codes-Physician Services,,99274,,Encounter,0.00,0.00,$0.00,0,0,0
,Additional Codes-Physician Services,,99275,,Encounter,0.00,0.00,$0.00,0,0,0
,Medication Administration,,99605,,Encounter,0.00,0.00,$0.00,0,0,0
,Transportation,,A0080,,Per mile,0.00,0.00,$0.00,0,0,0
,Transportation,,A0090,,Per mile,0.00,0.00,$0.00,0,0,0
,Transportation,,A0100,,Per one-way trip,0.00,0.00,$0.00,0,0,0
,Transportation,,A0110,,Per one-way trip,0.00,0.00,$0.00,0,0,0
,Transportation,,A0120,,Per one-way trip,26.00,888.00,"$8,746.00",336,10,34
,Transportation,,A0130,,Per one-way trip,0.00,0.00,$0.00,0,0,0
,Transportation,,A0140,,Per one-way trip,0.00,0.00,$0.00,0,0,0
Macomb,,,,,,,,,,,
,Transportation,,A0170,,,0.00,0.00,$0.00,0,0,0
,Additional Codes-Transportation,,A0425,,Per Mile,0.00,0.00,$0.00,0,0,0
,Additional Codes-Transportation,,A0427,,Refer to code descriptions.,0.00,0.00,$0.00,0,0,0
,Additional codes - Transportation,,A0428,,,0.00,0.00,$0.00,0,0,0
,Repair or Non-Routine Service for DME (Children's Waiver),,E1340,,15 Minutes,0.00,0.00,$0.00,0,0,0
,Enhanced Medical Equipment-Supplies,,E1399,,Items,0.00,0.00,$0.00,0,0,0
,Activity Therapy (Children's Waiver),,G0176,,Encounter,0.00,0.00,$0.00,0,0,0
,Family Training/Support EBP only,,G0177,,Encounter Session at least 45 min,22.00,141.00,"$37,771.00",1717,268,6
,Substance Abuse: Individual Assessment,,H0001,,Encounter,0.00,0.00,$0.00,0,0,0
,Assessment ,,H0002,,Encounter,0.00,0.00,$0.00,0,0,0
,Substance Abuse: Individual Assessment,,H0002,,Encounter,0.00,0.00,$0.00,0,0,0
,Substance Abuse:Laboratory,,H0003,,Encounter,0.00,0.00,$0.00,0,0,0
,Substance Abuse: Outpatient Treatment,"0900, 0906, 0914, 0915, 0916, 0919",H0004,,15 Minutes,0.00,0.00,$0.00,0,0,0
,Substance Abuse: Outpatient Treatment,"0900, 0906, 0914, 0915, 0916, 0919",H0005,,Encounter,0.00,0.00,$0.00,0,0,0
,Substance Abuse: Case Management,,H0006,,Encounter,0.00,0.00,$0.00,0,0,0
,Substance Abuse: Sub-Acute Detoxification,1002,H0010,,Days,0.00,0.00,$0.00,0,0,0
,Substance Abuse: Sub-Acute Detoxification,1002,H0012,,Days,0.00,0.00,$0.00,0,0,0
,Substance Abuse: Sub-Acute Detoxification,1002,H0014,,Days,0.00,0.00,$0.00,0,0,0
,Substance Abuse: Outpatient Care,"0900, 0906, 0914, 0915, 0916, 0919",H0015,,Days,0.00,0.00,$0.00,0,0,0
,Crisis Residential Services,,H0018,,Days,163.00,"1,718.00","$607,868.00",3729,354,11
,Substance Abuse: Residential,1002,H0018,,Days,0.00,0.00,$0.00,0,0,0
,Substance Abuse: Residential,1002,H0019,,Days,0.00,0.00,$0.00,0,0,0
,Substance Abuse: Methadone,,H0020,,Encounter,0.00,0.00,$0.00,0,0,0
,Substance Abuse: Early Intervention,,H0022,,Encounter,0.00,0.00,$0.00,0,0,0
,Peer Directed and Operated Support Services,,H0023,,Encounter,0.00,0.00,$0.00,0,0,0
,Prevention Services - Direct Model,,H0025,,Face to Face Contact,0.00,0.00,$0.00,0,0,0
,Crisis Intervention,,H0030,,Per Service,0.00,0.00,$0.00,0,0,0
,Assessment ,,H0031,,Encounter,"4,260.00","4,804.00","$991,844.00",233,206,1
,Substance Abuse: Assessment,,H0031,,Encounter,0.00,0.00,$0.00,0,0,0
,Treatment Planning,,H0032,,Encounter,"3,483.00","5,806.00","$819,751.00",235,141,2
,Monitoring of Treatment - Clinician,,H0032,TS,Encounter,4.00,27.00,"$6,640.00",1660,246,7
,Substance Abuse: Pharmalogical Support - Suboxane,,H0033,,Direct Observation Encounter,0.00,0.00,$0.00,0,0,0
,Health Services,,H0034,,15 Minutes,"1,003.00","4,834.00","$297,176.00",296,61,5
,Home Based Services,,H0036,,15 Minutes,35.00,"6,142.00","$466,279.00",13322,76,175
,Home Based Services,,H0036,ST,15 Minutes,0.00,0.00,$0.00,0,0,0
,Community Psychiatric Supportive Treatment ,,H0037,,Per diem,0.00,0.00,$0.00,0,0,0
,Peer Directed and Operated Support Services,,H0038,,15 minutes,35.00,352.00,"$6,109.00",175,17,10
,Peer Directed and Operated Support Services,,NA,,,650.00,"67,600.00","$197,474.00",304,3,104
,Assertive Community Treatment (ACT),,H0039,,15 Minutes,216.00,"15,988.00","$1,524,290.00",7057,95,74
,Community Living Supports in Independent living/own home,,H0043,,Per diem,115.00,"27,732.00","$1,596,394.00",13882,58,241
,Community Living Supports in Independent living/own home,,H0043,TT,Per diem,2.00,426.00,"$65,404.00",32702,154,213
,Respite,,H0045,,Days,2.00,28.00,"$5,933.00",2967,212,14
,Respite (Children's Waiver),,H0045,TD,Per Diem,0.00,0.00,$0.00,0,0,0
,Respite (Children's Waiver),,H0045,TE,Per Diem,0.00,0.00,$0.00,0,0,0
,Substance Abuse:Laboratory (cells now unlocked),,H0048,,Encounter,0.00,0.00,$0.00,0,0,0
,Substance Abuse: Individual Assessment,,H0049,,Encounter,0.00,0.00,$0.00,0,0,0
,Behavior Treatment Plan Review,,H2000,,Encounter,15.00,35.00,"$3,407.00",227,97,2
,Behavior Treatment Plan Review - Monitoring Activities,,H2000,TS,Encounter,0.00,0.00,$0.00,0,0,0
Macomb,,,,,,,,,,,
,Comprehensive Medication Services - EBP only,,H2010,,15 minutes,0.00,0.00,$0.00,0,0,0
,Crisis Intervention,,H2011,,15 Minutes,145.00,687.00,"$77,641.00",535,113,5
,Skill-Building and Out of Home Non Vocational Habilitation,,H2014,,15 minutes,108.00,"185,074.00","$472,880.00",4379,3,1714
,Skill-Building and Out of Home Non Vocational Habilitation,,H2014,TT,15 Minutes,1.00,"2,438.00","$7,247.00",7247,3,2438
,Community Living Supports (15 Minutes),,H2015,,15 Minutes,77.00,"108,466.00","$405,026.00",5260,4,1409
,Community Living Supports (15 Minutes),,H2015,TT,15 Minutes,33.00,"32,120.00","$84,548.00",2562,3,973
,Community Living Supports (Daily),,H2016,,Per Diem,19.00,"5,492.00","$193,162.00",10166,35,289
,Community Living Supports (Daily),,H2016,TF,Per Diem,142.00,"34,863.00","$2,379,919.00",16760,68,246
,Community Living Supports (Daily),,H2016,TG,Per Diem,196.00,"53,465.00","$6,180,542.00",31533,116,273
,Behavior Services,,H2019,,15 Minutes,27.00,654.00,"$29,372.00",1088,45,24
,Behavior Services,,H2019,TT,15 Minutes,0.00,0.00,$0.00,0,0,0
,Crisis Intervention,,H2020,,Days,0.00,0.00,$0.00,0,0,0
,Wraparound,,H2021,,15 Minutes,0.00,0.00,$0.00,0,0,0
,Wraparound,,H2022,,Days,0.00,0.00,$0.00,0,0,0
,Supported Employment Services,,H2023,,15 minutes,9.00,"6,022.00","$12,070.00",1341,2,669
,Supported Employment Services,,H2023,TT,15 Minutes,0.00,0.00,$0.00,0,0,0
,Mental Health Therapy,,H2027,,15 Minutes,0.00,0.00,$0.00,0,0,0
,Clubhouse Psychosocial Rehabilitation Programs ,,H2030,,15 Minutes,158.00,"213,765.00","$934,428.00",5914,4,1353
,Home Based Services,,H2033,,15 Minutes,0.00,0.00,$0.00,0,0,0
,Substance Abuse: Outpatient Care,"0900, 0906, 0914, 0915, 0916, 0919",H2035,,Hour,0.00,0.00,$0.00,0,0,0
,Substance Abuse: Outpatient Care,"0900, 0906, 0914, 0915, 0916, 0919",H2036,,Per Diem,0.00,0.00,$0.00,0,0,0
,Medication Review ,,M0064,,"Encounter Face-to-Face, generally less than 10 minutes",0.00,0.00,$0.00,0,0,0
,Transportation,,S0209,,Per Mile,0.00,0.00,$0.00,0,0,0
,Transportation,,S0215,,Per Mile,0.00,0.00,$0.00,0,0,0
,Family Training - EBP,,S5110,,15 Minutes,31.00,581.00,"$44,138.00",1424,76,19
,Family Training,,S5111,,Encounter,2.00,12.00,"$1,253.00",627,104,6
,Family Training,,S5111,HA,Encounter,0.00,0.00,$0.00,0,0,0
,"Home Care Training, Non-Family (Children's Waiver)",,S5116,,Encounter,0.00,0.00,$0.00,0,0,0
,Chore Services,,S5120,,15 Minutes,0.00,0.00,$0.00,0,0,0
,Foster Care,,S5140,,Days,0.00,0.00,$0.00,0,0,0
,Foster Care,,S5145,,Days,0.00,0.00,$0.00,0,0,0
,Respite,,S5150,,15 Minutes,3.00,736.00,"$1,470.00",490,2,245
,Respite,,S5151,,Per Diem,0.00,0.00,$0.00,0,0,0
,Personal Emergency Response System (PERS),,S5160,,Encounter,0.00,0.00,$0.00,0,0,0
,Personal Emergency Response System (PERS),,S5161,,Month,0.00,0.00,$0.00,0,0,0
,Environmental Modification ,,S5165,,Service,0.00,0.00,$0.00,0,0,0
,Enhanced Medical Equipment-Supplies,,S5199,,Items,1.00,2.00,$412.00,412,206,2
,Occupational or Physical Therapy,,S8990,,Encounter,0.00,0.00,$0.00,0,0,0
,Private Duty Nursing,0582,S9123,,Hour,0.00,0.00,$0.00,0,0,0
,Private Duty Nursing,,S9123,,Hour,0.00,0.00,$0.00,0,0,0
,Private Duty Nursing,,S9123,TT,Hour,0.00,0.00,$0.00,0,0,0
,Private Duty Nursing,0582,S9124,,Hour,0.00,0.00,$0.00,0,0,0
,Private Duty Nursing,,S9124,,Hour,0.00,0.00,$0.00,0,0,0
,Private Duty Nursing,,S9124,TT,Hour,0.00,0.00,$0.00,0,0,0
,Respite Care in the Home (RN) (Children's Waiver),,S9125,TD,Per Diem,0.00,0.00,$0.00,0,0,0
,Respite Care in the Home (LPN) (Children's Waiver),,S9125,TE,Per Diem,0.00,0.00,$0.00,0,0,0
,Health Services,,S9445,,Encounter,0.00,0.00,$0.00,0,0,0
,Health Services,,S9446,,Encounter,9.00,29.00,"$1,529.00",170,53,3
Macomb,,,,,,,,,,,
,Health Services,,S9470,,Encounter,1.00,2.00,$284.00,284,142,2
,Intensive Crisis Stabilization-Enrolled Program,,S9484,,Hour,36.00,65.00,"$23,285.00",647,358,2
,Reidential Room and Board,,S9976,,Days,1.00,228.00,"$5,627.00",5627,25,228
,Private Duty Nursing,,T1000,,Up to 15 min,0.00,0.00,$0.00,0,0,0
,Private Duty Nursing,,T1000,TD,Up to 15 min,0.00,0.00,$0.00,0,0,0
,Private Duty Nursing,,T1000,TE,Up to 15 min,0.00,0.00,$0.00,0,0,0
,Assessment,,T1001,,Encounter,426.00,438.00,"$113,750.00",267,260,1
,Health Services,,T1002,,Up to 15 min,676.00,"10,013.00","$798,656.00",1181,80,15
,Respite Care,,T1005,,15 Minutes,10.00,"7,367.00","$24,935.00",2494,3,737
,Respite Care,,T1005,TD,15 Minutes,0.00,0.00,$0.00,0,0,0
,Respite Care,,T1005,TE,15 Minutes,1.00,46.00,$365.00,365,8,46
,Substance Abuse: Recovery Support Services,"0900, 0906, 0914, 0915, 0916, 0919",T1012,,Encounter,0.00,0.00,$0.00,0,0,0
,Family Psycho-Education - EBP,,T1015,,Encounter,71.00,160.00,"$16,370.00",231,102,2
,Supports Coordination/Wrap Facilitation,,T1016,,15 minutes,39.00,"1,951.00","$122,303.00",3136,63,50
,Targeted Case Management ,,T1017,,15 minutes,"1,592.00","62,355.00","$4,828,488.00",3033,77,39
,Nursing Home Mental Health Monitoring,,T1017,SE,15 minutes,52.00,"1,544.00","$127,507.00",2452,83,30
,Personal Care in Licensed Specialized Residential Setting,,T1020,,Days,212.00,"56,639.00","$1,620,688.00",7645,29,267
,Personal Care in Licensed Specialized Residential Setting,,T1020,TF,Days,101.00,"29,014.00","$1,792,118.00",17744,62,287
,Personal Care in Licensed Specialized Residential Setting,,T1020,TG,Days,27.00,"6,317.00","$673,193.00",24933,107,234
,Assessments,,T1023,,Encounter,0.00,0.00,$0.00,0,0,0
,Enhanced Medical Supplies or Pharmacy,,T1999,,Items,1.00,10.00,$454.00,454,45,10
,Transportation,,T2001,,Encounter,0.00,0.00,$0.00,0,0,0
,Transportation,,T2002,,Per Diem,0.00,0.00,$0.00,0,0,0
,Transportation,,T2003,,Encounter / Trip,0.00,0.00,$0.00,0,0,0
,Transportation,,T2004,,Encounter,0.00,0.00,$0.00,0,0,0
,Transportation,,T2005,,Encounter,0.00,0.00,$0.00,0,0,0
,Out of Home Prevocational Service,,T2015,,Hour,0.00,0.00,$0.00,0,0,0
,Targeted Case Management (Children's Waiver),,T2023,,Month,0.00,0.00,$0.00,0,0,0
,Fiscal Intermediary Services,,T2025,,Month,0.00,0.00,$0.00,0,0,0
,Enhanced Medical Equipment-Supplies,,T2028,,Items,0.00,0.00,$0.00,0,0,0
,Enhanced Medical Equipment-Supplies,,T2029,,Items,0.00,0.00,$0.00,0,0,0
,Crisis Intervention,,T2034,,Days,0.00,0.00,$0.00,0,0,0
,Respite Care,,T2036,,Encounter / Trip. Per session. One night = one session,0.00,0.00,$0.00,0,0,0
,Respite Care,,T2037,,Encounter / Trip  Per session. One day/partial day = one session,0.00,0.00,$0.00,0,0,0
,Housing Assistance,,T2038,,Month   Service,108.00,816.00,"$114,090.00",1056,140,8
,Enhanced Medical Equipment-Supplies,,T2039,,Items,0.00,0.00,$0.00,0,0,0
,Pharmacy (Drugs and Other Biologicals),,,,,0.00,0.00,$0.00,0,0,0
,Other,,,,,0.00,0.00,$0.00,0,0,0
,Aggregate for 'J' Codes,,ALL,,,358.00,0.00,"$284,799.00",796,0,0
Manistee-Benzie,,,,,,,,,,,
,State Psychiatric Hospital - Inpatient PT22,"0100, 0101, 0114, 0124, 0134, 0154",,PT22,Days,2.00,51.00,"$10,067.00",5033,197,26
,State Mental Retardation Facility - Inpatient (ICF/MR) PT65,"0100, 0101, 0114, 0124, 0134, 0154",,PT65,Days,0.00,0.00,$0.00,0,0,0
,Local Psychiatric Hospital/IMD PT68,"0100, 0101, 0114, 0124, 0134, 0154",,PT68,Days,0.00,0.00,$0.00,0,0,0
,Local Psychiatric Hospital - Acute Community PT73,"0100, 0101, 0114, 0124, 0134, 0154",,PT73,Days,61.00,375.00,"$254,721.00",4176,679,6
,Inpatient Hospital Ancillary Services - Leave of Absence,0183,,,Days,0.00,0.00,$0.00,0,0,0
,Inpatient Hospital Ancillary Services - Pharmacy,"0250-0254, 0257-0258 ",,,,0.00,0.00,$0.00,0,0,0
,Inpatient Hospital Ancillary Services - Medical/Surgical Supplies and Devices,0270-0272,,,# of items,0.00,0.00,$0.00,0,0,0
,Inpatient Hospital Ancillary Services - Laboratory,"0300-0302, 0305-0307",,,# of tests,0.00,0.00,$0.00,0,0,0
,Inpatient Hospital Ancillary Services - Radiology,0320,,,# of tests,0.00,0.00,$0.00,0,0,0
,ECT Anesthesia,0370,,,,0.00,0.00,$0.00,0,0,0
,Inpatient Hospital Ancillary Services - Respiratory Services,0410,,,# of treatments,0.00,0.00,$0.00,0,0,0
,Inpatient Hospital Ancillary Services -Physical Therapy,0420-0424,,,# of treatments,0.00,0.00,$0.00,0,0,0
,Inpatient Hospital Ancillary Services - Occupational Therapy,0430-0434,,,# of treatments,0.00,0.00,$0.00,0,0,0
,Inpatient Hospital Ancillary Services - Speech-Language Pathology,0440-0444,,,# of treatments,0.00,0.00,$0.00,0,0,0
,Inpatient Hospital Ancillary Services - Emergency Room,0450,,,# of visits,0.00,0.00,$0.00,0,0,0
,Inpatient Hospital Ancillary Services - Pulmonary Function,0460,,,# of tests,0.00,0.00,$0.00,0,0,0
,Inpatient Hospital Ancillary Services - Audiology,0470-0472,,,# of tests,0.00,0.00,$0.00,0,0,0
,Inpatient Hospital Ancillary Services - Magnetic Resonance Technology (MRT),0610-0611,,,# of tests,0.00,0.00,$0.00,0,0,0
,Inpatient Hospital Ancillary Services - Pharmacy,0636,,,# of units,0.00,0.00,$0.00,0,0,0
,ECT Recovery Room,0701,,,,0.00,0.00,$0.00,0,0,0
,Inpatient Hospital Ancillary Services -EKG/ECG,0730-0731,,,# of tests,0.00,0.00,$0.00,0,0,0
,Inpatient Hospital Ancillary Services - EEG,0740,,,# of tests,0.00,0.00,$0.00,0,0,0
,Crisis Observation Care,0762,,,Hour,0.00,0.00,$0.00,0,0,0
,Additional Codes-ECT Facility Charge,0901,,,Encounter,0.00,0.00,$0.00,0,0,0
,Inpatient Hospital Ancillary Services - Psychiatric/Psychological Treatments/Services,"0900, 0902-0904, 0911, 0914-0919",,,# of visits,0.00,0.00,$0.00,0,0,0
,Outpatient Partial Hospitalization,0912,,,Days,0.00,0.00,$0.00,0,0,0
,Outpatient Partial Hospitalization,0913,,,Days,5.00,23.00,"$8,268.00",1654,359,5
,Inpatient Hospital Ancillary Services - Other Diagnosis Services,0925,,,# of tests,0.00,0.00,$0.00,0,0,0
,Inpatient Hospital Ancillary Services - Other Therapeutic Services,0940-0942,,,# of visits,0.00,0.00,$0.00,0,0,0
,Additional Codes-ECT Anesthesia,,00104,,Minutes,0.00,0.00,$0.00,0,0,0
,Drug Screen for Methadone Clients Only,,80100,,Per Screen,0.00,0.00,$0.00,0,0,0
,Drug Screen for Methadone Clients Only,,80101,,Per Screen,0.00,0.00,$0.00,0,0,0
,Alcohol Breath Test for Methadone Clients Only,,82075,,Per Test,0.00,0.00,$0.00,0,0,0
,Medication Administration,,90772,,Encounter,18.00,82.00,"$2,125.00",118,26,5
,Assessment-Psychiatric Assessment,,90801,,Encounter,89.00,92.00,"$95,442.00",1072,1037,1
,Substance Abuse: Psychiatric Evaluation,,90801,,Encounter,0.00,0.00,$0.00,0,0,0
,Assessment-Psychiatric Assessment,,90802,,Encounter,0.00,0.00,$0.00,0,0,0
,Substance Abuse: Psychiatric Evaluation,,90802,,Encounter,0.00,0.00,$0.00,0,0,0
,Therapy-Individual Therapy,,90804,,Encounter 20-30 Min,97.00,188.00,"$14,843.00",153,79,2
,Substance Abuse: Outpatient Treatment,"0900, 0914, 0915, 0916, 0919",90804,,Encounter 20-30 Min,0.00,0.00,$0.00,0,0,0
Manistee-Benzie,,,,,,,,,,,
,Therapy-Individual Therapy,,90805,,Encounter 20-30 Min,0.00,0.00,$0.00,0,0,0
,Substance Abuse: Outpatient Treatment,"0900, 0914, 0915, 0916, 0919",90805,,Encounter 20-30 Min,0.00,0.00,$0.00,0,0,0
,Therapy-Individual Therapy,,90806,,Encounter 45-50 Min,280.00,"1,931.00","$254,013.00",907,132,7
,Substance Abuse: Outpatient Treatment,"0900, 0914, 0915, 0916, 0919",90806,,Encounter 45-50 Min,0.00,0.00,$0.00,0,0,0
,Therapy-Individual Therapy,,90807,,Encounter 45-50 Min,0.00,0.00,$0.00,0,0,0
,Substance Abuse: Outpatient Treatment,"0900, 0914, 0915, 0916, 0919",90807,,Encounter 45-50 Min,0.00,0.00,$0.00,0,0,0
,Therapy-Individual Therapy,,90808,,Encounter 75-80 Min,20.00,22.00,"$4,842.00",242,220,1
,Substance Abuse: Outpatient Treatment,"0900, 0914, 0915, 0916, 0919",90808,,Encounter 75-80 Min,0.00,0.00,$0.00,0,0,0
,Therapy-Individual Therapy,,90809,,Encounter 75-80 Min,0.00,0.00,$0.00,0,0,0
,Substance Abuse: Outpatient Treatment,"0900, 0914, 0915, 0916, 0919",90809,,Encounter 75-80 Min,0.00,0.00,$0.00,0,0,0
,Therapy-Individual Therapy,,90810,,Encounter 20-30 Min,0.00,0.00,$0.00,0,0,0
,Substance Abuse: Outpatient Treatment,"0900, 0914, 0915, 0916, 0919",90810,,Encounter 20-30 Min,0.00,0.00,$0.00,0,0,0
,Therapy-Individual Therapy,,90811,,Encounter 20-30 Min,0.00,0.00,$0.00,0,0,0
,Substance Abuse: Outpatient Treatment,"0900, 0914, 0915, 0916, 0919",90811,,Encounter 20-30 Min,0.00,0.00,$0.00,0,0,0
,Therapy-Individual Therapy,,90812,,Encounter 45-50 Min,0.00,0.00,$0.00,0,0,0
,Substance Abuse: Outpatient Treatment,"0900, 0914, 0915, 0916, 0919",90812,,Encounter 45-50 Min,0.00,0.00,$0.00,0,0,0
,Therapy-Individual Therapy,,90813,,Encounter 45-50 Min,0.00,0.00,$0.00,0,0,0
,Substance Abuse: Outpatient Treatment,"0900, 0914, 0915, 0916, 0919",90813,,Encounter 45-50 Min,0.00,0.00,$0.00,0,0,0
,Therapy-Individual Therapy,,90814,,Encounter 75-80 Min,0.00,0.00,$0.00,0,0,0
,Substance Abuse: Outpatient Treatment,"0900, 0914, 0915, 0916, 0919",90814,,Encounter 75-80 Min,0.00,0.00,$0.00,0,0,0
,Therapy-Individual Therapy,,90815,,Encounter 75-80 Min,0.00,0.00,$0.00,0,0,0
,Substance Abuse: Outpatient Treatment,"0900, 0914, 0915, 0916, 0919",90815,,Encounter 75-80 Min,0.00,0.00,$0.00,0,0,0
,Therapy-Individual Therapy,,90816,,Encounter 20-30 Min,0.00,0.00,$0.00,0,0,0
,Therapy-Individual Therapy,,90817,,Encounter 20-30 Min,0.00,0.00,$0.00,0,0,0
,Therapy-Individual Therapy,,90818,,Encounter 45-50 Min,0.00,0.00,$0.00,0,0,0
,Therapy-Individual Therapy,,90819,,Encounter 45-50 Min,0.00,0.00,$0.00,0,0,0
,Therapy-Individual Therapy,,90821,,Encounter 75-80 Min,0.00,0.00,$0.00,0,0,0
,Therapy-Individual Therapy,,90822,,Encounter 75-80 Min,0.00,0.00,$0.00,0,0,0
,Therapy-Individual Therapy,,90823,,Encounter 20-30 Min,0.00,0.00,$0.00,0,0,0
,Therapy-Individual Therapy,,90824,,Encounter 20-30 Min,0.00,0.00,$0.00,0,0,0
,Therapy-Individual Therapy,,90826,,Encounter 45-50 Min,0.00,0.00,$0.00,0,0,0
,Substance Abuse: Psychotherapy (Individual Therapy),,90826,,Encounter 45-50 Min,0.00,0.00,$0.00,0,0,0
,Therapy-Individual Therapy,,90827,,Encounter 45-50 Min,0.00,0.00,$0.00,0,0,0
,Therapy-Individual Therapy,,90828,,Encounter 75-80 Min,0.00,0.00,$0.00,0,0,0
,Therapy-Individual Therapy,,90829,,Encounter 75-80 Min,0.00,0.00,$0.00,0,0,0
,Therapy-Family Therapy,,90846,,Encounter,0.00,0.00,$0.00,0,0,0
,Therapy-Family Therapy,,90847,,Encounter,0.00,0.00,$0.00,0,0,0
,Substance Abuse: Outpatient Treatment,"0900, 0906, 0914, 0915, 0916, 0919",90847,,Encounter,0.00,0.00,$0.00,0,0,0
,Therapy-Family Therapy,,90849,,Encounter,0.00,0.00,$0.00,0,0,0
,Therapy-Family Therapy,,90849,HS,Encounter,0.00,0.00,$0.00,0,0,0
Manistee-Benzie,,,,,,,,,,,
,Therapy-Group Therapy,,90853,,Encounter,76.00,685.00,"$36,333.00",478,53,9
,Substance Abuse: Outpatient Treatment,"0900, 0906, 0914, 0915, 0916, 0919",90853,,Encounter,0.00,0.00,$0.00,0,0,0
,Therapy-Group Therapy,,90857,,Encounter,0.00,0.00,$0.00,0,0,0
,Substance Abuse: Outpatient Treatment,"0900, 0906, 0914, 0915, 0916, 0919",90857,,Encounter,0.00,0.00,$0.00,0,0,0
,Medication Review ,,90862,,Encounter,330.00,"1,518.00","$458,956.00",1391,302,5
,Substance Abuse: Medication Review,"0900, 0914, 0915, 0916, 0919",90862,,Encounter,0.00,0.00,$0.00,0,0,0
,Additional Codes-ECT Physician,,90870,,Encounter,0.00,0.00,$0.00,0,0,0
,Additional Codes-ECT Physician,0901,90870,,Encounter,0.00,0.00,$0.00,0,0,0
,Assessments-Other,,90887,,Encounter,0.00,0.00,$0.00,0,0,0
,Speech & Language Therapy ,,92506,,Encounter,0.00,0.00,$0.00,0,0,0
,Speech & Language Therapy ,,92507,,Encounter,0.00,0.00,$0.00,0,0,0
,Speech & Language Therapy ,,92508,,Encounter,0.00,0.00,$0.00,0,0,0
,Speech & Language Therapy ,,92526,,Encounter,0.00,0.00,$0.00,0,0,0
,Speech & Language Therapy ,,92610,,Encounter,0.00,0.00,$0.00,0,0,0
,Evaluation of Auditory Rehabilitation Status (Children's Waiver),,92626,,First Hour,0.00,0.00,$0.00,0,0,0
,Evaluation of Auditory Rehabiliation Status (Children's Waiver),,92627,,Each Additional 15 Minutes,0.00,0.00,$0.00,0,0,0
,Auditory Rehabilitation Preling Hearing Loss (Children's Waiver),,92630,,Encounter,0.00,0.00,$0.00,0,0,0
,Auditory Rehabilitation; Post-Lingual Hearing Loss (Children's Waiver),,92633,,Encounter,0.00,0.00,$0.00,0,0,0
,Psychological Testing PSYCH/PHYS ,,96101,,Per Hour,3.00,6.00,$723.00,241,120,2
,Psychological Testing by Technician ,,96102,,Per Hour,0.00,0.00,$0.00,0,0,0
,Psychological Testing by Comp ,,96103,,Per Hour,0.00,0.00,$0.00,0,0,0
,Assessments-Other,,96105,,Encounter,0.00,0.00,$0.00,0,0,0
,Assessments-Other,,96110,,Encounter,0.00,0.00,$0.00,0,0,0
,Assessments-Other,,96111,,Encounter,1.00,1.00,$180.00,180,180,1
,Neurobehavioral Status Exam (Children's Waiver),,96116,,Per Hour,0.00,0.00,$0.00,0,0,0
,Neuropsych test by Psych/Phys ,,96118,,Per Hour,0.00,0.00,$0.00,0,0,0
,Neuropsych test by Tech ,,96119,,Per Hour,0.00,0.00,$0.00,0,0,0
,Neuropsych test Admin w/Comp ,,96120,,Per Hour,0.00,0.00,$0.00,0,0,0
,Medication Administration,,96372,,Encounter,0.00,0.00,$0.00,0,0,0
,Physical Therapy,,97001,,Encounter,0.00,0.00,$0.00,0,0,0
,Physical Therapy,,97002,,Encounter,0.00,0.00,$0.00,0,0,0
,Occupational Therapy,,97003,,Encounter,0.00,0.00,$0.00,0,0,0
,Occupational Therapy,,97004,,Encounter,0.00,0.00,$0.00,0,0,0
,Occupational or Physical Therapy,,97110,,15 Minutes,0.00,0.00,$0.00,0,0,0
,Occupational or Physical Therapy,,97112,,15 Minutes,0.00,0.00,$0.00,0,0,0
,Occupational or Physical Therapy,,97113,,15 Minutes,0.00,0.00,$0.00,0,0,0
,Occupational or Physical Therapy,,97116,,15 Minutes,0.00,0.00,$0.00,0,0,0
,Occupational or Physical Therapy,,97124,,15 Minutes,0.00,0.00,$0.00,0,0,0
,Occupational or Physical Therapy,,97140,,15 Minutes,0.00,0.00,$0.00,0,0,0
,Occupational or Physical Therapy,,97150,,Encounter,0.00,0.00,$0.00,0,0,0
,Occupational or Physical Therapy,,97530,,15 Minutes,0.00,0.00,$0.00,0,0,0
,Occupational or Physical Therapy,,97532,,15 Minutes,0.00,0.00,$0.00,0,0,0
,Occupational or Physical Therapy,,97533,,15 Minutes,0.00,0.00,$0.00,0,0,0
,Occupational or Physical Therapy,,97535,,15 Minutes,0.00,0.00,$0.00,0,0,0
,Occupational or Physical Therapy,,97537,,15 Minutes,0.00,0.00,$0.00,0,0,0
,Occupational or Physical Therapy,,97542,,15 Minutes,0.00,0.00,$0.00,0,0,0
,Occupational Therapy,,97703,,15 Minutes,0.00,0.00,$0.00,0,0,0
Manistee-Benzie,,,,,,,,,,,
,Occupational Therapy,,97750,,15 Minutes,0.00,0.00,$0.00,0,0,0
,Occupational Therapy,,97755,,15 Minutes,0.00,0.00,$0.00,0,0,0
,Occupational Therapy,,97760,,15 Minutes,0.00,0.00,$0.00,0,0,0
,C/O for Orthotic/Prosth Use ,,97762,,15 minutes,0.00,0.00,$0.00,0,0,0
,Assessment or Health Services,,97802,,15 Minutes,0.00,0.00,$0.00,0,0,0
,Assessment or Health Services,,97803,,15 Minutes,0.00,0.00,$0.00,0,0,0
,Health Services,,97804,,30 Minutes,0.00,0.00,$0.00,0,0,0
,Additional Codes-Physician Services,,99201,,Encounter,0.00,0.00,$0.00,0,0,0
,Additional Codes-Physician Services,,99202,,Encounter,0.00,0.00,$0.00,0,0,0
,Additional Codes-Physician Services,,99203,,Encounter,0.00,0.00,$0.00,0,0,0
,Additional Codes-Physician Services,,99204,,Encounter,0.00,0.00,$0.00,0,0,0
,Additional Codes-Physician Services,,99205,,Encounter,0.00,0.00,$0.00,0,0,0
,Additional Codes-Physician Services  Medication Administration,,99211,,Encounter,0.00,0.00,$0.00,0,0,0
,Additional Codes-Physician Services,,99212,,Encounter,0.00,0.00,$0.00,0,0,0
,Additional Codes-Physician Services,,99213,,Encounter,0.00,0.00,$0.00,0,0,0
,Additional Codes-Physician Services,,99214,,Encounter,0.00,0.00,$0.00,0,0,0
,Additional Codes-Physician Services,,99215,,Encounter,0.00,0.00,$0.00,0,0,0
,Additional Codes-Physician Services,,99221,,30 Minutes,0.00,0.00,$0.00,0,0,0
,Additional Codes-Physician Services,,99222,,50 Minutes,0.00,0.00,$0.00,0,0,0
,Additional Codes-Physician Services,,99223,,70 Minutes,0.00,0.00,$0.00,0,0,0
,Additional Codes-Physician Services,,99231,,15 Minutes,0.00,0.00,$0.00,0,0,0
,Additional Codes-Physician Services,,99232,,25 minutes,0.00,0.00,$0.00,0,0,0
,Additional Codes-Physician Services,,99233,,35 Minutes,0.00,0.00,$0.00,0,0,0
,Additional Codes-Physician Services,,99238,,30 Minutes or less,0.00,0.00,$0.00,0,0,0
,Additional Codes-Physician Services,,99241,,Encounter,0.00,0.00,$0.00,0,0,0
,Additional Codes-Physician Services,,99242,,Encounter,0.00,0.00,$0.00,0,0,0
,Additional Codes-Physician Services,,99243,,Encounter,0.00,0.00,$0.00,0,0,0
,Additional Codes-Physician Services,,99244,,Encounter,0.00,0.00,$0.00,0,0,0
,Additional Codes-Physician Services,,99245,,Encounter,0.00,0.00,$0.00,0,0,0
,Additional Codes-Physician Services,,99251,,Encounter,0.00,0.00,$0.00,0,0,0
,Additional Codes-Physician Services,,99252,,Encounter,0.00,0.00,$0.00,0,0,0
,Additional Codes-Physician Services,,99253,,Encounter,0.00,0.00,$0.00,0,0,0
,Additional Codes-Physician Services,,99254,,Encounter,0.00,0.00,$0.00,0,0,0
,Additional Codes-Physician Services,,99255,,Encounter,0.00,0.00,$0.00,0,0,0
,Additional Codes-Physician Services,,99261,,Encounter,0.00,0.00,$0.00,0,0,0
,Additional Codes-Physician Services,,99262,,Encounter,0.00,0.00,$0.00,0,0,0
,Additional Codes-Physician Services,,99263,,Encounter,0.00,0.00,$0.00,0,0,0
,Additional Codes-Physician Services,,99271,,Encounter,0.00,0.00,$0.00,0,0,0
,Additional Codes-Physician Services,,99272,,Encounter,0.00,0.00,$0.00,0,0,0
,Additional Codes-Physician Services,,99273,,Encounter,0.00,0.00,$0.00,0,0,0
,Additional Codes-Physician Services,,99274,,Encounter,0.00,0.00,$0.00,0,0,0
,Additional Codes-Physician Services,,99275,,Encounter,0.00,0.00,$0.00,0,0,0
,Medication Administration,,99605,,Encounter,0.00,0.00,$0.00,0,0,0
,Transportation,,A0080,,Per mile,0.00,0.00,$0.00,0,0,0
,Transportation,,A0090,,Per mile,0.00,0.00,$0.00,0,0,0
,Transportation,,A0100,,Per one-way trip,0.00,0.00,$0.00,0,0,0
,Transportation,,A0110,,Per one-way trip,0.00,0.00,$0.00,0,0,0
,Transportation,,A0120,,Per one-way trip,0.00,0.00,$0.00,0,0,0
,Transportation,,A0130,,Per one-way trip,0.00,0.00,$0.00,0,0,0
,Transportation,,A0140,,Per one-way trip,0.00,0.00,$0.00,0,0,0
Manistee-Benzie,,,,,,,,,,,
,Transportation,,A0170,,,0.00,0.00,$0.00,0,0,0
,Additional Codes-Transportation,,A0425,,Per Mile,6.00,662.00,"$3,000.00",500,5,110
,Additional Codes-Transportation,,A0427,,Refer to code descriptions.,0.00,0.00,$0.00,0,0,0
,Additional codes - Transportation,,A0428,,,0.00,0.00,$0.00,0,0,0
,Repair or Non-Routine Service for DME (Children's Waiver),,E1340,,15 Minutes,0.00,0.00,$0.00,0,0,0
,Enhanced Medical Equipment-Supplies,,E1399,,Items,0.00,0.00,$0.00,0,0,0
,Activity Therapy (Children's Waiver),,G0176,,Encounter,0.00,0.00,$0.00,0,0,0
,Family Training/Support EBP only,,G0177,,Encounter Session at least 45 min,0.00,0.00,$0.00,0,0,0
,Substance Abuse: Individual Assessment,,H0001,,Encounter,0.00,0.00,$0.00,0,0,0
,Assessment ,,H0002,,Encounter,280.00,597.00,"$109,867.00",392,184,2
,Substance Abuse: Individual Assessment,,H0002,,Encounter,0.00,0.00,$0.00,0,0,0
,Substance Abuse:Laboratory,,H0003,,Encounter,0.00,0.00,$0.00,0,0,0
,Substance Abuse: Outpatient Treatment,"0900, 0906, 0914, 0915, 0916, 0919",H0004,,15 Minutes,0.00,0.00,$0.00,0,0,0
,Substance Abuse: Outpatient Treatment,"0900, 0906, 0914, 0915, 0916, 0919",H0005,,Encounter,0.00,0.00,$0.00,0,0,0
,Substance Abuse: Case Management,,H0006,,Encounter,0.00,0.00,$0.00,0,0,0
,Substance Abuse: Sub-Acute Detoxification,1002,H0010,,Days,0.00,0.00,$0.00,0,0,0
,Substance Abuse: Sub-Acute Detoxification,1002,H0012,,Days,0.00,0.00,$0.00,0,0,0
,Substance Abuse: Sub-Acute Detoxification,1002,H0014,,Days,0.00,0.00,$0.00,0,0,0
,Substance Abuse: Outpatient Care,"0900, 0906, 0914, 0915, 0916, 0919",H0015,,Days,0.00,0.00,$0.00,0,0,0
,Crisis Residential Services,,H0018,,Days,5.00,22.00,"$6,050.00",1210,275,4
,Substance Abuse: Residential,1002,H0018,,Days,0.00,0.00,$0.00,0,0,0
,Substance Abuse: Residential,1002,H0019,,Days,0.00,0.00,$0.00,0,0,0
,Substance Abuse: Methadone,,H0020,,Encounter,0.00,0.00,$0.00,0,0,0
,Substance Abuse: Early Intervention,,H0022,,Encounter,0.00,0.00,$0.00,0,0,0
,Peer Directed and Operated Support Services,,H0023,,Encounter,37.00,"7,011.00","$184,256.00",4980,26,189
,Prevention Services - Direct Model,,H0025,,Face to Face Contact,39.00,617.00,"$61,743.00",1583,100,16
,Crisis Intervention,,H0030,,Per Service,0.00,0.00,$0.00,0,0,0
,Assessment ,,H0031,,Encounter,279.00,297.00,"$121,036.00",434,408,1
,Substance Abuse: Assessment,,H0031,,Encounter,0.00,0.00,$0.00,0,0,0
,Treatment Planning,,H0032,,Encounter,107.00,161.00,"$28,212.00",264,175,2
,Monitoring of Treatment - Clinician,,H0032,TS,Encounter,18.00,21.00,"$1,009.00",56,48,1
,Substance Abuse: Pharmalogical Support - Suboxane,,H0033,,Direct Observation Encounter,0.00,0.00,$0.00,0,0,0
,Health Services,,H0034,,15 Minutes,6.00,8.00,$344.00,57,43,1
,Home Based Services,,H0036,,15 Minutes,0.00,0.00,$0.00,0,0,0
,Home Based Services,,H0036,ST,15 Minutes,0.00,0.00,$0.00,0,0,0
,Community Psychiatric Supportive Treatment ,,H0037,,Per diem,0.00,0.00,$0.00,0,0,0
,Peer Directed and Operated Support Services,,H0038,,15 minutes,87.00,"1,179.00","$95,438.00",1097,81,14
,Peer Directed and Operated Support Services,,NA,,,0.00,0.00,$0.00,0,0,0
,Assertive Community Treatment (ACT),,H0039,,15 Minutes,34.00,"3,003.00","$116,019.00",3412,39,88
,Community Living Supports in Independent living/own home,,H0043,,Per diem,19.00,"1,173.00","$160,913.00",8469,137,62
,Community Living Supports in Independent living/own home,,H0043,TT,Per diem,0.00,0.00,$0.00,0,0,0
,Respite,,H0045,,Days,0.00,0.00,$0.00,0,0,0
,Respite (Children's Waiver),,H0045,TD,Per Diem,0.00,0.00,$0.00,0,0,0
,Respite (Children's Waiver),,H0045,TE,Per Diem,0.00,0.00,$0.00,0,0,0
,Substance Abuse:Laboratory (cells now unlocked),,H0048,,Encounter,0.00,0.00,$0.00,0,0,0
,Substance Abuse: Individual Assessment,,H0049,,Encounter,0.00,0.00,$0.00,0,0,0
,Behavior Treatment Plan Review,,H2000,,Encounter,3.00,29.00,"$2,337.00",779,81,10
,Behavior Treatment Plan Review - Monitoring Activities,,H2000,TS,Encounter,2.00,2.00,$542.00,271,271,1
Manistee-Benzie,,,,,,,,,,,
,Comprehensive Medication Services - EBP only,,H2010,,15 minutes,0.00,0.00,$0.00,0,0,0
,Crisis Intervention,,H2011,,15 Minutes,151.00,690.00,"$60,508.00",401,88,5
,Skill-Building and Out of Home Non Vocational Habilitation,,H2014,,15 minutes,31.00,472.00,"$8,968.00",289,19,15
,Skill-Building and Out of Home Non Vocational Habilitation,,H2014,TT,15 Minutes,56.00,"2,266.00","$22,616.00",404,10,40
,Community Living Supports (15 Minutes),,H2015,,15 Minutes,115.00,"9,965.00","$150,803.00",1311,15,87
,Community Living Supports (15 Minutes),,H2015,TT,15 Minutes,53.00,"4,006.00","$23,077.00",435,6,76
,Community Living Supports (Daily),,H2016,,Per Diem,2.00,284.00,"$3,469.00",1734,12,142
,Community Living Supports (Daily),,H2016,TF,Per Diem,1.00,234.00,"$11,156.00",11156,48,234
,Community Living Supports (Daily),,H2016,TG,Per Diem,4.00,"1,151.00","$205,975.00",51494,179,288
,Behavior Services,,H2019,,15 Minutes,0.00,0.00,$0.00,0,0,0
,Behavior Services,,H2019,TT,15 Minutes,0.00,0.00,$0.00,0,0,0
,Crisis Intervention,,H2020,,Days,0.00,0.00,$0.00,0,0,0
,Wraparound,,H2021,,15 Minutes,0.00,0.00,$0.00,0,0,0
,Wraparound,,H2022,,Days,0.00,0.00,$0.00,0,0,0
,Supported Employment Services,,H2023,,15 minutes,64.00,"3,401.00","$135,774.00",2121,40,53
,Supported Employment Services,,H2023,TT,15 Minutes,29.00,"1,510.00","$14,722.00",508,10,52
,Mental Health Therapy,,H2027,,15 Minutes,0.00,0.00,$0.00,0,0,0
,Clubhouse Psychosocial Rehabilitation Programs ,,H2030,,15 Minutes,1.00,213.00,"$6,609.00",6609,31,213
,Home Based Services,,H2033,,15 Minutes,0.00,0.00,$0.00,0,0,0
,Substance Abuse: Outpatient Care,"0900, 0906, 0914, 0915, 0916, 0919",H2035,,Hour,0.00,0.00,$0.00,0,0,0
,Substance Abuse: Outpatient Care,"0900, 0906, 0914, 0915, 0916, 0919",H2036,,Per Diem,0.00,0.00,$0.00,0,0,0
,Medication Review ,,M0064,,"Encounter Face-to-Face, generally less than 10 minutes",30.00,52.00,"$1,761.00",59,34,2
,Transportation,,S0209,,Per Mile,0.00,0.00,$0.00,0,0,0
,Transportation,,S0215,,Per Mile,0.00,0.00,$0.00,0,0,0
,Family Training - EBP,,S5110,,15 Minutes,0.00,0.00,$0.00,0,0,0
,Family Training,,S5111,,Encounter,2.00,2.00,$512.00,256,256,1
,Family Training,,S5111,HA,Encounter,0.00,0.00,$0.00,0,0,0
,"Home Care Training, Non-Family (Children's Waiver)",,S5116,,Encounter,0.00,0.00,$0.00,0,0,0
,Chore Services,,S5120,,15 Minutes,0.00,0.00,$0.00,0,0,0
,Foster Care,,S5140,,Days,0.00,0.00,$0.00,0,0,0
,Foster Care,,S5145,,Days,0.00,0.00,$0.00,0,0,0
,Respite,,S5150,,15 Minutes,0.00,0.00,$0.00,0,0,0
,Respite,,S5151,,Per Diem,0.00,0.00,$0.00,0,0,0
,Personal Emergency Response System (PERS),,S5160,,Encounter,0.00,0.00,$0.00,0,0,0
,Personal Emergency Response System (PERS),,S5161,,Month,0.00,0.00,$0.00,0,0,0
,Environmental Modification ,,S5165,,Service,0.00,0.00,$0.00,0,0,0
,Enhanced Medical Equipment-Supplies,,S5199,,Items,0.00,0.00,$0.00,0,0,0
,Occupational or Physical Therapy,,S8990,,Encounter,0.00,0.00,$0.00,0,0,0
,Private Duty Nursing,0582,S9123,,Hour,0.00,0.00,$0.00,0,0,0
,Private Duty Nursing,,S9123,,Hour,0.00,0.00,$0.00,0,0,0
,Private Duty Nursing,,S9123,TT,Hour,0.00,0.00,$0.00,0,0,0
,Private Duty Nursing,0582,S9124,,Hour,0.00,0.00,$0.00,0,0,0
,Private Duty Nursing,,S9124,,Hour,0.00,0.00,$0.00,0,0,0
,Private Duty Nursing,,S9124,TT,Hour,0.00,0.00,$0.00,0,0,0
,Respite Care in the Home (RN) (Children's Waiver),,S9125,TD,Per Diem,0.00,0.00,$0.00,0,0,0
,Respite Care in the Home (LPN) (Children's Waiver),,S9125,TE,Per Diem,0.00,0.00,$0.00,0,0,0
,Health Services,,S9445,,Encounter,0.00,0.00,$0.00,0,0,0
,Health Services,,S9446,,Encounter,0.00,0.00,$0.00,0,0,0
Manistee-Benzie,,,,,,,,,,,
,Health Services,,S9470,,Encounter,0.00,0.00,$0.00,0,0,0
,Intensive Crisis Stabilization-Enrolled Program,,S9484,,Hour,0.00,0.00,$0.00,0,0,0
,Reidential Room and Board,,S9976,,Days,0.00,0.00,$0.00,0,0,0
,Private Duty Nursing,,T1000,,Up to 15 min,0.00,0.00,$0.00,0,0,0
,Private Duty Nursing,,T1000,TD,Up to 15 min,0.00,0.00,$0.00,0,0,0
,Private Duty Nursing,,T1000,TE,Up to 15 min,0.00,0.00,$0.00,0,0,0
,Assessment,,T1001,,Encounter,0.00,0.00,$0.00,0,0,0
,Health Services,,T1002,,Up to 15 min,27.00,290.00,"$8,814.00",326,30,11
,Respite Care,,T1005,,15 Minutes,0.00,0.00,$0.00,0,0,0
,Respite Care,,T1005,TD,15 Minutes,0.00,0.00,$0.00,0,0,0
,Respite Care,,T1005,TE,15 Minutes,0.00,0.00,$0.00,0,0,0
,Substance Abuse: Recovery Support Services,"0900, 0906, 0914, 0915, 0916, 0919",T1012,,Encounter,0.00,0.00,$0.00,0,0,0
,Family Psycho-Education - EBP,,T1015,,Encounter,0.00,0.00,$0.00,0,0,0
,Supports Coordination/Wrap Facilitation,,T1016,,15 minutes,0.00,0.00,$0.00,0,0,0
,Targeted Case Management ,,T1017,,15 minutes,321.00,"18,357.00","$1,147,268.00",3574,62,57
,Nursing Home Mental Health Monitoring,,T1017,SE,15 minutes,9.00,272.00,"$7,581.00",842,28,30
,Personal Care in Licensed Specialized Residential Setting,,T1020,,Days,7.00,"1,669.00","$81,976.00",11711,49,238
,Personal Care in Licensed Specialized Residential Setting,,T1020,TF,Days,0.00,0.00,$0.00,0,0,0
,Personal Care in Licensed Specialized Residential Setting,,T1020,TG,Days,0.00,0.00,$0.00,0,0,0
,Assessments,,T1023,,Encounter,75.00,102.00,"$89,797.00",1197,880,1
,Enhanced Medical Supplies or Pharmacy,,T1999,,Items,0.00,0.00,$0.00,0,0,0
,Transportation,,T2001,,Encounter,0.00,0.00,$0.00,0,0,0
,Transportation,,T2002,,Per Diem,0.00,0.00,$0.00,0,0,0
,Transportation,,T2003,,Encounter / Trip,0.00,0.00,$0.00,0,0,0
,Transportation,,T2004,,Encounter,0.00,0.00,$0.00,0,0,0
,Transportation,,T2005,,Encounter,0.00,0.00,$0.00,0,0,0
,Out of Home Prevocational Service,,T2015,,Hour,0.00,0.00,$0.00,0,0,0
,Targeted Case Management (Children's Waiver),,T2023,,Month,0.00,0.00,$0.00,0,0,0
,Fiscal Intermediary Services,,T2025,,Month,0.00,0.00,$0.00,0,0,0
,Enhanced Medical Equipment-Supplies,,T2028,,Items,0.00,0.00,$0.00,0,0,0
,Enhanced Medical Equipment-Supplies,,T2029,,Items,0.00,0.00,$0.00,0,0,0
,Crisis Intervention,,T2034,,Days,0.00,0.00,$0.00,0,0,0
,Respite Care,,T2036,,Encounter / Trip. Per session. One night = one session,0.00,0.00,$0.00,0,0,0
,Respite Care,,T2037,,Encounter / Trip  Per session. One day/partial day = one session,0.00,0.00,$0.00,0,0,0
,Housing Assistance,,T2038,,Month   Service,0.00,0.00,$0.00,0,0,0
,Enhanced Medical Equipment-Supplies,,T2039,,Items,0.00,0.00,$0.00,0,0,0
,Pharmacy (Drugs and Other Biologicals),,,,,0.00,0.00,$0.00,0,0,0
,Other,,,,,0.00,0.00,$0.00,0,0,0
,Aggregate for 'J' Codes,,ALL,,,186.00,0.00,"$23,744.00",128,0,0
Monroe,,,,,,,,,,,
,State Psychiatric Hospital - Inpatient PT22,"0100, 0101, 0114, 0124, 0134, 0154",,PT22,Days,5.00,622.00,"$186,886.00",37377,300,124
,State Mental Retardation Facility - Inpatient (ICF/MR) PT65,"0100, 0101, 0114, 0124, 0134, 0154",,PT65,Days,0.00,0.00,$0.00,0,0,0
,Local Psychiatric Hospital/IMD PT68,"0100, 0101, 0114, 0124, 0134, 0154",,PT68,Days,2.00,25.00,"$10,708.00",5354,428,13
,Local Psychiatric Hospital - Acute Community PT73,"0100, 0101, 0114, 0124, 0134, 0154",,PT73,Days,177.00,"1,120.00","$714,426.00",4036,638,6
,Inpatient Hospital Ancillary Services - Leave of Absence,0183,,,Days,0.00,0.00,$0.00,0,0,0
,Inpatient Hospital Ancillary Services - Pharmacy,"0250-0254, 0257-0258 ",,,,0.00,0.00,$0.00,0,0,0
,Inpatient Hospital Ancillary Services - Medical/Surgical Supplies and Devices,0270-0272,,,# of items,0.00,0.00,$0.00,0,0,0
,Inpatient Hospital Ancillary Services - Laboratory,"0300-0302, 0305-0307",,,# of tests,0.00,0.00,$0.00,0,0,0
,Inpatient Hospital Ancillary Services - Radiology,0320,,,# of tests,0.00,0.00,$0.00,0,0,0
,ECT Anesthesia,0370,,,,0.00,0.00,$0.00,0,0,0
,Inpatient Hospital Ancillary Services - Respiratory Services,0410,,,# of treatments,0.00,0.00,$0.00,0,0,0
,Inpatient Hospital Ancillary Services -Physical Therapy,0420-0424,,,# of treatments,0.00,0.00,$0.00,0,0,0
,Inpatient Hospital Ancillary Services - Occupational Therapy,0430-0434,,,# of treatments,0.00,0.00,$0.00,0,0,0
,Inpatient Hospital Ancillary Services - Speech-Language Pathology,0440-0444,,,# of treatments,0.00,0.00,$0.00,0,0,0
,Inpatient Hospital Ancillary Services - Emergency Room,0450,,,# of visits,0.00,0.00,$0.00,0,0,0
,Inpatient Hospital Ancillary Services - Pulmonary Function,0460,,,# of tests,0.00,0.00,$0.00,0,0,0
,Inpatient Hospital Ancillary Services - Audiology,0470-0472,,,# of tests,0.00,0.00,$0.00,0,0,0
,Inpatient Hospital Ancillary Services - Magnetic Resonance Technology (MRT),0610-0611,,,# of tests,0.00,0.00,$0.00,0,0,0
,Inpatient Hospital Ancillary Services - Pharmacy,0636,,,# of units,0.00,0.00,$0.00,0,0,0
,ECT Recovery Room,0701,,,,0.00,0.00,$0.00,0,0,0
,Inpatient Hospital Ancillary Services -EKG/ECG,0730-0731,,,# of tests,0.00,0.00,$0.00,0,0,0
,Inpatient Hospital Ancillary Services - EEG,0740,,,# of tests,0.00,0.00,$0.00,0,0,0
,Crisis Observation Care,0762,,,Hour,0.00,0.00,$0.00,0,0,0
,Additional Codes-ECT Facility Charge,0901,,,Encounter,0.00,0.00,$0.00,0,0,0
,Inpatient Hospital Ancillary Services - Psychiatric/Psychological Treatments/Services,"0900, 0902-0904, 0911, 0914-0919",,,# of visits,0.00,0.00,$0.00,0,0,0
,Outpatient Partial Hospitalization,0912,,,Days,0.00,0.00,$0.00,0,0,0
,Outpatient Partial Hospitalization,0913,,,Days,0.00,0.00,$0.00,0,0,0
,Inpatient Hospital Ancillary Services - Other Diagnosis Services,0925,,,# of tests,0.00,0.00,$0.00,0,0,0
,Inpatient Hospital Ancillary Services - Other Therapeutic Services,0940-0942,,,# of visits,0.00,0.00,$0.00,0,0,0
,Additional Codes-ECT Anesthesia,,00104,,Minutes,0.00,0.00,$0.00,0,0,0
,Drug Screen for Methadone Clients Only,,80100,,Per Screen,0.00,0.00,$0.00,0,0,0
,Drug Screen for Methadone Clients Only,,80101,,Per Screen,0.00,0.00,$0.00,0,0,0
,Alcohol Breath Test for Methadone Clients Only,,82075,,Per Test,0.00,0.00,$0.00,0,0,0
,Medication Administration,,90772,,Encounter,62.00,377.00,"$95,852.00",1546,254,6
,Assessment-Psychiatric Assessment,,90801,,Encounter,261.00,283.00,"$163,288.00",626,577,1
,Substance Abuse: Psychiatric Evaluation,,90801,,Encounter,0.00,0.00,$0.00,0,0,0
,Assessment-Psychiatric Assessment,,90802,,Encounter,0.00,0.00,$0.00,0,0,0
,Substance Abuse: Psychiatric Evaluation,,90802,,Encounter,0.00,0.00,$0.00,0,0,0
,Therapy-Individual Therapy,,90804,,Encounter 20-30 Min,72.00,147.00,"$29,850.00",415,203,2
,Substance Abuse: Outpatient Treatment,"0900, 0914, 0915, 0916, 0919",90804,,Encounter 20-30 Min,0.00,0.00,$0.00,0,0,0
Monroe,,,,,,,,,,,
,Therapy-Individual Therapy,,90805,,Encounter 20-30 Min,0.00,0.00,$0.00,0,0,0
,Substance Abuse: Outpatient Treatment,"0900, 0914, 0915, 0916, 0919",90805,,Encounter 20-30 Min,0.00,0.00,$0.00,0,0,0
,Therapy-Individual Therapy,,90806,,Encounter 45-50 Min,272.00,"1,522.00","$189,398.00",696,124,6
,Substance Abuse: Outpatient Treatment,"0900, 0914, 0915, 0916, 0919",90806,,Encounter 45-50 Min,0.00,0.00,$0.00,0,0,0
,Therapy-Individual Therapy,,90807,,Encounter 45-50 Min,2.00,4.00,$880.00,440,220,2
,Substance Abuse: Outpatient Treatment,"0900, 0914, 0915, 0916, 0919",90807,,Encounter 45-50 Min,0.00,0.00,$0.00,0,0,0
,Therapy-Individual Therapy,,90808,,Encounter 75-80 Min,2.00,2.00,$481.00,241,241,1
,Substance Abuse: Outpatient Treatment,"0900, 0914, 0915, 0916, 0919",90808,,Encounter 75-80 Min,0.00,0.00,$0.00,0,0,0
,Therapy-Individual Therapy,,90809,,Encounter 75-80 Min,0.00,0.00,$0.00,0,0,0
,Substance Abuse: Outpatient Treatment,"0900, 0914, 0915, 0916, 0919",90809,,Encounter 75-80 Min,0.00,0.00,$0.00,0,0,0
,Therapy-Individual Therapy,,90810,,Encounter 20-30 Min,0.00,0.00,$0.00,0,0,0
,Substance Abuse: Outpatient Treatment,"0900, 0914, 0915, 0916, 0919",90810,,Encounter 20-30 Min,0.00,0.00,$0.00,0,0,0
,Therapy-Individual Therapy,,90811,,Encounter 20-30 Min,0.00,0.00,$0.00,0,0,0
,Substance Abuse: Outpatient Treatment,"0900, 0914, 0915, 0916, 0919",90811,,Encounter 20-30 Min,0.00,0.00,$0.00,0,0,0
,Therapy-Individual Therapy,,90812,,Encounter 45-50 Min,0.00,0.00,$0.00,0,0,0
,Substance Abuse: Outpatient Treatment,"0900, 0914, 0915, 0916, 0919",90812,,Encounter 45-50 Min,0.00,0.00,$0.00,0,0,0
,Therapy-Individual Therapy,,90813,,Encounter 45-50 Min,0.00,0.00,$0.00,0,0,0
,Substance Abuse: Outpatient Treatment,"0900, 0914, 0915, 0916, 0919",90813,,Encounter 45-50 Min,0.00,0.00,$0.00,0,0,0
,Therapy-Individual Therapy,,90814,,Encounter 75-80 Min,0.00,0.00,$0.00,0,0,0
,Substance Abuse: Outpatient Treatment,"0900, 0914, 0915, 0916, 0919",90814,,Encounter 75-80 Min,0.00,0.00,$0.00,0,0,0
,Therapy-Individual Therapy,,90815,,Encounter 75-80 Min,0.00,0.00,$0.00,0,0,0
,Substance Abuse: Outpatient Treatment,"0900, 0914, 0915, 0916, 0919",90815,,Encounter 75-80 Min,0.00,0.00,$0.00,0,0,0
,Therapy-Individual Therapy,,90816,,Encounter 20-30 Min,0.00,0.00,$0.00,0,0,0
,Therapy-Individual Therapy,,90817,,Encounter 20-30 Min,0.00,0.00,$0.00,0,0,0
,Therapy-Individual Therapy,,90818,,Encounter 45-50 Min,0.00,0.00,$0.00,0,0,0
,Therapy-Individual Therapy,,90819,,Encounter 45-50 Min,0.00,0.00,$0.00,0,0,0
,Therapy-Individual Therapy,,90821,,Encounter 75-80 Min,0.00,0.00,$0.00,0,0,0
,Therapy-Individual Therapy,,90822,,Encounter 75-80 Min,0.00,0.00,$0.00,0,0,0
,Therapy-Individual Therapy,,90823,,Encounter 20-30 Min,0.00,0.00,$0.00,0,0,0
,Therapy-Individual Therapy,,90824,,Encounter 20-30 Min,0.00,0.00,$0.00,0,0,0
,Therapy-Individual Therapy,,90826,,Encounter 45-50 Min,0.00,0.00,$0.00,0,0,0
,Substance Abuse: Psychotherapy (Individual Therapy),,90826,,Encounter 45-50 Min,0.00,0.00,$0.00,0,0,0
,Therapy-Individual Therapy,,90827,,Encounter 45-50 Min,0.00,0.00,$0.00,0,0,0
,Therapy-Individual Therapy,,90828,,Encounter 75-80 Min,0.00,0.00,$0.00,0,0,0
,Therapy-Individual Therapy,,90829,,Encounter 75-80 Min,0.00,0.00,$0.00,0,0,0
,Therapy-Family Therapy,,90846,,Encounter,0.00,0.00,$0.00,0,0,0
,Therapy-Family Therapy,,90847,,Encounter,0.00,0.00,$0.00,0,0,0
,Substance Abuse: Outpatient Treatment,"0900, 0906, 0914, 0915, 0916, 0919",90847,,Encounter,0.00,0.00,$0.00,0,0,0
,Therapy-Family Therapy,,90849,,Encounter,0.00,0.00,$0.00,0,0,0
,Therapy-Family Therapy,,90849,HS,Encounter,0.00,0.00,$0.00,0,0,0
Monroe,,,,,,,,,,,
,Therapy-Group Therapy,,90853,,Encounter,26.00,262.00,"$32,734.00",1259,125,10
,Substance Abuse: Outpatient Treatment,"0900, 0906, 0914, 0915, 0916, 0919",90853,,Encounter,0.00,0.00,$0.00,0,0,0
,Therapy-Group Therapy,,90857,,Encounter,0.00,0.00,$0.00,0,0,0
,Substance Abuse: Outpatient Treatment,"0900, 0906, 0914, 0915, 0916, 0919",90857,,Encounter,0.00,0.00,$0.00,0,0,0
,Medication Review ,,90862,,Encounter,741.00,"3,856.00","$532,436.00",719,138,5
,Substance Abuse: Medication Review,"0900, 0914, 0915, 0916, 0919",90862,,Encounter,0.00,0.00,$0.00,0,0,0
,Additional Codes-ECT Physician,,90870,,Encounter,0.00,0.00,$0.00,0,0,0
,Additional Codes-ECT Physician,0901,90870,,Encounter,0.00,0.00,$0.00,0,0,0
,Assessments-Other,,90887,,Encounter,0.00,0.00,$0.00,0,0,0
,Speech & Language Therapy ,,92506,,Encounter,0.00,0.00,$0.00,0,0,0
,Speech & Language Therapy ,,92507,,Encounter,0.00,0.00,$0.00,0,0,0
,Speech & Language Therapy ,,92508,,Encounter,0.00,0.00,$0.00,0,0,0
,Speech & Language Therapy ,,92526,,Encounter,0.00,0.00,$0.00,0,0,0
,Speech & Language Therapy ,,92610,,Encounter,0.00,0.00,$0.00,0,0,0
,Evaluation of Auditory Rehabilitation Status (Children's Waiver),,92626,,First Hour,0.00,0.00,$0.00,0,0,0
,Evaluation of Auditory Rehabiliation Status (Children's Waiver),,92627,,Each Additional 15 Minutes,0.00,0.00,$0.00,0,0,0
,Auditory Rehabilitation Preling Hearing Loss (Children's Waiver),,92630,,Encounter,0.00,0.00,$0.00,0,0,0
,Auditory Rehabilitation; Post-Lingual Hearing Loss (Children's Waiver),,92633,,Encounter,0.00,0.00,$0.00,0,0,0
,Psychological Testing PSYCH/PHYS ,,96101,,Per Hour,3.00,5.00,$870.00,290,174,2
,Psychological Testing by Technician ,,96102,,Per Hour,0.00,0.00,$0.00,0,0,0
,Psychological Testing by Comp ,,96103,,Per Hour,0.00,0.00,$0.00,0,0,0
,Assessments-Other,,96105,,Encounter,0.00,0.00,$0.00,0,0,0
,Assessments-Other,,96110,,Encounter,0.00,0.00,$0.00,0,0,0
,Assessments-Other,,96111,,Encounter,0.00,0.00,$0.00,0,0,0
,Neurobehavioral Status Exam (Children's Waiver),,96116,,Per Hour,0.00,0.00,$0.00,0,0,0
,Neuropsych test by Psych/Phys ,,96118,,Per Hour,0.00,0.00,$0.00,0,0,0
,Neuropsych test by Tech ,,96119,,Per Hour,0.00,0.00,$0.00,0,0,0
,Neuropsych test Admin w/Comp ,,96120,,Per Hour,0.00,0.00,$0.00,0,0,0
,Medication Administration,,96372,,Encounter,78.00,"1,167.00","$296,710.00",3804,254,15
,Physical Therapy,,97001,,Encounter,0.00,0.00,$0.00,0,0,0
,Physical Therapy,,97002,,Encounter,0.00,0.00,$0.00,0,0,0
,Occupational Therapy,,97003,,Encounter,2.00,2.00,"$1,685.00",843,843,1
,Occupational Therapy,,97004,,Encounter,2.00,3.00,"$1,623.00",812,541,2
,Occupational or Physical Therapy,,97110,,15 Minutes,0.00,0.00,$0.00,0,0,0
,Occupational or Physical Therapy,,97112,,15 Minutes,0.00,0.00,$0.00,0,0,0
,Occupational or Physical Therapy,,97113,,15 Minutes,0.00,0.00,$0.00,0,0,0
,Occupational or Physical Therapy,,97116,,15 Minutes,0.00,0.00,$0.00,0,0,0
,Occupational or Physical Therapy,,97124,,15 Minutes,0.00,0.00,$0.00,0,0,0
,Occupational or Physical Therapy,,97140,,15 Minutes,0.00,0.00,$0.00,0,0,0
,Occupational or Physical Therapy,,97150,,Encounter,0.00,0.00,$0.00,0,0,0
,Occupational or Physical Therapy,,97530,,15 Minutes,0.00,0.00,$0.00,0,0,0
,Occupational or Physical Therapy,,97532,,15 Minutes,0.00,0.00,$0.00,0,0,0
,Occupational or Physical Therapy,,97533,,15 Minutes,0.00,0.00,$0.00,0,0,0
,Occupational or Physical Therapy,,97535,,15 Minutes,0.00,0.00,$0.00,0,0,0
,Occupational or Physical Therapy,,97537,,15 Minutes,0.00,0.00,$0.00,0,0,0
,Occupational or Physical Therapy,,97542,,15 Minutes,0.00,0.00,$0.00,0,0,0
,Occupational Therapy,,97703,,15 Minutes,0.00,0.00,$0.00,0,0,0
Monroe,,,,,,,,,,,
,Occupational Therapy,,97750,,15 Minutes,0.00,0.00,$0.00,0,0,0
,Occupational Therapy,,97755,,15 Minutes,0.00,0.00,$0.00,0,0,0
,Occupational Therapy,,97760,,15 Minutes,0.00,0.00,$0.00,0,0,0
,C/O for Orthotic/Prosth Use ,,97762,,15 minutes,0.00,0.00,$0.00,0,0,0
,Assessment or Health Services,,97802,,15 Minutes,0.00,0.00,$0.00,0,0,0
,Assessment or Health Services,,97803,,15 Minutes,0.00,0.00,$0.00,0,0,0
,Health Services,,97804,,30 Minutes,0.00,0.00,$0.00,0,0,0
,Additional Codes-Physician Services,,99201,,Encounter,0.00,0.00,$0.00,0,0,0
,Additional Codes-Physician Services,,99202,,Encounter,0.00,0.00,$0.00,0,0,0
,Additional Codes-Physician Services,,99203,,Encounter,0.00,0.00,$0.00,0,0,0
,Additional Codes-Physician Services,,99204,,Encounter,0.00,0.00,$0.00,0,0,0
,Additional Codes-Physician Services,,99205,,Encounter,0.00,0.00,$0.00,0,0,0
,Additional Codes-Physician Services  Medication Administration,,99211,,Encounter,18.00,94.00,"$23,900.00",1328,254,5
,Additional Codes-Physician Services,,99212,,Encounter,0.00,0.00,$0.00,0,0,0
,Additional Codes-Physician Services,,99213,,Encounter,0.00,0.00,$0.00,0,0,0
,Additional Codes-Physician Services,,99214,,Encounter,0.00,0.00,$0.00,0,0,0
,Additional Codes-Physician Services,,99215,,Encounter,0.00,0.00,$0.00,0,0,0
,Additional Codes-Physician Services,,99221,,30 Minutes,0.00,0.00,$0.00,0,0,0
,Additional Codes-Physician Services,,99222,,50 Minutes,0.00,0.00,$0.00,0,0,0
,Additional Codes-Physician Services,,99223,,70 Minutes,0.00,0.00,$0.00,0,0,0
,Additional Codes-Physician Services,,99231,,15 Minutes,0.00,0.00,$0.00,0,0,0
,Additional Codes-Physician Services,,99232,,25 minutes,0.00,0.00,$0.00,0,0,0
,Additional Codes-Physician Services,,99233,,35 Minutes,0.00,0.00,$0.00,0,0,0
,Additional Codes-Physician Services,,99238,,30 Minutes or less,0.00,0.00,$0.00,0,0,0
,Additional Codes-Physician Services,,99241,,Encounter,0.00,0.00,$0.00,0,0,0
,Additional Codes-Physician Services,,99242,,Encounter,0.00,0.00,$0.00,0,0,0
,Additional Codes-Physician Services,,99243,,Encounter,0.00,0.00,$0.00,0,0,0
,Additional Codes-Physician Services,,99244,,Encounter,0.00,0.00,$0.00,0,0,0
,Additional Codes-Physician Services,,99245,,Encounter,0.00,0.00,$0.00,0,0,0
,Additional Codes-Physician Services,,99251,,Encounter,0.00,0.00,$0.00,0,0,0
,Additional Codes-Physician Services,,99252,,Encounter,0.00,0.00,$0.00,0,0,0
,Additional Codes-Physician Services,,99253,,Encounter,0.00,0.00,$0.00,0,0,0
,Additional Codes-Physician Services,,99254,,Encounter,0.00,0.00,$0.00,0,0,0
,Additional Codes-Physician Services,,99255,,Encounter,0.00,0.00,$0.00,0,0,0
,Additional Codes-Physician Services,,99261,,Encounter,0.00,0.00,$0.00,0,0,0
,Additional Codes-Physician Services,,99262,,Encounter,0.00,0.00,$0.00,0,0,0
,Additional Codes-Physician Services,,99263,,Encounter,0.00,0.00,$0.00,0,0,0
,Additional Codes-Physician Services,,99271,,Encounter,0.00,0.00,$0.00,0,0,0
,Additional Codes-Physician Services,,99272,,Encounter,0.00,0.00,$0.00,0,0,0
,Additional Codes-Physician Services,,99273,,Encounter,0.00,0.00,$0.00,0,0,0
,Additional Codes-Physician Services,,99274,,Encounter,0.00,0.00,$0.00,0,0,0
,Additional Codes-Physician Services,,99275,,Encounter,0.00,0.00,$0.00,0,0,0
,Medication Administration,,99605,,Encounter,0.00,0.00,$0.00,0,0,0
,Transportation,,A0080,,Per mile,0.00,0.00,$0.00,0,0,0
,Transportation,,A0090,,Per mile,0.00,0.00,$0.00,0,0,0
,Transportation,,A0100,,Per one-way trip,0.00,0.00,$0.00,0,0,0
,Transportation,,A0110,,Per one-way trip,0.00,0.00,$0.00,0,0,0
,Transportation,,A0120,,Per one-way trip,0.00,0.00,$0.00,0,0,0
,Transportation,,A0130,,Per one-way trip,0.00,0.00,$0.00,0,0,0
,Transportation,,A0140,,Per one-way trip,0.00,0.00,$0.00,0,0,0
Monroe,,,,,,,,,,,
,Transportation,,A0170,,,0.00,0.00,$0.00,0,0,0
,Additional Codes-Transportation,,A0425,,Per Mile,0.00,0.00,$0.00,0,0,0
,Additional Codes-Transportation,,A0427,,Refer to code descriptions.,0.00,0.00,$0.00,0,0,0
,Additional codes - Transportation,,A0428,,,0.00,0.00,$0.00,0,0,0
,Repair or Non-Routine Service for DME (Children's Waiver),,E1340,,15 Minutes,0.00,0.00,$0.00,0,0,0
,Enhanced Medical Equipment-Supplies,,E1399,,Items,0.00,0.00,$0.00,0,0,0
,Activity Therapy (Children's Waiver),,G0176,,Encounter,0.00,0.00,$0.00,0,0,0
,Family Training/Support EBP only,,G0177,,Encounter Session at least 45 min,11.00,65.00,"$13,072.00",1188,201,6
,Substance Abuse: Individual Assessment,,H0001,,Encounter,0.00,0.00,$0.00,0,0,0
,Assessment ,,H0002,,Encounter,8.00,8.00,"$1,181.00",148,148,1
,Substance Abuse: Individual Assessment,,H0002,,Encounter,0.00,0.00,$0.00,0,0,0
,Substance Abuse:Laboratory,,H0003,,Encounter,0.00,0.00,$0.00,0,0,0
,Substance Abuse: Outpatient Treatment,"0900, 0906, 0914, 0915, 0916, 0919",H0004,,15 Minutes,0.00,0.00,$0.00,0,0,0
,Substance Abuse: Outpatient Treatment,"0900, 0906, 0914, 0915, 0916, 0919",H0005,,Encounter,0.00,0.00,$0.00,0,0,0
,Substance Abuse: Case Management,,H0006,,Encounter,0.00,0.00,$0.00,0,0,0
,Substance Abuse: Sub-Acute Detoxification,1002,H0010,,Days,0.00,0.00,$0.00,0,0,0
,Substance Abuse: Sub-Acute Detoxification,1002,H0012,,Days,0.00,0.00,$0.00,0,0,0
,Substance Abuse: Sub-Acute Detoxification,1002,H0014,,Days,0.00,0.00,$0.00,0,0,0
,Substance Abuse: Outpatient Care,"0900, 0906, 0914, 0915, 0916, 0919",H0015,,Days,0.00,0.00,$0.00,0,0,0
,Crisis Residential Services,,H0018,,Days,0.00,0.00,$0.00,0,0,0
,Substance Abuse: Residential,1002,H0018,,Days,0.00,0.00,$0.00,0,0,0
,Substance Abuse: Residential,1002,H0019,,Days,0.00,0.00,$0.00,0,0,0
,Substance Abuse: Methadone,,H0020,,Encounter,0.00,0.00,$0.00,0,0,0
,Substance Abuse: Early Intervention,,H0022,,Encounter,0.00,0.00,$0.00,0,0,0
,Peer Directed and Operated Support Services,,H0023,,Encounter,0.00,0.00,$0.00,0,0,0
,Prevention Services - Direct Model,,H0025,,Face to Face Contact,21.00,212.00,"$25,796.00",1228,122,10
,Crisis Intervention,,H0030,,Per Service,0.00,0.00,$0.00,0,0,0
,Assessment ,,H0031,,Encounter,766.00,"2,058.00","$379,125.00",495,184,3
,Substance Abuse: Assessment,,H0031,,Encounter,0.00,0.00,$0.00,0,0,0
,Treatment Planning,,H0032,,Encounter,0.00,0.00,$0.00,0,0,0
,Monitoring of Treatment - Clinician,,H0032,TS,Encounter,0.00,0.00,$0.00,0,0,0
,Substance Abuse: Pharmalogical Support - Suboxane,,H0033,,Direct Observation Encounter,0.00,0.00,$0.00,0,0,0
,Health Services,,H0034,,15 Minutes,3.00,45.00,"$2,703.00",901,60,15
,Home Based Services,,H0036,,15 Minutes,33.00,"3,487.00","$137,388.00",4163,39,106
,Home Based Services,,H0036,ST,15 Minutes,0.00,0.00,$0.00,0,0,0
,Community Psychiatric Supportive Treatment ,,H0037,,Per diem,0.00,0.00,$0.00,0,0,0
,Peer Directed and Operated Support Services,,H0038,,15 minutes,0.00,0.00,$0.00,0,0,0
,Peer Directed and Operated Support Services,,NA,,,0.00,0.00,$0.00,0,0,0
,Assertive Community Treatment (ACT),,H0039,,15 Minutes,57.00,"8,684.00","$632,716.00",11100,73,152
,Community Living Supports in Independent living/own home,,H0043,,Per diem,0.00,0.00,$0.00,0,0,0
,Community Living Supports in Independent living/own home,,H0043,TT,Per diem,0.00,0.00,$0.00,0,0,0
,Respite,,H0045,,Days,1.00,10.00,$454.00,454,45,10
,Respite (Children's Waiver),,H0045,TD,Per Diem,0.00,0.00,$0.00,0,0,0
,Respite (Children's Waiver),,H0045,TE,Per Diem,0.00,0.00,$0.00,0,0,0
,Substance Abuse:Laboratory (cells now unlocked),,H0048,,Encounter,0.00,0.00,$0.00,0,0,0
,Substance Abuse: Individual Assessment,,H0049,,Encounter,0.00,0.00,$0.00,0,0,0
,Behavior Treatment Plan Review,,H2000,,Encounter,4.00,6.00,"$11,051.00",2763,1842,2
,Behavior Treatment Plan Review - Monitoring Activities,,H2000,TS,Encounter,0.00,0.00,$0.00,0,0,0
Monroe,,,,,,,,,,,
,Comprehensive Medication Services - EBP only,,H2010,,15 minutes,0.00,0.00,$0.00,0,0,0
,Crisis Intervention,,H2011,,15 Minutes,34.00,84.00,"$30,167.00",887,359,2
,Skill-Building and Out of Home Non Vocational Habilitation,,H2014,,15 minutes,5.00,"4,309.00","$9,221.00",1844,2,862
,Skill-Building and Out of Home Non Vocational Habilitation,,H2014,TT,15 Minutes,1.00,478.00,"$1,023.00",1023,2,478
,Community Living Supports (15 Minutes),,H2015,,15 Minutes,91.00,"339,340.00","$909,431.00",9994,3,3729
,Community Living Supports (15 Minutes),,H2015,TT,15 Minutes,28.00,"264,714.00","$709,434.00",25337,3,9454
,Community Living Supports (Daily),,H2016,,Per Diem,1.00,365.00,"$8,311.00",8311,23,365
,Community Living Supports (Daily),,H2016,TF,Per Diem,1.00,355.00,"$19,149.00",19149,54,355
,Community Living Supports (Daily),,H2016,TG,Per Diem,11.00,"2,862.00","$370,543.00",33686,129,260
,Behavior Services,,H2019,,15 Minutes,0.00,0.00,$0.00,0,0,0
,Behavior Services,,H2019,TT,15 Minutes,0.00,0.00,$0.00,0,0,0
,Crisis Intervention,,H2020,,Days,0.00,0.00,$0.00,0,0,0
,Wraparound,,H2021,,15 Minutes,8.00,343.00,"$21,561.00",2695,63,43
,Wraparound,,H2022,,Days,0.00,0.00,$0.00,0,0,0
,Supported Employment Services,,H2023,,15 minutes,7.00,"5,139.00","$71,535.00",10219,14,734
,Supported Employment Services,,H2023,TT,15 Minutes,1.00,"2,732.00","$38,029.00",38029,14,2732
,Mental Health Therapy,,H2027,,15 Minutes,0.00,0.00,$0.00,0,0,0
,Clubhouse Psychosocial Rehabilitation Programs ,,H2030,,15 Minutes,36.00,"51,063.00","$252,762.00",7021,5,1418
,Home Based Services,,H2033,,15 Minutes,0.00,0.00,$0.00,0,0,0
,Substance Abuse: Outpatient Care,"0900, 0906, 0914, 0915, 0916, 0919",H2035,,Hour,0.00,0.00,$0.00,0,0,0
,Substance Abuse: Outpatient Care,"0900, 0906, 0914, 0915, 0916, 0919",H2036,,Per Diem,0.00,0.00,$0.00,0,0,0
,Medication Review ,,M0064,,"Encounter Face-to-Face, generally less than 10 minutes",0.00,0.00,$0.00,0,0,0
,Transportation,,S0209,,Per Mile,0.00,0.00,$0.00,0,0,0
,Transportation,,S0215,,Per Mile,0.00,0.00,$0.00,0,0,0
,Family Training - EBP,,S5110,,15 Minutes,3.00,66.00,"$6,462.00",2154,98,22
,Family Training,,S5111,,Encounter,0.00,0.00,$0.00,0,0,0
,Family Training,,S5111,HA,Encounter,0.00,0.00,$0.00,0,0,0
,"Home Care Training, Non-Family (Children's Waiver)",,S5116,,Encounter,0.00,0.00,$0.00,0,0,0
,Chore Services,,S5120,,15 Minutes,0.00,0.00,$0.00,0,0,0
,Foster Care,,S5140,,Days,0.00,0.00,$0.00,0,0,0
,Foster Care,,S5145,,Days,0.00,0.00,$0.00,0,0,0
,Respite,,S5150,,15 Minutes,0.00,0.00,$0.00,0,0,0
,Respite,,S5151,,Per Diem,0.00,0.00,$0.00,0,0,0
,Personal Emergency Response System (PERS),,S5160,,Encounter,4.00,4.00,"$3,223.00",806,806,1
,Personal Emergency Response System (PERS),,S5161,,Month,7.00,27.00,"$19,593.00",2799,726,4
,Environmental Modification ,,S5165,,Service,0.00,0.00,$0.00,0,0,0
,Enhanced Medical Equipment-Supplies,,S5199,,Items,0.00,0.00,$0.00,0,0,0
,Occupational or Physical Therapy,,S8990,,Encounter,0.00,0.00,$0.00,0,0,0
,Private Duty Nursing,0582,S9123,,Hour,0.00,0.00,$0.00,0,0,0
,Private Duty Nursing,,S9123,,Hour,0.00,0.00,$0.00,0,0,0
,Private Duty Nursing,,S9123,TT,Hour,0.00,0.00,$0.00,0,0,0
,Private Duty Nursing,0582,S9124,,Hour,0.00,0.00,$0.00,0,0,0
,Private Duty Nursing,,S9124,,Hour,0.00,0.00,$0.00,0,0,0
,Private Duty Nursing,,S9124,TT,Hour,0.00,0.00,$0.00,0,0,0
,Respite Care in the Home (RN) (Children's Waiver),,S9125,TD,Per Diem,0.00,0.00,$0.00,0,0,0
,Respite Care in the Home (LPN) (Children's Waiver),,S9125,TE,Per Diem,0.00,0.00,$0.00,0,0,0
,Health Services,,S9445,,Encounter,3.00,20.00,"$4,647.00",1549,232,7
,Health Services,,S9446,,Encounter,0.00,0.00,$0.00,0,0,0
Monroe,,,,,,,,,,,
,Health Services,,S9470,,Encounter,0.00,0.00,$0.00,0,0,0
,Intensive Crisis Stabilization-Enrolled Program,,S9484,,Hour,0.00,0.00,$0.00,0,0,0
,Reidential Room and Board,,S9976,,Days,0.00,0.00,$0.00,0,0,0
,Private Duty Nursing,,T1000,,Up to 15 min,0.00,0.00,$0.00,0,0,0
,Private Duty Nursing,,T1000,TD,Up to 15 min,0.00,0.00,$0.00,0,0,0
,Private Duty Nursing,,T1000,TE,Up to 15 min,0.00,0.00,$0.00,0,0,0
,Assessment,,T1001,,Encounter,35.00,114.00,"$18,613.00",532,163,3
,Health Services,,T1002,,Up to 15 min,5.00,88.00,"$13,608.00",2722,155,18
,Respite Care,,T1005,,15 Minutes,5.00,"3,404.00","$14,978.00",2996,4,681
,Respite Care,,T1005,TD,15 Minutes,0.00,0.00,$0.00,0,0,0
,Respite Care,,T1005,TE,15 Minutes,0.00,0.00,$0.00,0,0,0
,Substance Abuse: Recovery Support Services,"0900, 0906, 0914, 0915, 0916, 0919",T1012,,Encounter,0.00,0.00,$0.00,0,0,0
,Family Psycho-Education - EBP,,T1015,,Encounter,6.00,11.00,"$3,954.00",659,359,2
,Supports Coordination/Wrap Facilitation,,T1016,,15 minutes,13.00,112.00,"$16,838.00",1295,150,9
,Targeted Case Management ,,T1017,,15 minutes,507.00,"16,029.00","$1,353,168.00",2669,84,32
,Nursing Home Mental Health Monitoring,,T1017,SE,15 minutes,9.00,152.00,"$11,886.00",1321,78,17
,Personal Care in Licensed Specialized Residential Setting,,T1020,,Days,3.00,769.00,"$15,726.00",5242,20,256
,Personal Care in Licensed Specialized Residential Setting,,T1020,TF,Days,3.00,940.00,"$48,354.00",16118,51,313
,Personal Care in Licensed Specialized Residential Setting,,T1020,TG,Days,7.00,"1,873.00","$219,272.00",31325,117,268
,Assessments,,T1023,,Encounter,346.00,529.00,"$87,354.00",252,165,2
,Enhanced Medical Supplies or Pharmacy,,T1999,,Items,0.00,0.00,$0.00,0,0,0
,Transportation,,T2001,,Encounter,0.00,0.00,$0.00,0,0,0
,Transportation,,T2002,,Per Diem,0.00,0.00,$0.00,0,0,0
,Transportation,,T2003,,Encounter / Trip,0.00,0.00,$0.00,0,0,0
,Transportation,,T2004,,Encounter,0.00,0.00,$0.00,0,0,0
,Transportation,,T2005,,Encounter,0.00,0.00,$0.00,0,0,0
,Out of Home Prevocational Service,,T2015,,Hour,0.00,0.00,$0.00,0,0,0
,Targeted Case Management (Children's Waiver),,T2023,,Month,0.00,0.00,$0.00,0,0,0
,Fiscal Intermediary Services,,T2025,,Month,3.00,25.00,"$2,684.00",895,107,8
,Enhanced Medical Equipment-Supplies,,T2028,,Items,0.00,0.00,$0.00,0,0,0
,Enhanced Medical Equipment-Supplies,,T2029,,Items,0.00,0.00,$0.00,0,0,0
,Crisis Intervention,,T2034,,Days,0.00,0.00,$0.00,0,0,0
,Respite Care,,T2036,,Encounter / Trip. Per session. One night = one session,0.00,0.00,$0.00,0,0,0
,Respite Care,,T2037,,Encounter / Trip  Per session. One day/partial day = one session,0.00,0.00,$0.00,0,0,0
,Housing Assistance,,T2038,,Month   Service,0.00,0.00,$0.00,0,0,0
,Enhanced Medical Equipment-Supplies,,T2039,,Items,0.00,0.00,$0.00,0,0,0
,Pharmacy (Drugs and Other Biologicals),,,,,0.00,0.00,$0.00,0,0,0
,Other,,,,,0.00,0.00,$0.00,0,0,0
,Aggregate for 'J' Codes,,ALL,,,0.00,0.00,$0.00,0,0,0
Montcalm,,,,,,,,,,,
,State Psychiatric Hospital - Inpatient PT22,"0100, 0101, 0114, 0124, 0134, 0154",,PT22,Days,9.00,307.00,"$177,506.00",19723,578,34
,State Mental Retardation Facility - Inpatient (ICF/MR) PT65,"0100, 0101, 0114, 0124, 0134, 0154",,PT65,Days,0.00,0.00,$0.00,0,0,0
,Local Psychiatric Hospital/IMD PT68,"0100, 0101, 0114, 0124, 0134, 0154",,PT68,Days,3.00,42.00,"$8,055.00",2685,192,14
,Local Psychiatric Hospital - Acute Community PT73,"0100, 0101, 0114, 0124, 0134, 0154",,PT73,Days,101.00,753.00,"$498,519.00",4936,662,7
,Inpatient Hospital Ancillary Services - Leave of Absence,0183,,,Days,0.00,0.00,$0.00,0,0,0
,Inpatient Hospital Ancillary Services - Pharmacy,"0250-0254, 0257-0258 ",,,,0.00,0.00,$0.00,0,0,0
,Inpatient Hospital Ancillary Services - Medical/Surgical Supplies and Devices,0270-0272,,,# of items,0.00,0.00,$0.00,0,0,0
,Inpatient Hospital Ancillary Services - Laboratory,"0300-0302, 0305-0307",,,# of tests,0.00,0.00,$0.00,0,0,0
,Inpatient Hospital Ancillary Services - Radiology,0320,,,# of tests,0.00,0.00,$0.00,0,0,0
,ECT Anesthesia,0370,,,,0.00,0.00,$0.00,0,0,0
,Inpatient Hospital Ancillary Services - Respiratory Services,0410,,,# of treatments,0.00,0.00,$0.00,0,0,0
,Inpatient Hospital Ancillary Services -Physical Therapy,0420-0424,,,# of treatments,0.00,0.00,$0.00,0,0,0
,Inpatient Hospital Ancillary Services - Occupational Therapy,0430-0434,,,# of treatments,0.00,0.00,$0.00,0,0,0
,Inpatient Hospital Ancillary Services - Speech-Language Pathology,0440-0444,,,# of treatments,0.00,0.00,$0.00,0,0,0
,Inpatient Hospital Ancillary Services - Emergency Room,0450,,,# of visits,0.00,0.00,$0.00,0,0,0
,Inpatient Hospital Ancillary Services - Pulmonary Function,0460,,,# of tests,0.00,0.00,$0.00,0,0,0
,Inpatient Hospital Ancillary Services - Audiology,0470-0472,,,# of tests,0.00,0.00,$0.00,0,0,0
,Inpatient Hospital Ancillary Services - Magnetic Resonance Technology (MRT),0610-0611,,,# of tests,0.00,0.00,$0.00,0,0,0
,Inpatient Hospital Ancillary Services - Pharmacy,0636,,,# of units,0.00,0.00,$0.00,0,0,0
,ECT Recovery Room,0701,,,,0.00,0.00,$0.00,0,0,0
,Inpatient Hospital Ancillary Services -EKG/ECG,0730-0731,,,# of tests,0.00,0.00,$0.00,0,0,0
,Inpatient Hospital Ancillary Services - EEG,0740,,,# of tests,0.00,0.00,$0.00,0,0,0
,Crisis Observation Care,0762,,,Hour,0.00,0.00,$0.00,0,0,0
,Additional Codes-ECT Facility Charge,0901,,,Encounter,0.00,0.00,$0.00,0,0,0
,Inpatient Hospital Ancillary Services - Psychiatric/Psychological Treatments/Services,"0900, 0902-0904, 0911, 0914-0919",,,# of visits,0.00,0.00,$0.00,0,0,0
,Outpatient Partial Hospitalization,0912,,,Days,0.00,0.00,$0.00,0,0,0
,Outpatient Partial Hospitalization,0913,,,Days,0.00,0.00,$0.00,0,0,0
,Inpatient Hospital Ancillary Services - Other Diagnosis Services,0925,,,# of tests,0.00,0.00,$0.00,0,0,0
,Inpatient Hospital Ancillary Services - Other Therapeutic Services,0940-0942,,,# of visits,0.00,0.00,$0.00,0,0,0
,Additional Codes-ECT Anesthesia,,00104,,Minutes,0.00,0.00,$0.00,0,0,0
,Drug Screen for Methadone Clients Only,,80100,,Per Screen,0.00,0.00,$0.00,0,0,0
,Drug Screen for Methadone Clients Only,,80101,,Per Screen,0.00,0.00,$0.00,0,0,0
,Alcohol Breath Test for Methadone Clients Only,,82075,,Per Test,0.00,0.00,$0.00,0,0,0
,Medication Administration,,90772,,Encounter,0.00,0.00,$0.00,0,0,0
,Assessment-Psychiatric Assessment,,90801,,Encounter,120.00,123.00,"$57,271.00",477,466,1
,Substance Abuse: Psychiatric Evaluation,,90801,,Encounter,0.00,0.00,$0.00,0,0,0
,Assessment-Psychiatric Assessment,,90802,,Encounter,0.00,0.00,$0.00,0,0,0
,Substance Abuse: Psychiatric Evaluation,,90802,,Encounter,0.00,0.00,$0.00,0,0,0
,Therapy-Individual Therapy,,90804,,Encounter 20-30 Min,58.00,80.00,"$6,574.00",113,82,1
,Substance Abuse: Outpatient Treatment,"0900, 0914, 0915, 0916, 0919",90804,,Encounter 20-30 Min,0.00,0.00,$0.00,0,0,0
Montcalm,,,,,,,,,,,
,Therapy-Individual Therapy,,90805,,Encounter 20-30 Min,0.00,0.00,$0.00,0,0,0
,Substance Abuse: Outpatient Treatment,"0900, 0914, 0915, 0916, 0919",90805,,Encounter 20-30 Min,0.00,0.00,$0.00,0,0,0
,Therapy-Individual Therapy,,90806,,Encounter 45-50 Min,171.00,951.00,"$134,491.00",786,141,6
,Substance Abuse: Outpatient Treatment,"0900, 0914, 0915, 0916, 0919",90806,,Encounter 45-50 Min,0.00,0.00,$0.00,0,0,0
,Therapy-Individual Therapy,,90807,,Encounter 45-50 Min,0.00,0.00,$0.00,0,0,0
,Substance Abuse: Outpatient Treatment,"0900, 0914, 0915, 0916, 0919",90807,,Encounter 45-50 Min,0.00,0.00,$0.00,0,0,0
,Therapy-Individual Therapy,,90808,,Encounter 75-80 Min,20.00,241.00,"$81,309.00",4065,337,12
,Substance Abuse: Outpatient Treatment,"0900, 0914, 0915, 0916, 0919",90808,,Encounter 75-80 Min,0.00,0.00,$0.00,0,0,0
,Therapy-Individual Therapy,,90809,,Encounter 75-80 Min,0.00,0.00,$0.00,0,0,0
,Substance Abuse: Outpatient Treatment,"0900, 0914, 0915, 0916, 0919",90809,,Encounter 75-80 Min,0.00,0.00,$0.00,0,0,0
,Therapy-Individual Therapy,,90810,,Encounter 20-30 Min,0.00,0.00,$0.00,0,0,0
,Substance Abuse: Outpatient Treatment,"0900, 0914, 0915, 0916, 0919",90810,,Encounter 20-30 Min,0.00,0.00,$0.00,0,0,0
,Therapy-Individual Therapy,,90811,,Encounter 20-30 Min,0.00,0.00,$0.00,0,0,0
,Substance Abuse: Outpatient Treatment,"0900, 0914, 0915, 0916, 0919",90811,,Encounter 20-30 Min,0.00,0.00,$0.00,0,0,0
,Therapy-Individual Therapy,,90812,,Encounter 45-50 Min,0.00,0.00,$0.00,0,0,0
,Substance Abuse: Outpatient Treatment,"0900, 0914, 0915, 0916, 0919",90812,,Encounter 45-50 Min,0.00,0.00,$0.00,0,0,0
,Therapy-Individual Therapy,,90813,,Encounter 45-50 Min,0.00,0.00,$0.00,0,0,0
,Substance Abuse: Outpatient Treatment,"0900, 0914, 0915, 0916, 0919",90813,,Encounter 45-50 Min,0.00,0.00,$0.00,0,0,0
,Therapy-Individual Therapy,,90814,,Encounter 75-80 Min,0.00,0.00,$0.00,0,0,0
,Substance Abuse: Outpatient Treatment,"0900, 0914, 0915, 0916, 0919",90814,,Encounter 75-80 Min,0.00,0.00,$0.00,0,0,0
,Therapy-Individual Therapy,,90815,,Encounter 75-80 Min,0.00,0.00,$0.00,0,0,0
,Substance Abuse: Outpatient Treatment,"0900, 0914, 0915, 0916, 0919",90815,,Encounter 75-80 Min,0.00,0.00,$0.00,0,0,0
,Therapy-Individual Therapy,,90816,,Encounter 20-30 Min,0.00,0.00,$0.00,0,0,0
,Therapy-Individual Therapy,,90817,,Encounter 20-30 Min,0.00,0.00,$0.00,0,0,0
,Therapy-Individual Therapy,,90818,,Encounter 45-50 Min,0.00,0.00,$0.00,0,0,0
,Therapy-Individual Therapy,,90819,,Encounter 45-50 Min,0.00,0.00,$0.00,0,0,0
,Therapy-Individual Therapy,,90821,,Encounter 75-80 Min,0.00,0.00,$0.00,0,0,0
,Therapy-Individual Therapy,,90822,,Encounter 75-80 Min,0.00,0.00,$0.00,0,0,0
,Therapy-Individual Therapy,,90823,,Encounter 20-30 Min,0.00,0.00,$0.00,0,0,0
,Therapy-Individual Therapy,,90824,,Encounter 20-30 Min,0.00,0.00,$0.00,0,0,0
,Therapy-Individual Therapy,,90826,,Encounter 45-50 Min,0.00,0.00,$0.00,0,0,0
,Substance Abuse: Psychotherapy (Individual Therapy),,90826,,Encounter 45-50 Min,0.00,0.00,$0.00,0,0,0
,Therapy-Individual Therapy,,90827,,Encounter 45-50 Min,0.00,0.00,$0.00,0,0,0
,Therapy-Individual Therapy,,90828,,Encounter 75-80 Min,0.00,0.00,$0.00,0,0,0
,Therapy-Individual Therapy,,90829,,Encounter 75-80 Min,0.00,0.00,$0.00,0,0,0
,Therapy-Family Therapy,,90846,,Encounter,0.00,0.00,$0.00,0,0,0
,Therapy-Family Therapy,,90847,,Encounter,1.00,1.00,$184.00,184,184,1
,Substance Abuse: Outpatient Treatment,"0900, 0906, 0914, 0915, 0916, 0919",90847,,Encounter,0.00,0.00,$0.00,0,0,0
,Therapy-Family Therapy,,90849,,Encounter,0.00,0.00,$0.00,0,0,0
,Therapy-Family Therapy,,90849,HS,Encounter,0.00,0.00,$0.00,0,0,0
Montcalm,,,,,,,,,,,
,Therapy-Group Therapy,,90853,,Encounter,34.00,321.00,"$38,870.00",1143,121,9
,Substance Abuse: Outpatient Treatment,"0900, 0906, 0914, 0915, 0916, 0919",90853,,Encounter,0.00,0.00,$0.00,0,0,0
,Therapy-Group Therapy,,90857,,Encounter,0.00,0.00,$0.00,0,0,0
,Substance Abuse: Outpatient Treatment,"0900, 0906, 0914, 0915, 0916, 0919",90857,,Encounter,0.00,0.00,$0.00,0,0,0
,Medication Review ,,90862,,Encounter,260.00,"1,070.00","$176,322.00",678,165,4
,Substance Abuse: Medication Review,"0900, 0914, 0915, 0916, 0919",90862,,Encounter,0.00,0.00,$0.00,0,0,0
,Additional Codes-ECT Physician,,90870,,Encounter,0.00,0.00,$0.00,0,0,0
,Additional Codes-ECT Physician,0901,90870,,Encounter,0.00,0.00,$0.00,0,0,0
,Assessments-Other,,90887,,Encounter,0.00,0.00,$0.00,0,0,0
,Speech & Language Therapy ,,92506,,Encounter,0.00,0.00,$0.00,0,0,0
,Speech & Language Therapy ,,92507,,Encounter,0.00,0.00,$0.00,0,0,0
,Speech & Language Therapy ,,92508,,Encounter,0.00,0.00,$0.00,0,0,0
,Speech & Language Therapy ,,92526,,Encounter,0.00,0.00,$0.00,0,0,0
,Speech & Language Therapy ,,92610,,Encounter,0.00,0.00,$0.00,0,0,0
,Evaluation of Auditory Rehabilitation Status (Children's Waiver),,92626,,First Hour,0.00,0.00,$0.00,0,0,0
,Evaluation of Auditory Rehabiliation Status (Children's Waiver),,92627,,Each Additional 15 Minutes,0.00,0.00,$0.00,0,0,0
,Auditory Rehabilitation Preling Hearing Loss (Children's Waiver),,92630,,Encounter,0.00,0.00,$0.00,0,0,0
,Auditory Rehabilitation; Post-Lingual Hearing Loss (Children's Waiver),,92633,,Encounter,0.00,0.00,$0.00,0,0,0
,Psychological Testing PSYCH/PHYS ,,96101,,Per Hour,0.00,0.00,$0.00,0,0,0
,Psychological Testing by Technician ,,96102,,Per Hour,0.00,0.00,$0.00,0,0,0
,Psychological Testing by Comp ,,96103,,Per Hour,0.00,0.00,$0.00,0,0,0
,Assessments-Other,,96105,,Encounter,0.00,0.00,$0.00,0,0,0
,Assessments-Other,,96110,,Encounter,0.00,0.00,$0.00,0,0,0
,Assessments-Other,,96111,,Encounter,0.00,0.00,$0.00,0,0,0
,Neurobehavioral Status Exam (Children's Waiver),,96116,,Per Hour,0.00,0.00,$0.00,0,0,0
,Neuropsych test by Psych/Phys ,,96118,,Per Hour,0.00,0.00,$0.00,0,0,0
,Neuropsych test by Tech ,,96119,,Per Hour,0.00,0.00,$0.00,0,0,0
,Neuropsych test Admin w/Comp ,,96120,,Per Hour,0.00,0.00,$0.00,0,0,0
,Medication Administration,,96372,,Encounter,0.00,0.00,$0.00,0,0,0
,Physical Therapy,,97001,,Encounter,0.00,0.00,$0.00,0,0,0
,Physical Therapy,,97002,,Encounter,0.00,0.00,$0.00,0,0,0
,Occupational Therapy,,97003,,Encounter,0.00,0.00,$0.00,0,0,0
,Occupational Therapy,,97004,,Encounter,0.00,0.00,$0.00,0,0,0
,Occupational or Physical Therapy,,97110,,15 Minutes,0.00,0.00,$0.00,0,0,0
,Occupational or Physical Therapy,,97112,,15 Minutes,0.00,0.00,$0.00,0,0,0
,Occupational or Physical Therapy,,97113,,15 Minutes,0.00,0.00,$0.00,0,0,0
,Occupational or Physical Therapy,,97116,,15 Minutes,0.00,0.00,$0.00,0,0,0
,Occupational or Physical Therapy,,97124,,15 Minutes,0.00,0.00,$0.00,0,0,0
,Occupational or Physical Therapy,,97140,,15 Minutes,0.00,0.00,$0.00,0,0,0
,Occupational or Physical Therapy,,97150,,Encounter,0.00,0.00,$0.00,0,0,0
,Occupational or Physical Therapy,,97530,,15 Minutes,0.00,0.00,$0.00,0,0,0
,Occupational or Physical Therapy,,97532,,15 Minutes,0.00,0.00,$0.00,0,0,0
,Occupational or Physical Therapy,,97533,,15 Minutes,0.00,0.00,$0.00,0,0,0
,Occupational or Physical Therapy,,97535,,15 Minutes,0.00,0.00,$0.00,0,0,0
,Occupational or Physical Therapy,,97537,,15 Minutes,0.00,0.00,$0.00,0,0,0
,Occupational or Physical Therapy,,97542,,15 Minutes,0.00,0.00,$0.00,0,0,0
,Occupational Therapy,,97703,,15 Minutes,0.00,0.00,$0.00,0,0,0
Montcalm,,,,,,,,,,,
,Occupational Therapy,,97750,,15 Minutes,0.00,0.00,$0.00,0,0,0
,Occupational Therapy,,97755,,15 Minutes,0.00,0.00,$0.00,0,0,0
,Occupational Therapy,,97760,,15 Minutes,0.00,0.00,$0.00,0,0,0
,C/O for Orthotic/Prosth Use ,,97762,,15 minutes,0.00,0.00,$0.00,0,0,0
,Assessment or Health Services,,97802,,15 Minutes,0.00,0.00,$0.00,0,0,0
,Assessment or Health Services,,97803,,15 Minutes,0.00,0.00,$0.00,0,0,0
,Health Services,,97804,,30 Minutes,0.00,0.00,$0.00,0,0,0
,Additional Codes-Physician Services,,99201,,Encounter,0.00,0.00,$0.00,0,0,0
,Additional Codes-Physician Services,,99202,,Encounter,0.00,0.00,$0.00,0,0,0
,Additional Codes-Physician Services,,99203,,Encounter,0.00,0.00,$0.00,0,0,0
,Additional Codes-Physician Services,,99204,,Encounter,0.00,0.00,$0.00,0,0,0
,Additional Codes-Physician Services,,99205,,Encounter,0.00,0.00,$0.00,0,0,0
,Additional Codes-Physician Services  Medication Administration,,99211,,Encounter,0.00,0.00,$0.00,0,0,0
,Additional Codes-Physician Services,,99212,,Encounter,0.00,0.00,$0.00,0,0,0
,Additional Codes-Physician Services,,99213,,Encounter,0.00,0.00,$0.00,0,0,0
,Additional Codes-Physician Services,,99214,,Encounter,0.00,0.00,$0.00,0,0,0
,Additional Codes-Physician Services,,99215,,Encounter,0.00,0.00,$0.00,0,0,0
,Additional Codes-Physician Services,,99221,,30 Minutes,1.00,1.00,$100.00,100,100,1
,Additional Codes-Physician Services,,99222,,50 Minutes,2.00,2.00,$401.00,201,201,1
,Additional Codes-Physician Services,,99223,,70 Minutes,0.00,0.00,$0.00,0,0,0
,Additional Codes-Physician Services,,99231,,15 Minutes,3.00,9.00,$683.00,228,76,3
,Additional Codes-Physician Services,,99232,,25 minutes,3.00,42.00,"$4,325.00",1442,103,14
,Additional Codes-Physician Services,,99233,,35 Minutes,0.00,0.00,$0.00,0,0,0
,Additional Codes-Physician Services,,99238,,30 Minutes or less,0.00,0.00,$0.00,0,0,0
,Additional Codes-Physician Services,,99241,,Encounter,0.00,0.00,$0.00,0,0,0
,Additional Codes-Physician Services,,99242,,Encounter,0.00,0.00,$0.00,0,0,0
,Additional Codes-Physician Services,,99243,,Encounter,0.00,0.00,$0.00,0,0,0
,Additional Codes-Physician Services,,99244,,Encounter,0.00,0.00,$0.00,0,0,0
,Additional Codes-Physician Services,,99245,,Encounter,0.00,0.00,$0.00,0,0,0
,Additional Codes-Physician Services,,99251,,Encounter,0.00,0.00,$0.00,0,0,0
,Additional Codes-Physician Services,,99252,,Encounter,0.00,0.00,$0.00,0,0,0
,Additional Codes-Physician Services,,99253,,Encounter,0.00,0.00,$0.00,0,0,0
,Additional Codes-Physician Services,,99254,,Encounter,0.00,0.00,$0.00,0,0,0
,Additional Codes-Physician Services,,99255,,Encounter,0.00,0.00,$0.00,0,0,0
,Additional Codes-Physician Services,,99261,,Encounter,0.00,0.00,$0.00,0,0,0
,Additional Codes-Physician Services,,99262,,Encounter,0.00,0.00,$0.00,0,0,0
,Additional Codes-Physician Services,,99263,,Encounter,0.00,0.00,$0.00,0,0,0
,Additional Codes-Physician Services,,99271,,Encounter,0.00,0.00,$0.00,0,0,0
,Additional Codes-Physician Services,,99272,,Encounter,0.00,0.00,$0.00,0,0,0
,Additional Codes-Physician Services,,99273,,Encounter,0.00,0.00,$0.00,0,0,0
,Additional Codes-Physician Services,,99274,,Encounter,0.00,0.00,$0.00,0,0,0
,Additional Codes-Physician Services,,99275,,Encounter,0.00,0.00,$0.00,0,0,0
,Medication Administration,,99605,,Encounter,0.00,0.00,$0.00,0,0,0
,Transportation,,A0080,,Per mile,0.00,0.00,$0.00,0,0,0
,Transportation,,A0090,,Per mile,0.00,0.00,$0.00,0,0,0
,Transportation,,A0100,,Per one-way trip,0.00,0.00,$0.00,0,0,0
,Transportation,,A0110,,Per one-way trip,0.00,0.00,$0.00,0,0,0
,Transportation,,A0120,,Per one-way trip,0.00,0.00,$0.00,0,0,0
,Transportation,,A0130,,Per one-way trip,0.00,0.00,$0.00,0,0,0
,Transportation,,A0140,,Per one-way trip,0.00,0.00,$0.00,0,0,0
Montcalm,,,,,,,,,,,
,Transportation,,A0170,,,0.00,0.00,$0.00,0,0,0
,Additional Codes-Transportation,,A0425,,Per Mile,0.00,0.00,$0.00,0,0,0
,Additional Codes-Transportation,,A0427,,Refer to code descriptions.,0.00,0.00,$0.00,0,0,0
,Additional codes - Transportation,,A0428,,,0.00,0.00,$0.00,0,0,0
,Repair or Non-Routine Service for DME (Children's Waiver),,E1340,,15 Minutes,0.00,0.00,$0.00,0,0,0
,Enhanced Medical Equipment-Supplies,,E1399,,Items,0.00,0.00,$0.00,0,0,0
,Activity Therapy (Children's Waiver),,G0176,,Encounter,0.00,0.00,$0.00,0,0,0
,Family Training/Support EBP only,,G0177,,Encounter Session at least 45 min,0.00,0.00,$0.00,0,0,0
,Substance Abuse: Individual Assessment,,H0001,,Encounter,0.00,0.00,$0.00,0,0,0
,Assessment ,,H0002,,Encounter,0.00,0.00,$0.00,0,0,0
,Substance Abuse: Individual Assessment,,H0002,,Encounter,0.00,0.00,$0.00,0,0,0
,Substance Abuse:Laboratory,,H0003,,Encounter,0.00,0.00,$0.00,0,0,0
,Substance Abuse: Outpatient Treatment,"0900, 0906, 0914, 0915, 0916, 0919",H0004,,15 Minutes,0.00,0.00,$0.00,0,0,0
,Substance Abuse: Outpatient Treatment,"0900, 0906, 0914, 0915, 0916, 0919",H0005,,Encounter,0.00,0.00,$0.00,0,0,0
,Substance Abuse: Case Management,,H0006,,Encounter,0.00,0.00,$0.00,0,0,0
,Substance Abuse: Sub-Acute Detoxification,1002,H0010,,Days,0.00,0.00,$0.00,0,0,0
,Substance Abuse: Sub-Acute Detoxification,1002,H0012,,Days,0.00,0.00,$0.00,0,0,0
,Substance Abuse: Sub-Acute Detoxification,1002,H0014,,Days,0.00,0.00,$0.00,0,0,0
,Substance Abuse: Outpatient Care,"0900, 0906, 0914, 0915, 0916, 0919",H0015,,Days,0.00,0.00,$0.00,0,0,0
,Crisis Residential Services,,H0018,,Days,1.00,7.00,"$2,217.00",2217,317,7
,Substance Abuse: Residential,1002,H0018,,Days,0.00,0.00,$0.00,0,0,0
,Substance Abuse: Residential,1002,H0019,,Days,0.00,0.00,$0.00,0,0,0
,Substance Abuse: Methadone,,H0020,,Encounter,0.00,0.00,$0.00,0,0,0
,Substance Abuse: Early Intervention,,H0022,,Encounter,0.00,0.00,$0.00,0,0,0
,Peer Directed and Operated Support Services,,H0023,,Encounter,0.00,0.00,"$46,335.00",0,0,0
,Prevention Services - Direct Model,,H0025,,Face to Face Contact,35.00,44.00,"$18,841.00",538,428,1
,Crisis Intervention,,H0030,,Per Service,0.00,0.00,$0.00,0,0,0
,Assessment ,,H0031,,Encounter,303.00,331.00,"$73,756.00",243,223,1
,Substance Abuse: Assessment,,H0031,,Encounter,0.00,0.00,$0.00,0,0,0
,Treatment Planning,,H0032,,Encounter,168.00,252.00,"$37,244.00",222,148,2
,Monitoring of Treatment - Clinician,,H0032,TS,Encounter,0.00,0.00,$0.00,0,0,0
,Substance Abuse: Pharmalogical Support - Suboxane,,H0033,,Direct Observation Encounter,0.00,0.00,$0.00,0,0,0
,Health Services,,H0034,,15 Minutes,8.00,22.00,"$1,616.00",202,73,3
,Home Based Services,,H0036,,15 Minutes,44.00,"3,756.00","$142,501.00",3239,38,85
,Home Based Services,,H0036,ST,15 Minutes,0.00,0.00,$0.00,0,0,0
,Community Psychiatric Supportive Treatment ,,H0037,,Per diem,0.00,0.00,$0.00,0,0,0
,Peer Directed and Operated Support Services,,H0038,,15 minutes,14.00,124.00,"$1,366.00",98,11,9
,Peer Directed and Operated Support Services,,NA,,,0.00,0.00,$0.00,0,0,0
,Assertive Community Treatment (ACT),,H0039,,15 Minutes,0.00,0.00,$0.00,0,0,0
,Community Living Supports in Independent living/own home,,H0043,,Per diem,0.00,0.00,$0.00,0,0,0
,Community Living Supports in Independent living/own home,,H0043,TT,Per diem,0.00,0.00,$0.00,0,0,0
,Respite,,H0045,,Days,0.00,0.00,$0.00,0,0,0
,Respite (Children's Waiver),,H0045,TD,Per Diem,0.00,0.00,$0.00,0,0,0
,Respite (Children's Waiver),,H0045,TE,Per Diem,0.00,0.00,$0.00,0,0,0
,Substance Abuse:Laboratory (cells now unlocked),,H0048,,Encounter,0.00,0.00,$0.00,0,0,0
,Substance Abuse: Individual Assessment,,H0049,,Encounter,0.00,0.00,$0.00,0,0,0
,Behavior Treatment Plan Review,,H2000,,Encounter,13.00,49.00,"$13,438.00",1034,274,4
,Behavior Treatment Plan Review - Monitoring Activities,,H2000,TS,Encounter,0.00,0.00,$0.00,0,0,0
Montcalm,,,,,,,,,,,
,Comprehensive Medication Services - EBP only,,H2010,,15 minutes,0.00,0.00,$0.00,0,0,0
,Crisis Intervention,,H2011,,15 Minutes,87.00,383.00,"$40,773.00",469,106,4
,Skill-Building and Out of Home Non Vocational Habilitation,,H2014,,15 minutes,0.00,0.00,$0.00,0,0,0
,Skill-Building and Out of Home Non Vocational Habilitation,,H2014,TT,15 Minutes,0.00,0.00,$0.00,0,0,0
,Community Living Supports (15 Minutes),,H2015,,15 Minutes,5.00,"15,620.00","$67,313.00",13463,4,3124
,Community Living Supports (15 Minutes),,H2015,TT,15 Minutes,0.00,0.00,$0.00,0,0,0
,Community Living Supports (Daily),,H2016,,Per Diem,4.00,420.00,"$24,434.00",6108,58,105
,Community Living Supports (Daily),,H2016,TF,Per Diem,2.00,392.00,"$15,124.00",7562,39,196
,Community Living Supports (Daily),,H2016,TG,Per Diem,5.00,730.00,"$79,484.00",15897,109,146
,Behavior Services,,H2019,,15 Minutes,20.00,145.00,"$8,640.00",432,60,7
,Behavior Services,,H2019,TT,15 Minutes,0.00,0.00,$0.00,0,0,0
,Crisis Intervention,,H2020,,Days,0.00,0.00,$0.00,0,0,0
,Wraparound,,H2021,,15 Minutes,0.00,0.00,$0.00,0,0,0
,Wraparound,,H2022,,Days,0.00,0.00,$0.00,0,0,0
,Supported Employment Services,,H2023,,15 minutes,2.00,"2,931.00","$6,459.00",3230,2,1466
,Supported Employment Services,,H2023,TT,15 Minutes,0.00,0.00,$0.00,0,0,0
,Mental Health Therapy,,H2027,,15 Minutes,0.00,0.00,$0.00,0,0,0
,Clubhouse Psychosocial Rehabilitation Programs ,,H2030,,15 Minutes,46.00,"47,435.00","$261,335.00",5681,6,1031
,Home Based Services,,H2033,,15 Minutes,0.00,0.00,$0.00,0,0,0
,Substance Abuse: Outpatient Care,"0900, 0906, 0914, 0915, 0916, 0919",H2035,,Hour,0.00,0.00,$0.00,0,0,0
,Substance Abuse: Outpatient Care,"0900, 0906, 0914, 0915, 0916, 0919",H2036,,Per Diem,0.00,0.00,$0.00,0,0,0
,Medication Review ,,M0064,,"Encounter Face-to-Face, generally less than 10 minutes",16.00,81.00,"$10,918.00",682,135,5
,Transportation,,S0209,,Per Mile,0.00,0.00,$0.00,0,0,0
,Transportation,,S0215,,Per Mile,0.00,0.00,$0.00,0,0,0
,Family Training - EBP,,S5110,,15 Minutes,0.00,0.00,$0.00,0,0,0
,Family Training,,S5111,,Encounter,0.00,0.00,$0.00,0,0,0
,Family Training,,S5111,HA,Encounter,0.00,0.00,$0.00,0,0,0
,"Home Care Training, Non-Family (Children's Waiver)",,S5116,,Encounter,0.00,0.00,$0.00,0,0,0
,Chore Services,,S5120,,15 Minutes,0.00,0.00,$0.00,0,0,0
,Foster Care,,S5140,,Days,0.00,0.00,$0.00,0,0,0
,Foster Care,,S5145,,Days,0.00,0.00,$0.00,0,0,0
,Respite,,S5150,,15 Minutes,0.00,0.00,$0.00,0,0,0
,Respite,,S5151,,Per Diem,0.00,0.00,$0.00,0,0,0
,Personal Emergency Response System (PERS),,S5160,,Encounter,0.00,0.00,$0.00,0,0,0
,Personal Emergency Response System (PERS),,S5161,,Month,0.00,0.00,$0.00,0,0,0
,Environmental Modification ,,S5165,,Service,0.00,0.00,$0.00,0,0,0
,Enhanced Medical Equipment-Supplies,,S5199,,Items,0.00,0.00,$0.00,0,0,0
,Occupational or Physical Therapy,,S8990,,Encounter,0.00,0.00,$0.00,0,0,0
,Private Duty Nursing,0582,S9123,,Hour,0.00,0.00,$0.00,0,0,0
,Private Duty Nursing,,S9123,,Hour,0.00,0.00,$0.00,0,0,0
,Private Duty Nursing,,S9123,TT,Hour,0.00,0.00,$0.00,0,0,0
,Private Duty Nursing,0582,S9124,,Hour,0.00,0.00,$0.00,0,0,0
,Private Duty Nursing,,S9124,,Hour,0.00,0.00,$0.00,0,0,0
,Private Duty Nursing,,S9124,TT,Hour,0.00,0.00,$0.00,0,0,0
,Respite Care in the Home (RN) (Children's Waiver),,S9125,TD,Per Diem,0.00,0.00,$0.00,0,0,0
,Respite Care in the Home (LPN) (Children's Waiver),,S9125,TE,Per Diem,0.00,0.00,$0.00,0,0,0
,Health Services,,S9445,,Encounter,9.00,10.00,"$1,224.00",136,122,1
,Health Services,,S9446,,Encounter,0.00,0.00,$0.00,0,0,0
Montcalm,,,,,,,,,,,
,Health Services,,S9470,,Encounter,0.00,0.00,$0.00,0,0,0
,Intensive Crisis Stabilization-Enrolled Program,,S9484,,Hour,0.00,0.00,$0.00,0,0,0
,Reidential Room and Board,,S9976,,Days,0.00,0.00,$0.00,0,0,0
,Private Duty Nursing,,T1000,,Up to 15 min,0.00,0.00,$0.00,0,0,0
,Private Duty Nursing,,T1000,TD,Up to 15 min,0.00,0.00,$0.00,0,0,0
,Private Duty Nursing,,T1000,TE,Up to 15 min,0.00,0.00,$0.00,0,0,0
,Assessment,,T1001,,Encounter,20.00,20.00,"$5,877.00",294,294,1
,Health Services,,T1002,,Up to 15 min,29.00,833.00,"$66,289.00",2286,80,29
,Respite Care,,T1005,,15 Minutes,1.00,92.00,$571.00,571,6,92
,Respite Care,,T1005,TD,15 Minutes,0.00,0.00,$0.00,0,0,0
,Respite Care,,T1005,TE,15 Minutes,0.00,0.00,$0.00,0,0,0
,Substance Abuse: Recovery Support Services,"0900, 0906, 0914, 0915, 0916, 0919",T1012,,Encounter,0.00,0.00,$0.00,0,0,0
,Family Psycho-Education - EBP,,T1015,,Encounter,0.00,0.00,$0.00,0,0,0
,Supports Coordination/Wrap Facilitation,,T1016,,15 minutes,2.00,6.00,$345.00,173,58,3
,Targeted Case Management ,,T1017,,15 minutes,237.00,"6,254.00","$359,713.00",1518,58,26
,Nursing Home Mental Health Monitoring,,T1017,SE,15 minutes,0.00,0.00,$0.00,0,0,0
,Personal Care in Licensed Specialized Residential Setting,,T1020,,Days,5.00,"1,064.00","$17,784.00",3557,17,213
,Personal Care in Licensed Specialized Residential Setting,,T1020,TF,Days,0.00,0.00,$0.00,0,0,0
,Personal Care in Licensed Specialized Residential Setting,,T1020,TG,Days,3.00,478.00,"$35,430.00",11810,74,159
,Assessments,,T1023,,Encounter,165.00,220.00,"$177,229.00",1074,806,1
,Enhanced Medical Supplies or Pharmacy,,T1999,,Items,0.00,0.00,$0.00,0,0,0
,Transportation,,T2001,,Encounter,0.00,0.00,$0.00,0,0,0
,Transportation,,T2002,,Per Diem,0.00,0.00,$0.00,0,0,0
,Transportation,,T2003,,Encounter / Trip,35.00,883.00,"$37,318.00",1066,42,25
,Transportation,,T2004,,Encounter,0.00,0.00,$0.00,0,0,0
,Transportation,,T2005,,Encounter,0.00,0.00,$0.00,0,0,0
,Out of Home Prevocational Service,,T2015,,Hour,0.00,0.00,$0.00,0,0,0
,Targeted Case Management (Children's Waiver),,T2023,,Month,0.00,0.00,$0.00,0,0,0
,Fiscal Intermediary Services,,T2025,,Month,0.00,0.00,$0.00,0,0,0
,Enhanced Medical Equipment-Supplies,,T2028,,Items,0.00,0.00,$0.00,0,0,0
,Enhanced Medical Equipment-Supplies,,T2029,,Items,0.00,0.00,$0.00,0,0,0
,Crisis Intervention,,T2034,,Days,0.00,0.00,$0.00,0,0,0
,Respite Care,,T2036,,Encounter / Trip. Per session. One night = one session,0.00,0.00,$0.00,0,0,0
,Respite Care,,T2037,,Encounter / Trip  Per session. One day/partial day = one session,0.00,0.00,$0.00,0,0,0
,Housing Assistance,,T2038,,Month   Service,0.00,0.00,$0.00,0,0,0
,Enhanced Medical Equipment-Supplies,,T2039,,Items,0.00,0.00,$0.00,0,0,0
,Pharmacy (Drugs and Other Biologicals),,,,,0.00,0.00,$0.00,0,0,0
,Other,,,,,0.00,0.00,$0.00,0,0,0
,Aggregate for 'J' Codes,,ALL,,,0.00,0.00,$0.00,0,0,0
Muskegon,,,,,,,,,,,
,State Psychiatric Hospital - Inpatient PT22,"0100, 0101, 0114, 0124, 0134, 0154",,PT22,Days,23.00,"1,673.00","$643,547.00",27980,385,73
,State Mental Retardation Facility - Inpatient (ICF/MR) PT65,"0100, 0101, 0114, 0124, 0134, 0154",,PT65,Days,0.00,0.00,$0.00,0,0,0
,Local Psychiatric Hospital/IMD PT68,"0100, 0101, 0114, 0124, 0134, 0154",,PT68,Days,11.00,115.00,"$50,015.00",4547,435,10
,Local Psychiatric Hospital - Acute Community PT73,"0100, 0101, 0114, 0124, 0134, 0154",,PT73,Days,269.00,"1,971.00","$860,948.00",3201,437,7
,Inpatient Hospital Ancillary Services - Leave of Absence,0183,,,Days,0.00,0.00,$0.00,0,0,0
,Inpatient Hospital Ancillary Services - Pharmacy,"0250-0254, 0257-0258 ",,,,0.00,0.00,$0.00,0,0,0
,Inpatient Hospital Ancillary Services - Medical/Surgical Supplies and Devices,0270-0272,,,# of items,0.00,0.00,$0.00,0,0,0
,Inpatient Hospital Ancillary Services - Laboratory,"0300-0302, 0305-0307",,,# of tests,0.00,0.00,$0.00,0,0,0
,Inpatient Hospital Ancillary Services - Radiology,0320,,,# of tests,0.00,0.00,$0.00,0,0,0
,ECT Anesthesia,0370,,,,0.00,0.00,$0.00,0,0,0
,Inpatient Hospital Ancillary Services - Respiratory Services,0410,,,# of treatments,0.00,0.00,$0.00,0,0,0
,Inpatient Hospital Ancillary Services -Physical Therapy,0420-0424,,,# of treatments,0.00,0.00,$0.00,0,0,0
,Inpatient Hospital Ancillary Services - Occupational Therapy,0430-0434,,,# of treatments,0.00,0.00,$0.00,0,0,0
,Inpatient Hospital Ancillary Services - Speech-Language Pathology,0440-0444,,,# of treatments,0.00,0.00,$0.00,0,0,0
,Inpatient Hospital Ancillary Services - Emergency Room,0450,,,# of visits,0.00,0.00,$0.00,0,0,0
,Inpatient Hospital Ancillary Services - Pulmonary Function,0460,,,# of tests,0.00,0.00,$0.00,0,0,0
,Inpatient Hospital Ancillary Services - Audiology,0470-0472,,,# of tests,0.00,0.00,$0.00,0,0,0
,Inpatient Hospital Ancillary Services - Magnetic Resonance Technology (MRT),0610-0611,,,# of tests,0.00,0.00,$0.00,0,0,0
,Inpatient Hospital Ancillary Services - Pharmacy,0636,,,# of units,0.00,0.00,$0.00,0,0,0
,ECT Recovery Room,0701,,,,0.00,0.00,$0.00,0,0,0
,Inpatient Hospital Ancillary Services -EKG/ECG,0730-0731,,,# of tests,0.00,0.00,$0.00,0,0,0
,Inpatient Hospital Ancillary Services - EEG,0740,,,# of tests,0.00,0.00,$0.00,0,0,0
,Crisis Observation Care,0762,,,Hour,0.00,0.00,$0.00,0,0,0
,Additional Codes-ECT Facility Charge,0901,,,Encounter,0.00,0.00,$0.00,0,0,0
,Inpatient Hospital Ancillary Services - Psychiatric/Psychological Treatments/Services,"0900, 0902-0904, 0911, 0914-0919",,,# of visits,0.00,0.00,$0.00,0,0,0
,Outpatient Partial Hospitalization,0912,,,Days,28.00,70.00,"$11,447.00",409,164,3
,Outpatient Partial Hospitalization,0913,,,Days,0.00,0.00,$0.00,0,0,0
,Inpatient Hospital Ancillary Services - Other Diagnosis Services,0925,,,# of tests,0.00,0.00,$0.00,0,0,0
,Inpatient Hospital Ancillary Services - Other Therapeutic Services,0940-0942,,,# of visits,0.00,0.00,$0.00,0,0,0
,Additional Codes-ECT Anesthesia,,00104,,Minutes,0.00,0.00,$0.00,0,0,0
,Drug Screen for Methadone Clients Only,,80100,,Per Screen,0.00,0.00,$0.00,0,0,0
,Drug Screen for Methadone Clients Only,,80101,,Per Screen,0.00,0.00,$0.00,0,0,0
,Alcohol Breath Test for Methadone Clients Only,,82075,,Per Test,0.00,0.00,$0.00,0,0,0
,Medication Administration,,90772,,Encounter,74.00,483.00,"$2,600.00",35,5,7
,Assessment-Psychiatric Assessment,,90801,,Encounter,523.00,549.00,"$117,393.00",224,214,1
,Substance Abuse: Psychiatric Evaluation,,90801,,Encounter,0.00,0.00,$0.00,0,0,0
,Assessment-Psychiatric Assessment,,90802,,Encounter,0.00,0.00,$0.00,0,0,0
,Substance Abuse: Psychiatric Evaluation,,90802,,Encounter,0.00,0.00,$0.00,0,0,0
,Therapy-Individual Therapy,,90804,,Encounter 20-30 Min,224.00,503.00,"$10,169.00",45,20,2
,Substance Abuse: Outpatient Treatment,"0900, 0914, 0915, 0916, 0919",90804,,Encounter 20-30 Min,0.00,0.00,$0.00,0,0,0
Muskegon,,,,,,,,,,,
,Therapy-Individual Therapy,,90805,,Encounter 20-30 Min,0.00,0.00,$0.00,0,0,0
,Substance Abuse: Outpatient Treatment,"0900, 0914, 0915, 0916, 0919",90805,,Encounter 20-30 Min,0.00,0.00,$0.00,0,0,0
,Therapy-Individual Therapy,,90806,,Encounter 45-50 Min,952.00,"7,134.00","$927,178.00",974,130,7
,Substance Abuse: Outpatient Treatment,"0900, 0914, 0915, 0916, 0919",90806,,Encounter 45-50 Min,0.00,0.00,$0.00,0,0,0
,Therapy-Individual Therapy,,90807,,Encounter 45-50 Min,0.00,0.00,$0.00,0,0,0
,Substance Abuse: Outpatient Treatment,"0900, 0914, 0915, 0916, 0919",90807,,Encounter 45-50 Min,0.00,0.00,$0.00,0,0,0
,Therapy-Individual Therapy,,90808,,Encounter 75-80 Min,54.00,203.00,"$44,449.00",823,219,4
,Substance Abuse: Outpatient Treatment,"0900, 0914, 0915, 0916, 0919",90808,,Encounter 75-80 Min,0.00,0.00,$0.00,0,0,0
,Therapy-Individual Therapy,,90809,,Encounter 75-80 Min,0.00,0.00,$0.00,0,0,0
,Substance Abuse: Outpatient Treatment,"0900, 0914, 0915, 0916, 0919",90809,,Encounter 75-80 Min,0.00,0.00,$0.00,0,0,0
,Therapy-Individual Therapy,,90810,,Encounter 20-30 Min,0.00,0.00,$0.00,0,0,0
,Substance Abuse: Outpatient Treatment,"0900, 0914, 0915, 0916, 0919",90810,,Encounter 20-30 Min,0.00,0.00,$0.00,0,0,0
,Therapy-Individual Therapy,,90811,,Encounter 20-30 Min,0.00,0.00,$0.00,0,0,0
,Substance Abuse: Outpatient Treatment,"0900, 0914, 0915, 0916, 0919",90811,,Encounter 20-30 Min,0.00,0.00,$0.00,0,0,0
,Therapy-Individual Therapy,,90812,,Encounter 45-50 Min,0.00,0.00,$0.00,0,0,0
,Substance Abuse: Outpatient Treatment,"0900, 0914, 0915, 0916, 0919",90812,,Encounter 45-50 Min,0.00,0.00,$0.00,0,0,0
,Therapy-Individual Therapy,,90813,,Encounter 45-50 Min,0.00,0.00,$0.00,0,0,0
,Substance Abuse: Outpatient Treatment,"0900, 0914, 0915, 0916, 0919",90813,,Encounter 45-50 Min,0.00,0.00,$0.00,0,0,0
,Therapy-Individual Therapy,,90814,,Encounter 75-80 Min,0.00,0.00,$0.00,0,0,0
,Substance Abuse: Outpatient Treatment,"0900, 0914, 0915, 0916, 0919",90814,,Encounter 75-80 Min,0.00,0.00,$0.00,0,0,0
,Therapy-Individual Therapy,,90815,,Encounter 75-80 Min,0.00,0.00,$0.00,0,0,0
,Substance Abuse: Outpatient Treatment,"0900, 0914, 0915, 0916, 0919",90815,,Encounter 75-80 Min,0.00,0.00,$0.00,0,0,0
,Therapy-Individual Therapy,,90816,,Encounter 20-30 Min,0.00,0.00,$0.00,0,0,0
,Therapy-Individual Therapy,,90817,,Encounter 20-30 Min,0.00,0.00,$0.00,0,0,0
,Therapy-Individual Therapy,,90818,,Encounter 45-50 Min,0.00,0.00,$0.00,0,0,0
,Therapy-Individual Therapy,,90819,,Encounter 45-50 Min,0.00,0.00,$0.00,0,0,0
,Therapy-Individual Therapy,,90821,,Encounter 75-80 Min,0.00,0.00,$0.00,0,0,0
,Therapy-Individual Therapy,,90822,,Encounter 75-80 Min,0.00,0.00,$0.00,0,0,0
,Therapy-Individual Therapy,,90823,,Encounter 20-30 Min,0.00,0.00,$0.00,0,0,0
,Therapy-Individual Therapy,,90824,,Encounter 20-30 Min,0.00,0.00,$0.00,0,0,0
,Therapy-Individual Therapy,,90826,,Encounter 45-50 Min,0.00,0.00,$0.00,0,0,0
,Substance Abuse: Psychotherapy (Individual Therapy),,90826,,Encounter 45-50 Min,0.00,0.00,$0.00,0,0,0
,Therapy-Individual Therapy,,90827,,Encounter 45-50 Min,0.00,0.00,$0.00,0,0,0
,Therapy-Individual Therapy,,90828,,Encounter 75-80 Min,0.00,0.00,$0.00,0,0,0
,Therapy-Individual Therapy,,90829,,Encounter 75-80 Min,0.00,0.00,$0.00,0,0,0
,Therapy-Family Therapy,,90846,,Encounter,0.00,0.00,$0.00,0,0,0
,Therapy-Family Therapy,,90847,,Encounter,20.00,138.00,"$7,260.00",363,53,7
,Substance Abuse: Outpatient Treatment,"0900, 0906, 0914, 0915, 0916, 0919",90847,,Encounter,0.00,0.00,$0.00,0,0,0
,Therapy-Family Therapy,,90849,,Encounter,0.00,0.00,$0.00,0,0,0
,Therapy-Family Therapy,,90849,HS,Encounter,0.00,0.00,$0.00,0,0,0
Muskegon,,,,,,,,,,,
,Therapy-Group Therapy,,90853,,Encounter,112.00,879.00,"$50,736.00",453,58,8
,Substance Abuse: Outpatient Treatment,"0900, 0906, 0914, 0915, 0916, 0919",90853,,Encounter,0.00,0.00,$0.00,0,0,0
,Therapy-Group Therapy,,90857,,Encounter,3.00,3.00,$59.00,20,20,1
,Substance Abuse: Outpatient Treatment,"0900, 0906, 0914, 0915, 0916, 0919",90857,,Encounter,0.00,0.00,$0.00,0,0,0
,Medication Review ,,90862,,Encounter,"1,440.00","6,748.00","$503,473.00",350,75,5
,Substance Abuse: Medication Review,"0900, 0914, 0915, 0916, 0919",90862,,Encounter,0.00,0.00,$0.00,0,0,0
,Additional Codes-ECT Physician,,90870,,Encounter,0.00,0.00,$0.00,0,0,0
,Additional Codes-ECT Physician,0901,90870,,Encounter,0.00,0.00,$0.00,0,0,0
,Assessments-Other,,90887,,Encounter,0.00,0.00,$0.00,0,0,0
,Speech & Language Therapy ,,92506,,Encounter,1.00,1.00,$198.00,198,198,1
,Speech & Language Therapy ,,92507,,Encounter,0.00,0.00,$0.00,0,0,0
,Speech & Language Therapy ,,92508,,Encounter,0.00,0.00,$0.00,0,0,0
,Speech & Language Therapy ,,92526,,Encounter,0.00,0.00,$0.00,0,0,0
,Speech & Language Therapy ,,92610,,Encounter,0.00,0.00,$0.00,0,0,0
,Evaluation of Auditory Rehabilitation Status (Children's Waiver),,92626,,First Hour,0.00,0.00,$0.00,0,0,0
,Evaluation of Auditory Rehabiliation Status (Children's Waiver),,92627,,Each Additional 15 Minutes,0.00,0.00,$0.00,0,0,0
,Auditory Rehabilitation Preling Hearing Loss (Children's Waiver),,92630,,Encounter,0.00,0.00,$0.00,0,0,0
,Auditory Rehabilitation; Post-Lingual Hearing Loss (Children's Waiver),,92633,,Encounter,0.00,0.00,$0.00,0,0,0
,Psychological Testing PSYCH/PHYS ,,96101,,Per Hour,24.00,41.00,"$7,092.00",296,173,2
,Psychological Testing by Technician ,,96102,,Per Hour,0.00,0.00,$0.00,0,0,0
,Psychological Testing by Comp ,,96103,,Per Hour,2.00,2.00,$445.00,222,222,1
,Assessments-Other,,96105,,Encounter,0.00,0.00,$0.00,0,0,0
,Assessments-Other,,96110,,Encounter,0.00,0.00,$0.00,0,0,0
,Assessments-Other,,96111,,Encounter,0.00,0.00,$0.00,0,0,0
,Neurobehavioral Status Exam (Children's Waiver),,96116,,Per Hour,0.00,0.00,$0.00,0,0,0
,Neuropsych test by Psych/Phys ,,96118,,Per Hour,0.00,0.00,$0.00,0,0,0
,Neuropsych test by Tech ,,96119,,Per Hour,0.00,0.00,$0.00,0,0,0
,Neuropsych test Admin w/Comp ,,96120,,Per Hour,0.00,0.00,$0.00,0,0,0
,Medication Administration,,96372,,Encounter,106.00,"1,560.00","$14,700.00",139,9,15
,Physical Therapy,,97001,,Encounter,0.00,0.00,$0.00,0,0,0
,Physical Therapy,,97002,,Encounter,0.00,0.00,$0.00,0,0,0
,Occupational Therapy,,97003,,Encounter,0.00,0.00,$0.00,0,0,0
,Occupational Therapy,,97004,,Encounter,0.00,0.00,$0.00,0,0,0
,Occupational or Physical Therapy,,97110,,15 Minutes,0.00,0.00,$0.00,0,0,0
,Occupational or Physical Therapy,,97112,,15 Minutes,0.00,0.00,$0.00,0,0,0
,Occupational or Physical Therapy,,97113,,15 Minutes,0.00,0.00,$0.00,0,0,0
,Occupational or Physical Therapy,,97116,,15 Minutes,0.00,0.00,$0.00,0,0,0
,Occupational or Physical Therapy,,97124,,15 Minutes,0.00,0.00,$0.00,0,0,0
,Occupational or Physical Therapy,,97140,,15 Minutes,0.00,0.00,$0.00,0,0,0
,Occupational or Physical Therapy,,97150,,Encounter,0.00,0.00,$0.00,0,0,0
,Occupational or Physical Therapy,,97530,,15 Minutes,0.00,0.00,$0.00,0,0,0
,Occupational or Physical Therapy,,97532,,15 Minutes,0.00,0.00,$0.00,0,0,0
,Occupational or Physical Therapy,,97533,,15 Minutes,0.00,0.00,$0.00,0,0,0
,Occupational or Physical Therapy,,97535,,15 Minutes,0.00,0.00,$0.00,0,0,0
,Occupational or Physical Therapy,,97537,,15 Minutes,0.00,0.00,$0.00,0,0,0
,Occupational or Physical Therapy,,97542,,15 Minutes,0.00,0.00,$0.00,0,0,0
,Occupational Therapy,,97703,,15 Minutes,0.00,0.00,$0.00,0,0,0
Muskegon,,,,,,,,,,,
,Occupational Therapy,,97750,,15 Minutes,0.00,0.00,$0.00,0,0,0
,Occupational Therapy,,97755,,15 Minutes,0.00,0.00,$0.00,0,0,0
,Occupational Therapy,,97760,,15 Minutes,0.00,0.00,$0.00,0,0,0
,C/O for Orthotic/Prosth Use ,,97762,,15 minutes,0.00,0.00,$0.00,0,0,0
,Assessment or Health Services,,97802,,15 Minutes,0.00,0.00,$0.00,0,0,0
,Assessment or Health Services,,97803,,15 Minutes,1.00,6.00,$172.00,172,29,6
,Health Services,,97804,,30 Minutes,0.00,0.00,$0.00,0,0,0
,Additional Codes-Physician Services,,99201,,Encounter,0.00,0.00,$0.00,0,0,0
,Additional Codes-Physician Services,,99202,,Encounter,0.00,0.00,$0.00,0,0,0
,Additional Codes-Physician Services,,99203,,Encounter,0.00,0.00,$0.00,0,0,0
,Additional Codes-Physician Services,,99204,,Encounter,0.00,0.00,$0.00,0,0,0
,Additional Codes-Physician Services,,99205,,Encounter,0.00,0.00,$0.00,0,0,0
,Additional Codes-Physician Services  Medication Administration,,99211,,Encounter,15.00,15.00,$302.00,20,20,1
,Additional Codes-Physician Services,,99212,,Encounter,0.00,0.00,$0.00,0,0,0
,Additional Codes-Physician Services,,99213,,Encounter,15.00,16.00,"$5,289.00",353,331,1
,Additional Codes-Physician Services,,99214,,Encounter,115.00,164.00,"$22,084.00",192,135,1
,Additional Codes-Physician Services,,99215,,Encounter,50.00,54.00,"$13,809.00",276,256,1
,Additional Codes-Physician Services,,99221,,30 Minutes,0.00,0.00,$0.00,0,0,0
,Additional Codes-Physician Services,,99222,,50 Minutes,0.00,0.00,$0.00,0,0,0
,Additional Codes-Physician Services,,99223,,70 Minutes,0.00,0.00,$0.00,0,0,0
,Additional Codes-Physician Services,,99231,,15 Minutes,0.00,0.00,$0.00,0,0,0
,Additional Codes-Physician Services,,99232,,25 minutes,0.00,0.00,$0.00,0,0,0
,Additional Codes-Physician Services,,99233,,35 Minutes,0.00,0.00,$0.00,0,0,0
,Additional Codes-Physician Services,,99238,,30 Minutes or less,0.00,0.00,$0.00,0,0,0
,Additional Codes-Physician Services,,99241,,Encounter,0.00,0.00,$0.00,0,0,0
,Additional Codes-Physician Services,,99242,,Encounter,0.00,0.00,$0.00,0,0,0
,Additional Codes-Physician Services,,99243,,Encounter,0.00,0.00,$0.00,0,0,0
,Additional Codes-Physician Services,,99244,,Encounter,0.00,0.00,$0.00,0,0,0
,Additional Codes-Physician Services,,99245,,Encounter,0.00,0.00,$0.00,0,0,0
,Additional Codes-Physician Services,,99251,,Encounter,0.00,0.00,$0.00,0,0,0
,Additional Codes-Physician Services,,99252,,Encounter,57.00,72.00,"$7,609.00",133,106,1
,Additional Codes-Physician Services,,99253,,Encounter,0.00,0.00,$0.00,0,0,0
,Additional Codes-Physician Services,,99254,,Encounter,0.00,0.00,$0.00,0,0,0
,Additional Codes-Physician Services,,99255,,Encounter,0.00,0.00,$0.00,0,0,0
,Additional Codes-Physician Services,,99261,,Encounter,0.00,0.00,$0.00,0,0,0
,Additional Codes-Physician Services,,99262,,Encounter,0.00,0.00,$0.00,0,0,0
,Additional Codes-Physician Services,,99263,,Encounter,0.00,0.00,$0.00,0,0,0
,Additional Codes-Physician Services,,99271,,Encounter,0.00,0.00,$0.00,0,0,0
,Additional Codes-Physician Services,,99272,,Encounter,0.00,0.00,$0.00,0,0,0
,Additional Codes-Physician Services,,99273,,Encounter,0.00,0.00,$0.00,0,0,0
,Additional Codes-Physician Services,,99274,,Encounter,0.00,0.00,$0.00,0,0,0
,Additional Codes-Physician Services,,99275,,Encounter,0.00,0.00,$0.00,0,0,0
,Medication Administration,,99605,,Encounter,0.00,0.00,$0.00,0,0,0
,Transportation,,A0080,,Per mile,0.00,0.00,$0.00,0,0,0
,Transportation,,A0090,,Per mile,0.00,0.00,$0.00,0,0,0
,Transportation,,A0100,,Per one-way trip,0.00,0.00,$0.00,0,0,0
,Transportation,,A0110,,Per one-way trip,0.00,0.00,$0.00,0,0,0
,Transportation,,A0120,,Per one-way trip,0.00,0.00,$0.00,0,0,0
,Transportation,,A0130,,Per one-way trip,0.00,0.00,$0.00,0,0,0
,Transportation,,A0140,,Per one-way trip,0.00,0.00,$0.00,0,0,0
Muskegon,,,,,,,,,,,
,Transportation,,A0170,,,0.00,0.00,$0.00,0,0,0
,Additional Codes-Transportation,,A0425,,Per Mile,9.00,404.00,"$2,257.00",251,6,45
,Additional Codes-Transportation,,A0427,,Refer to code descriptions.,2.00,3.00,"$1,371.00",685,457,2
,Additional codes - Transportation,,A0428,,,6.00,6.00,$903.00,151,151,1
,Repair or Non-Routine Service for DME (Children's Waiver),,E1340,,15 Minutes,0.00,0.00,$0.00,0,0,0
,Enhanced Medical Equipment-Supplies,,E1399,,Items,0.00,0.00,$0.00,0,0,0
,Activity Therapy (Children's Waiver),,G0176,,Encounter,0.00,0.00,$0.00,0,0,0
,Family Training/Support EBP only,,G0177,,Encounter Session at least 45 min,32.00,235.00,"$23,729.00",742,101,7
,Substance Abuse: Individual Assessment,,H0001,,Encounter,74.00,82.00,"$11,433.00",155,139,1
,Assessment ,,H0002,,Encounter,871.00,"1,020.00","$122,384.00",141,120,1
,Substance Abuse: Individual Assessment,,H0002,,Encounter,0.00,0.00,$0.00,0,0,0
,Substance Abuse:Laboratory,,H0003,,Encounter,0.00,0.00,$0.00,0,0,0
,Substance Abuse: Outpatient Treatment,"0900, 0906, 0914, 0915, 0916, 0919",H0004,,15 Minutes,23.00,178.00,"$6,403.00",278,36,8
,Substance Abuse: Outpatient Treatment,"0900, 0906, 0914, 0915, 0916, 0919",H0005,,Encounter,90.00,643.00,"$66,253.00",736,103,7
,Substance Abuse: Case Management,,H0006,,Encounter,0.00,0.00,$0.00,0,0,0
,Substance Abuse: Sub-Acute Detoxification,1002,H0010,,Days,0.00,0.00,$0.00,0,0,0
,Substance Abuse: Sub-Acute Detoxification,1002,H0012,,Days,0.00,0.00,$0.00,0,0,0
,Substance Abuse: Sub-Acute Detoxification,1002,H0014,,Days,0.00,0.00,$0.00,0,0,0
,Substance Abuse: Outpatient Care,"0900, 0906, 0914, 0915, 0916, 0919",H0015,,Days,0.00,0.00,$0.00,0,0,0
,Crisis Residential Services,,H0018,,Days,1.00,1.00,$295.00,295,295,1
,Substance Abuse: Residential,1002,H0018,,Days,0.00,0.00,$0.00,0,0,0
,Substance Abuse: Residential,1002,H0019,,Days,0.00,0.00,$0.00,0,0,0
,Substance Abuse: Methadone,,H0020,,Encounter,0.00,0.00,$0.00,0,0,0
,Substance Abuse: Early Intervention,,H0022,,Encounter,0.00,0.00,$0.00,0,0,0
,Peer Directed and Operated Support Services,,H0023,,Encounter,0.00,0.00,$0.00,0,0,0
,Prevention Services - Direct Model,,H0025,,Face to Face Contact,1.00,1.00,$229.00,229,229,1
,Crisis Intervention,,H0030,,Per Service,0.00,0.00,$0.00,0,0,0
,Assessment ,,H0031,,Encounter,673.00,733.00,"$173,669.00",258,237,1
,Substance Abuse: Assessment,,H0031,,Encounter,0.00,0.00,$0.00,0,0,0
,Treatment Planning,,H0032,,Encounter,185.00,574.00,"$76,247.00",412,133,3
,Monitoring of Treatment - Clinician,,H0032,TS,Encounter,1.00,1.00,$138.00,138,138,1
,Substance Abuse: Pharmalogical Support - Suboxane,,H0033,,Direct Observation Encounter,0.00,0.00,$0.00,0,0,0
,Health Services,,H0034,,15 Minutes,0.00,0.00,$0.00,0,0,0
,Home Based Services,,H0036,,15 Minutes,3.00,180.00,"$9,581.00",3194,53,60
,Home Based Services,,H0036,ST,15 Minutes,0.00,0.00,$0.00,0,0,0
,Community Psychiatric Supportive Treatment ,,H0037,,Per diem,0.00,0.00,$0.00,0,0,0
,Peer Directed and Operated Support Services,,H0038,,15 minutes,51.00,389.00,"$16,393.00",321,42,8
,Peer Directed and Operated Support Services,,NA,,,0.00,0.00,$0.00,0,0,0
,Assertive Community Treatment (ACT),,H0039,,15 Minutes,138.00,"27,151.00","$1,393,116.00",10095,51,197
,Community Living Supports in Independent living/own home,,H0043,,Per diem,0.00,0.00,$0.00,0,0,0
,Community Living Supports in Independent living/own home,,H0043,TT,Per diem,0.00,0.00,$0.00,0,0,0
,Respite,,H0045,,Days,0.00,0.00,$0.00,0,0,0
,Respite (Children's Waiver),,H0045,TD,Per Diem,0.00,0.00,$0.00,0,0,0
,Respite (Children's Waiver),,H0045,TE,Per Diem,0.00,0.00,$0.00,0,0,0
,Substance Abuse:Laboratory (cells now unlocked),,H0048,,Encounter,0.00,0.00,$0.00,0,0,0
,Substance Abuse: Individual Assessment,,H0049,,Encounter,0.00,0.00,$0.00,0,0,0
,Behavior Treatment Plan Review,,H2000,,Encounter,7.00,18.00,$341.00,49,19,3
,Behavior Treatment Plan Review - Monitoring Activities,,H2000,TS,Encounter,0.00,0.00,$0.00,0,0,0
Muskegon,,,,,,,,,,,
,Comprehensive Medication Services - EBP only,,H2010,,15 minutes,0.00,0.00,$0.00,0,0,0
,Crisis Intervention,,H2011,,15 Minutes,429.00,"1,479.00","$105,633.00",246,71,3
,Skill-Building and Out of Home Non Vocational Habilitation,,H2014,,15 minutes,274.00,"62,492.00","$117,612.00",429,2,228
,Skill-Building and Out of Home Non Vocational Habilitation,,H2014,TT,15 Minutes,19.00,151.00,"$1,140.00",60,8,8
,Community Living Supports (15 Minutes),,H2015,,15 Minutes,34.00,"60,089.00","$232,293.00",6832,4,1767
,Community Living Supports (15 Minutes),,H2015,TT,15 Minutes,0.00,0.00,$0.00,0,0,0
,Community Living Supports (Daily),,H2016,,Per Diem,2.00,452.00,"$12,865.00",6432,28,226
,Community Living Supports (Daily),,H2016,TF,Per Diem,3.00,716.00,"$38,134.00",12711,53,239
,Community Living Supports (Daily),,H2016,TG,Per Diem,288.00,"17,755.00","$3,612,719.00",12544,203,62
,Behavior Services,,H2019,,15 Minutes,1.00,25.00,"$1,709.00",1709,68,25
,Behavior Services,,H2019,TT,15 Minutes,5.00,85.00,"$7,664.00",1533,90,17
,Crisis Intervention,,H2020,,Days,0.00,0.00,$0.00,0,0,0
,Wraparound,,H2021,,15 Minutes,0.00,0.00,$0.00,0,0,0
,Wraparound,,H2022,,Days,0.00,0.00,$0.00,0,0,0
,Supported Employment Services,,H2023,,15 minutes,98.00,"7,239.00","$341,634.00",3486,47,74
,Supported Employment Services,,H2023,TT,15 Minutes,0.00,0.00,$0.00,0,0,0
,Mental Health Therapy,,H2027,,15 Minutes,0.00,0.00,$0.00,0,0,0
,Clubhouse Psychosocial Rehabilitation Programs ,,H2030,,15 Minutes,68.00,"72,346.00","$454,604.00",6685,6,1064
,Home Based Services,,H2033,,15 Minutes,0.00,0.00,$0.00,0,0,0
,Substance Abuse: Outpatient Care,"0900, 0906, 0914, 0915, 0916, 0919",H2035,,Hour,0.00,0.00,$0.00,0,0,0
,Substance Abuse: Outpatient Care,"0900, 0906, 0914, 0915, 0916, 0919",H2036,,Per Diem,0.00,0.00,$0.00,0,0,0
,Medication Review ,,M0064,,"Encounter Face-to-Face, generally less than 10 minutes",1.00,4.00,$458.00,458,114,4
,Transportation,,S0209,,Per Mile,0.00,0.00,$0.00,0,0,0
,Transportation,,S0215,,Per Mile,0.00,0.00,$0.00,0,0,0
,Family Training - EBP,,S5110,,15 Minutes,0.00,0.00,$0.00,0,0,0
,Family Training,,S5111,,Encounter,0.00,0.00,$0.00,0,0,0
,Family Training,,S5111,HA,Encounter,0.00,0.00,$0.00,0,0,0
,"Home Care Training, Non-Family (Children's Waiver)",,S5116,,Encounter,0.00,0.00,$0.00,0,0,0
,Chore Services,,S5120,,15 Minutes,0.00,0.00,$0.00,0,0,0
,Foster Care,,S5140,,Days,0.00,0.00,$0.00,0,0,0
,Foster Care,,S5145,,Days,0.00,0.00,$0.00,0,0,0
,Respite,,S5150,,15 Minutes,0.00,0.00,$0.00,0,0,0
,Respite,,S5151,,Per Diem,0.00,0.00,$0.00,0,0,0
,Personal Emergency Response System (PERS),,S5160,,Encounter,0.00,0.00,$0.00,0,0,0
,Personal Emergency Response System (PERS),,S5161,,Month,0.00,0.00,$0.00,0,0,0
,Environmental Modification ,,S5165,,Service,0.00,0.00,$0.00,0,0,0
,Enhanced Medical Equipment-Supplies,,S5199,,Items,0.00,0.00,$0.00,0,0,0
,Occupational or Physical Therapy,,S8990,,Encounter,0.00,0.00,$0.00,0,0,0
,Private Duty Nursing,0582,S9123,,Hour,0.00,0.00,$0.00,0,0,0
,Private Duty Nursing,,S9123,,Hour,0.00,0.00,$0.00,0,0,0
,Private Duty Nursing,,S9123,TT,Hour,0.00,0.00,$0.00,0,0,0
,Private Duty Nursing,0582,S9124,,Hour,0.00,0.00,$0.00,0,0,0
,Private Duty Nursing,,S9124,,Hour,0.00,0.00,$0.00,0,0,0
,Private Duty Nursing,,S9124,TT,Hour,0.00,0.00,$0.00,0,0,0
,Respite Care in the Home (RN) (Children's Waiver),,S9125,TD,Per Diem,0.00,0.00,$0.00,0,0,0
,Respite Care in the Home (LPN) (Children's Waiver),,S9125,TE,Per Diem,0.00,0.00,$0.00,0,0,0
,Health Services,,S9445,,Encounter,0.00,0.00,$0.00,0,0,0
,Health Services,,S9446,,Encounter,114.00,222.00,"$11,690.00",103,53,2
Muskegon,,,,,,,,,,,
,Health Services,,S9470,,Encounter,0.00,0.00,$0.00,0,0,0
,Intensive Crisis Stabilization-Enrolled Program,,S9484,,Hour,0.00,0.00,$0.00,0,0,0
,Reidential Room and Board,,S9976,,Days,288.00,"17,698.00","$499,649.00",1735,28,61
,Private Duty Nursing,,T1000,,Up to 15 min,0.00,0.00,$0.00,0,0,0
,Private Duty Nursing,,T1000,TD,Up to 15 min,0.00,0.00,$0.00,0,0,0
,Private Duty Nursing,,T1000,TE,Up to 15 min,0.00,0.00,$0.00,0,0,0
,Assessment,,T1001,,Encounter,47.00,55.00,"$3,711.00",79,67,1
,Health Services,,T1002,,Up to 15 min,"1,555.00","6,787.00","$1,048,598.00",674,155,4
,Respite Care,,T1005,,15 Minutes,1.00,15.00,$286.00,286,19,15
,Respite Care,,T1005,TD,15 Minutes,0.00,0.00,$0.00,0,0,0
,Respite Care,,T1005,TE,15 Minutes,0.00,0.00,$0.00,0,0,0
,Substance Abuse: Recovery Support Services,"0900, 0906, 0914, 0915, 0916, 0919",T1012,,Encounter,0.00,0.00,$0.00,0,0,0
,Family Psycho-Education - EBP,,T1015,,Encounter,0.00,0.00,$0.00,0,0,0
,Supports Coordination/Wrap Facilitation,,T1016,,15 minutes,990.00,"36,648.00","$2,008,012.00",2028,55,37
,Targeted Case Management ,,T1017,,15 minutes,0.00,0.00,$0.00,0,0,0
,Nursing Home Mental Health Monitoring,,T1017,SE,15 minutes,4.00,85.00,"$4,170.00",1043,49,21
,Personal Care in Licensed Specialized Residential Setting,,T1020,,Days,26.00,"6,366.00","$213,170.00",8199,33,245
,Personal Care in Licensed Specialized Residential Setting,,T1020,TF,Days,273.00,"11,543.00","$703,181.00",2576,61,42
,Personal Care in Licensed Specialized Residential Setting,,T1020,TG,Days,5.00,"1,089.00","$112,162.00",22432,103,218
,Assessments,,T1023,,Encounter,476.00,784.00,"$194,476.00",409,248,2
,Enhanced Medical Supplies or Pharmacy,,T1999,,Items,186.00,"1,882.00","$14,204.00",76,8,10
,Transportation,,T2001,,Encounter,0.00,0.00,$0.00,0,0,0
,Transportation,,T2002,,Per Diem,0.00,0.00,$0.00,0,0,0
,Transportation,,T2003,,Encounter / Trip,6.00,"1,201.00","$9,278.00",1546,8,200
,Transportation,,T2004,,Encounter,0.00,0.00,$0.00,0,0,0
,Transportation,,T2005,,Encounter,0.00,0.00,$0.00,0,0,0
,Out of Home Prevocational Service,,T2015,,Hour,0.00,0.00,$0.00,0,0,0
,Targeted Case Management (Children's Waiver),,T2023,,Month,0.00,0.00,$0.00,0,0,0
,Fiscal Intermediary Services,,T2025,,Month,1.00,7.00,"$1,360.00",1360,194,7
,Enhanced Medical Equipment-Supplies,,T2028,,Items,0.00,0.00,$0.00,0,0,0
,Enhanced Medical Equipment-Supplies,,T2029,,Items,0.00,0.00,$0.00,0,0,0
,Crisis Intervention,,T2034,,Days,0.00,0.00,$0.00,0,0,0
,Respite Care,,T2036,,Encounter / Trip. Per session. One night = one session,0.00,0.00,$0.00,0,0,0
,Respite Care,,T2037,,Encounter / Trip  Per session. One day/partial day = one session,0.00,0.00,$0.00,0,0,0
,Housing Assistance,,T2038,,Month   Service,101.00,139.00,"$87,158.00",863,627,1
,Enhanced Medical Equipment-Supplies,,T2039,,Items,0.00,0.00,$0.00,0,0,0
,Pharmacy (Drugs and Other Biologicals),,,,,0.00,0.00,$0.00,0,0,0
,Other,,,,,0.00,0.00,"$94,502.00",0,0,0
,Aggregate for 'J' Codes,,ALL,,,93.00,0.00,"$174,467.00",1876,0,0
Network180,,,,,,,,,,,
,State Psychiatric Hospital - Inpatient PT22,"0100, 0101, 0114, 0124, 0134, 0154",,PT22,Days,52.00,"5,716.00","$2,475,115.00",47598,433,110
,State Mental Retardation Facility - Inpatient (ICF/MR) PT65,"0100, 0101, 0114, 0124, 0134, 0154",,PT65,Days,0.00,0.00,$0.00,0,0,0
,Local Psychiatric Hospital/IMD PT68,"0100, 0101, 0114, 0124, 0134, 0154",,PT68,Days,382.00,"4,535.00","$2,161,532.00",5658,477,12
,Local Psychiatric Hospital - Acute Community PT73,"0100, 0101, 0114, 0124, 0134, 0154",,PT73,Days,877.00,"11,918.00","$6,740,685.00",7686,566,14
,Inpatient Hospital Ancillary Services - Leave of Absence,0183,,,Days,0.00,0.00,$0.00,0,0,0
,Inpatient Hospital Ancillary Services - Pharmacy,"0250-0254, 0257-0258 ",,,,0.00,0.00,$0.00,0,0,0
,Inpatient Hospital Ancillary Services - Medical/Surgical Supplies and Devices,0270-0272,,,# of items,0.00,0.00,$0.00,0,0,0
,Inpatient Hospital Ancillary Services - Laboratory,"0300-0302, 0305-0307",,,# of tests,0.00,0.00,$0.00,0,0,0
,Inpatient Hospital Ancillary Services - Radiology,0320,,,# of tests,0.00,0.00,$0.00,0,0,0
,ECT Anesthesia,0370,,,,0.00,0.00,$0.00,0,0,0
,Inpatient Hospital Ancillary Services - Respiratory Services,0410,,,# of treatments,0.00,0.00,$0.00,0,0,0
,Inpatient Hospital Ancillary Services -Physical Therapy,0420-0424,,,# of treatments,0.00,0.00,$0.00,0,0,0
,Inpatient Hospital Ancillary Services - Occupational Therapy,0430-0434,,,# of treatments,0.00,0.00,$0.00,0,0,0
,Inpatient Hospital Ancillary Services - Speech-Language Pathology,0440-0444,,,# of treatments,0.00,0.00,$0.00,0,0,0
,Inpatient Hospital Ancillary Services - Emergency Room,0450,,,# of visits,0.00,0.00,$0.00,0,0,0
,Inpatient Hospital Ancillary Services - Pulmonary Function,0460,,,# of tests,0.00,0.00,$0.00,0,0,0
,Inpatient Hospital Ancillary Services - Audiology,0470-0472,,,# of tests,0.00,0.00,$0.00,0,0,0
,Inpatient Hospital Ancillary Services - Magnetic Resonance Technology (MRT),0610-0611,,,# of tests,0.00,0.00,$0.00,0,0,0
,Inpatient Hospital Ancillary Services - Pharmacy,0636,,,# of units,0.00,0.00,$0.00,0,0,0
,ECT Recovery Room,0701,,,,0.00,0.00,$0.00,0,0,0
,Inpatient Hospital Ancillary Services -EKG/ECG,0730-0731,,,# of tests,0.00,0.00,$0.00,0,0,0
,Inpatient Hospital Ancillary Services - EEG,0740,,,# of tests,0.00,0.00,$0.00,0,0,0
,Crisis Observation Care,0762,,,Hour,0.00,0.00,$0.00,0,0,0
,Additional Codes-ECT Facility Charge,0901,,,Encounter,16.00,218.00,"$147,164.00",9198,675,14
,Inpatient Hospital Ancillary Services - Psychiatric/Psychological Treatments/Services,"0900, 0902-0904, 0911, 0914-0919",,,# of visits,0.00,0.00,$0.00,0,0,0
,Outpatient Partial Hospitalization,0912,,,Days,320.00,"1,474.00","$431,324.00",1348,293,5
,Outpatient Partial Hospitalization,0913,,,Days,0.00,0.00,$0.00,0,0,0
,Inpatient Hospital Ancillary Services - Other Diagnosis Services,0925,,,# of tests,0.00,0.00,$0.00,0,0,0
,Inpatient Hospital Ancillary Services - Other Therapeutic Services,0940-0942,,,# of visits,0.00,0.00,$0.00,0,0,0
,Additional Codes-ECT Anesthesia,,00104,,Minutes,0.00,0.00,$0.00,0,0,0
,Drug Screen for Methadone Clients Only,,80100,,Per Screen,0.00,0.00,$0.00,0,0,0
,Drug Screen for Methadone Clients Only,,80101,,Per Screen,0.00,0.00,$0.00,0,0,0
,Alcohol Breath Test for Methadone Clients Only,,82075,,Per Test,0.00,0.00,$0.00,0,0,0
,Medication Administration,,90772,,Encounter,0.00,0.00,$0.00,0,0,0
,Assessment-Psychiatric Assessment,,90801,,Encounter,"1,343.00","1,472.00","$362,733.00",270,246,1
,Substance Abuse: Psychiatric Evaluation,,90801,,Encounter,0.00,0.00,$0.00,0,0,0
,Assessment-Psychiatric Assessment,,90802,,Encounter,0.00,0.00,$0.00,0,0,0
,Substance Abuse: Psychiatric Evaluation,,90802,,Encounter,0.00,0.00,$0.00,0,0,0
,Therapy-Individual Therapy,,90804,,Encounter 20-30 Min,179.00,285.00,"$13,379.00",75,47,2
,Substance Abuse: Outpatient Treatment,"0900, 0914, 0915, 0916, 0919",90804,,Encounter 20-30 Min,0.00,0.00,$0.00,0,0,0
Network180,,,,,,,,,,,
,Therapy-Individual Therapy,,90805,,Encounter 20-30 Min,0.00,0.00,$0.00,0,0,0
,Substance Abuse: Outpatient Treatment,"0900, 0914, 0915, 0916, 0919",90805,,Encounter 20-30 Min,0.00,0.00,$0.00,0,0,0
,Therapy-Individual Therapy,,90806,,Encounter 45-50 Min,"1,659.00","7,931.00","$611,769.00",369,77,5
,Substance Abuse: Outpatient Treatment,"0900, 0914, 0915, 0916, 0919",90806,,Encounter 45-50 Min,0.00,0.00,$0.00,0,0,0
,Therapy-Individual Therapy,,90807,,Encounter 45-50 Min,0.00,0.00,$0.00,0,0,0
,Substance Abuse: Outpatient Treatment,"0900, 0914, 0915, 0916, 0919",90807,,Encounter 45-50 Min,0.00,0.00,$0.00,0,0,0
,Therapy-Individual Therapy,,90808,,Encounter 75-80 Min,61.00,115.00,"$14,530.00",238,126,2
,Substance Abuse: Outpatient Treatment,"0900, 0914, 0915, 0916, 0919",90808,,Encounter 75-80 Min,0.00,0.00,$0.00,0,0,0
,Therapy-Individual Therapy,,90809,,Encounter 75-80 Min,0.00,0.00,$0.00,0,0,0
,Substance Abuse: Outpatient Treatment,"0900, 0914, 0915, 0916, 0919",90809,,Encounter 75-80 Min,0.00,0.00,$0.00,0,0,0
,Therapy-Individual Therapy,,90810,,Encounter 20-30 Min,0.00,0.00,$0.00,0,0,0
,Substance Abuse: Outpatient Treatment,"0900, 0914, 0915, 0916, 0919",90810,,Encounter 20-30 Min,0.00,0.00,$0.00,0,0,0
,Therapy-Individual Therapy,,90811,,Encounter 20-30 Min,0.00,0.00,$0.00,0,0,0
,Substance Abuse: Outpatient Treatment,"0900, 0914, 0915, 0916, 0919",90811,,Encounter 20-30 Min,0.00,0.00,$0.00,0,0,0
,Therapy-Individual Therapy,,90812,,Encounter 45-50 Min,0.00,0.00,$0.00,0,0,0
,Substance Abuse: Outpatient Treatment,"0900, 0914, 0915, 0916, 0919",90812,,Encounter 45-50 Min,0.00,0.00,$0.00,0,0,0
,Therapy-Individual Therapy,,90813,,Encounter 45-50 Min,0.00,0.00,$0.00,0,0,0
,Substance Abuse: Outpatient Treatment,"0900, 0914, 0915, 0916, 0919",90813,,Encounter 45-50 Min,0.00,0.00,$0.00,0,0,0
,Therapy-Individual Therapy,,90814,,Encounter 75-80 Min,0.00,0.00,$0.00,0,0,0
,Substance Abuse: Outpatient Treatment,"0900, 0914, 0915, 0916, 0919",90814,,Encounter 75-80 Min,0.00,0.00,$0.00,0,0,0
,Therapy-Individual Therapy,,90815,,Encounter 75-80 Min,0.00,0.00,$0.00,0,0,0
,Substance Abuse: Outpatient Treatment,"0900, 0914, 0915, 0916, 0919",90815,,Encounter 75-80 Min,0.00,0.00,$0.00,0,0,0
,Therapy-Individual Therapy,,90816,,Encounter 20-30 Min,0.00,0.00,$0.00,0,0,0
,Therapy-Individual Therapy,,90817,,Encounter 20-30 Min,0.00,0.00,$0.00,0,0,0
,Therapy-Individual Therapy,,90818,,Encounter 45-50 Min,0.00,0.00,$0.00,0,0,0
,Therapy-Individual Therapy,,90819,,Encounter 45-50 Min,0.00,0.00,$0.00,0,0,0
,Therapy-Individual Therapy,,90821,,Encounter 75-80 Min,0.00,0.00,$0.00,0,0,0
,Therapy-Individual Therapy,,90822,,Encounter 75-80 Min,0.00,0.00,$0.00,0,0,0
,Therapy-Individual Therapy,,90823,,Encounter 20-30 Min,0.00,0.00,$0.00,0,0,0
,Therapy-Individual Therapy,,90824,,Encounter 20-30 Min,0.00,0.00,$0.00,0,0,0
,Therapy-Individual Therapy,,90826,,Encounter 45-50 Min,0.00,0.00,$0.00,0,0,0
,Substance Abuse: Psychotherapy (Individual Therapy),,90826,,Encounter 45-50 Min,0.00,0.00,$0.00,0,0,0
,Therapy-Individual Therapy,,90827,,Encounter 45-50 Min,0.00,0.00,$0.00,0,0,0
,Therapy-Individual Therapy,,90828,,Encounter 75-80 Min,0.00,0.00,$0.00,0,0,0
,Therapy-Individual Therapy,,90829,,Encounter 75-80 Min,0.00,0.00,$0.00,0,0,0
,Therapy-Family Therapy,,90846,,Encounter,3.00,5.00,$350.00,117,70,2
,Therapy-Family Therapy,,90847,,Encounter,29.00,42.00,"$2,884.00",99,69,1
,Substance Abuse: Outpatient Treatment,"0900, 0906, 0914, 0915, 0916, 0919",90847,,Encounter,0.00,0.00,$0.00,0,0,0
,Therapy-Family Therapy,,90849,,Encounter,0.00,0.00,$0.00,0,0,0
,Therapy-Family Therapy,,90849,HS,Encounter,0.00,0.00,$0.00,0,0,0
Network180,,,,,,,,,,,
,Therapy-Group Therapy,,90853,,Encounter,848.00,"5,998.00","$186,839.00",220,31,7
,Substance Abuse: Outpatient Treatment,"0900, 0906, 0914, 0915, 0916, 0919",90853,,Encounter,0.00,0.00,$0.00,0,0,0
,Therapy-Group Therapy,,90857,,Encounter,0.00,0.00,$0.00,0,0,0
,Substance Abuse: Outpatient Treatment,"0900, 0906, 0914, 0915, 0916, 0919",90857,,Encounter,0.00,0.00,$0.00,0,0,0
,Medication Review ,,90862,,Encounter,"3,039.00","8,514.00","$701,396.00",231,82,3
,Substance Abuse: Medication Review,"0900, 0914, 0915, 0916, 0919",90862,,Encounter,0.00,0.00,$0.00,0,0,0
,Additional Codes-ECT Physician,,90870,,Encounter,0.00,0.00,$0.00,0,0,0
,Additional Codes-ECT Physician,0901,90870,,Encounter,0.00,0.00,$0.00,0,0,0
,Assessments-Other,,90887,,Encounter,0.00,0.00,$0.00,0,0,0
,Speech & Language Therapy ,,92506,,Encounter,0.00,0.00,$0.00,0,0,0
,Speech & Language Therapy ,,92507,,Encounter,0.00,0.00,$0.00,0,0,0
,Speech & Language Therapy ,,92508,,Encounter,0.00,0.00,$0.00,0,0,0
,Speech & Language Therapy ,,92526,,Encounter,0.00,0.00,$0.00,0,0,0
,Speech & Language Therapy ,,92610,,Encounter,0.00,0.00,$0.00,0,0,0
,Evaluation of Auditory Rehabilitation Status (Children's Waiver),,92626,,First Hour,0.00,0.00,$0.00,0,0,0
,Evaluation of Auditory Rehabiliation Status (Children's Waiver),,92627,,Each Additional 15 Minutes,0.00,0.00,$0.00,0,0,0
,Auditory Rehabilitation Preling Hearing Loss (Children's Waiver),,92630,,Encounter,0.00,0.00,$0.00,0,0,0
,Auditory Rehabilitation; Post-Lingual Hearing Loss (Children's Waiver),,92633,,Encounter,0.00,0.00,$0.00,0,0,0
,Psychological Testing PSYCH/PHYS ,,96101,,Per Hour,45.00,167.00,"$62,031.00",1378,371,4
,Psychological Testing by Technician ,,96102,,Per Hour,0.00,0.00,$0.00,0,0,0
,Psychological Testing by Comp ,,96103,,Per Hour,0.00,0.00,$0.00,0,0,0
,Assessments-Other,,96105,,Encounter,0.00,0.00,$0.00,0,0,0
,Assessments-Other,,96110,,Encounter,0.00,0.00,$0.00,0,0,0
,Assessments-Other,,96111,,Encounter,0.00,0.00,$0.00,0,0,0
,Neurobehavioral Status Exam (Children's Waiver),,96116,,Per Hour,0.00,0.00,$0.00,0,0,0
,Neuropsych test by Psych/Phys ,,96118,,Per Hour,0.00,0.00,$0.00,0,0,0
,Neuropsych test by Tech ,,96119,,Per Hour,0.00,0.00,$0.00,0,0,0
,Neuropsych test Admin w/Comp ,,96120,,Per Hour,0.00,0.00,$0.00,0,0,0
,Medication Administration,,96372,,Encounter,1.00,19.00,"$1,212.00",1212,64,19
,Physical Therapy,,97001,,Encounter,0.00,0.00,$0.00,0,0,0
,Physical Therapy,,97002,,Encounter,0.00,0.00,$0.00,0,0,0
,Occupational Therapy,,97003,,Encounter,0.00,0.00,$0.00,0,0,0
,Occupational Therapy,,97004,,Encounter,0.00,0.00,$0.00,0,0,0
,Occupational or Physical Therapy,,97110,,15 Minutes,0.00,0.00,$0.00,0,0,0
,Occupational or Physical Therapy,,97112,,15 Minutes,0.00,0.00,$0.00,0,0,0
,Occupational or Physical Therapy,,97113,,15 Minutes,0.00,0.00,$0.00,0,0,0
,Occupational or Physical Therapy,,97116,,15 Minutes,0.00,0.00,$0.00,0,0,0
,Occupational or Physical Therapy,,97124,,15 Minutes,0.00,0.00,$0.00,0,0,0
,Occupational or Physical Therapy,,97140,,15 Minutes,0.00,0.00,$0.00,0,0,0
,Occupational or Physical Therapy,,97150,,Encounter,0.00,0.00,$0.00,0,0,0
,Occupational or Physical Therapy,,97530,,15 Minutes,0.00,0.00,$0.00,0,0,0
,Occupational or Physical Therapy,,97532,,15 Minutes,0.00,0.00,$0.00,0,0,0
,Occupational or Physical Therapy,,97533,,15 Minutes,0.00,0.00,$0.00,0,0,0
,Occupational or Physical Therapy,,97535,,15 Minutes,0.00,0.00,$0.00,0,0,0
,Occupational or Physical Therapy,,97537,,15 Minutes,0.00,0.00,$0.00,0,0,0
,Occupational or Physical Therapy,,97542,,15 Minutes,0.00,0.00,$0.00,0,0,0
,Occupational Therapy,,97703,,15 Minutes,0.00,0.00,$0.00,0,0,0
Network180,,,,,,,,,,,
,Occupational Therapy,,97750,,15 Minutes,0.00,0.00,$0.00,0,0,0
,Occupational Therapy,,97755,,15 Minutes,0.00,0.00,$0.00,0,0,0
,Occupational Therapy,,97760,,15 Minutes,0.00,0.00,$0.00,0,0,0
,C/O for Orthotic/Prosth Use ,,97762,,15 minutes,0.00,0.00,$0.00,0,0,0
,Assessment or Health Services,,97802,,15 Minutes,0.00,0.00,$0.00,0,0,0
,Assessment or Health Services,,97803,,15 Minutes,0.00,0.00,$0.00,0,0,0
,Health Services,,97804,,30 Minutes,0.00,0.00,$0.00,0,0,0
,Additional Codes-Physician Services,,99201,,Encounter,0.00,0.00,$0.00,0,0,0
,Additional Codes-Physician Services,,99202,,Encounter,0.00,0.00,$0.00,0,0,0
,Additional Codes-Physician Services,,99203,,Encounter,0.00,0.00,$0.00,0,0,0
,Additional Codes-Physician Services,,99204,,Encounter,0.00,0.00,$0.00,0,0,0
,Additional Codes-Physician Services,,99205,,Encounter,0.00,0.00,$0.00,0,0,0
,Additional Codes-Physician Services  Medication Administration,,99211,,Encounter,247.00,"2,580.00","$502,627.00",2035,195,10
,Additional Codes-Physician Services,,99212,,Encounter,0.00,0.00,$0.00,0,0,0
,Additional Codes-Physician Services,,99213,,Encounter,0.00,0.00,$0.00,0,0,0
,Additional Codes-Physician Services,,99214,,Encounter,0.00,0.00,$0.00,0,0,0
,Additional Codes-Physician Services,,99215,,Encounter,0.00,0.00,$0.00,0,0,0
,Additional Codes-Physician Services,,99221,,30 Minutes,0.00,0.00,$0.00,0,0,0
,Additional Codes-Physician Services,,99222,,50 Minutes,2.00,2.00,$243.00,122,122,1
,Additional Codes-Physician Services,,99223,,70 Minutes,0.00,0.00,$0.00,0,0,0
,Additional Codes-Physician Services,,99231,,15 Minutes,2.00,9.00,$744.00,372,83,5
,Additional Codes-Physician Services,,99232,,25 minutes,2.00,3.00,$476.00,238,159,2
,Additional Codes-Physician Services,,99233,,35 Minutes,1.00,1.00,$424.00,424,424,1
,Additional Codes-Physician Services,,99238,,30 Minutes or less,1.00,1.00,$100.00,100,100,1
,Additional Codes-Physician Services,,99241,,Encounter,5.00,5.00,$812.00,162,162,1
,Additional Codes-Physician Services,,99242,,Encounter,237.00,245.00,"$27,864.00",118,114,1
,Additional Codes-Physician Services,,99243,,Encounter,34.00,36.00,"$5,626.00",165,156,1
,Additional Codes-Physician Services,,99244,,Encounter,0.00,0.00,$0.00,0,0,0
,Additional Codes-Physician Services,,99245,,Encounter,0.00,0.00,$0.00,0,0,0
,Additional Codes-Physician Services,,99251,,Encounter,0.00,0.00,$0.00,0,0,0
,Additional Codes-Physician Services,,99252,,Encounter,0.00,0.00,$0.00,0,0,0
,Additional Codes-Physician Services,,99253,,Encounter,0.00,0.00,$0.00,0,0,0
,Additional Codes-Physician Services,,99254,,Encounter,0.00,0.00,$0.00,0,0,0
,Additional Codes-Physician Services,,99255,,Encounter,0.00,0.00,$0.00,0,0,0
,Additional Codes-Physician Services,,99261,,Encounter,0.00,0.00,$0.00,0,0,0
,Additional Codes-Physician Services,,99262,,Encounter,0.00,0.00,$0.00,0,0,0
,Additional Codes-Physician Services,,99263,,Encounter,0.00,0.00,$0.00,0,0,0
,Additional Codes-Physician Services,,99271,,Encounter,0.00,0.00,$0.00,0,0,0
,Additional Codes-Physician Services,,99272,,Encounter,0.00,0.00,$0.00,0,0,0
,Additional Codes-Physician Services,,99273,,Encounter,0.00,0.00,$0.00,0,0,0
,Additional Codes-Physician Services,,99274,,Encounter,0.00,0.00,$0.00,0,0,0
,Additional Codes-Physician Services,,99275,,Encounter,0.00,0.00,$0.00,0,0,0
,Medication Administration,,99605,,Encounter,0.00,0.00,$0.00,0,0,0
,Transportation,,A0080,,Per mile,0.00,0.00,$0.00,0,0,0
,Transportation,,A0090,,Per mile,0.00,0.00,$0.00,0,0,0
,Transportation,,A0100,,Per one-way trip,0.00,0.00,$0.00,0,0,0
,Transportation,,A0110,,Per one-way trip,0.00,0.00,$0.00,0,0,0
,Transportation,,A0120,,Per one-way trip,0.00,0.00,$0.00,0,0,0
,Transportation,,A0130,,Per one-way trip,0.00,0.00,$0.00,0,0,0
,Transportation,,A0140,,Per one-way trip,0.00,0.00,$0.00,0,0,0
Network180,,,,,,,,,,,
,Transportation,,A0170,,,0.00,0.00,$0.00,0,0,0
,Additional Codes-Transportation,,A0425,,Per Mile,251.00,"5,647.00","$36,307.00",145,6,22
,Additional Codes-Transportation,,A0427,,Refer to code descriptions.,0.00,0.00,$0.00,0,0,0
,Additional codes - Transportation,,A0428,,,250.00,286.00,"$19,205.00",77,67,1
,Repair or Non-Routine Service for DME (Children's Waiver),,E1340,,15 Minutes,0.00,0.00,$0.00,0,0,0
,Enhanced Medical Equipment-Supplies,,E1399,,Items,0.00,0.00,$0.00,0,0,0
,Activity Therapy (Children's Waiver),,G0176,,Encounter,0.00,0.00,$0.00,0,0,0
,Family Training/Support EBP only,,G0177,,Encounter Session at least 45 min,84.00,627.00,"$37,212.00",443,59,7
,Substance Abuse: Individual Assessment,,H0001,,Encounter,0.00,0.00,$0.00,0,0,0
,Assessment ,,H0002,,Encounter,"2,582.00","3,170.00","$1,281,680.00",496,404,1
,Substance Abuse: Individual Assessment,,H0002,,Encounter,0.00,0.00,$0.00,0,0,0
,Substance Abuse:Laboratory,,H0003,,Encounter,0.00,0.00,$0.00,0,0,0
,Substance Abuse: Outpatient Treatment,"0900, 0906, 0914, 0915, 0916, 0919",H0004,,15 Minutes,0.00,0.00,$0.00,0,0,0
,Substance Abuse: Outpatient Treatment,"0900, 0906, 0914, 0915, 0916, 0919",H0005,,Encounter,0.00,0.00,$0.00,0,0,0
,Substance Abuse: Case Management,,H0006,,Encounter,0.00,0.00,$0.00,0,0,0
,Substance Abuse: Sub-Acute Detoxification,1002,H0010,,Days,0.00,0.00,$0.00,0,0,0
,Substance Abuse: Sub-Acute Detoxification,1002,H0012,,Days,0.00,0.00,$0.00,0,0,0
,Substance Abuse: Sub-Acute Detoxification,1002,H0014,,Days,0.00,0.00,$0.00,0,0,0
,Substance Abuse: Outpatient Care,"0900, 0906, 0914, 0915, 0916, 0919",H0015,,Days,0.00,0.00,$0.00,0,0,0
,Crisis Residential Services,,H0018,,Days,561.00,"4,309.00","$1,060,355.00",1890,246,8
,Substance Abuse: Residential,1002,H0018,,Days,0.00,0.00,$0.00,0,0,0
,Substance Abuse: Residential,1002,H0019,,Days,0.00,0.00,$0.00,0,0,0
,Substance Abuse: Methadone,,H0020,,Encounter,0.00,0.00,$0.00,0,0,0
,Substance Abuse: Early Intervention,,H0022,,Encounter,0.00,0.00,$0.00,0,0,0
,Peer Directed and Operated Support Services,,H0023,,Encounter,255.00,0.00,"$221,919.00",870,0,0
,Prevention Services - Direct Model,,H0025,,Face to Face Contact,14.00,125.00,"$10,668.00",762,85,9
,Crisis Intervention,,H0030,,Per Service,0.00,0.00,$0.00,0,0,0
,Assessment ,,H0031,,Encounter,814.00,846.00,"$77,763.00",96,92,1
,Substance Abuse: Assessment,,H0031,,Encounter,0.00,0.00,$0.00,0,0,0
,Treatment Planning,,H0032,,Encounter,1.00,1.00,$108.00,108,108,1
,Monitoring of Treatment - Clinician,,H0032,TS,Encounter,0.00,0.00,$0.00,0,0,0
,Substance Abuse: Pharmalogical Support - Suboxane,,H0033,,Direct Observation Encounter,0.00,0.00,$0.00,0,0,0
,Health Services,,H0034,,15 Minutes,0.00,0.00,$0.00,0,0,0
,Home Based Services,,H0036,,15 Minutes,0.00,0.00,$0.00,0,0,0
,Home Based Services,,H0036,ST,15 Minutes,0.00,0.00,$0.00,0,0,0
,Community Psychiatric Supportive Treatment ,,H0037,,Per diem,0.00,0.00,$0.00,0,0,0
,Peer Directed and Operated Support Services,,H0038,,15 minutes,427.00,"13,640.00","$290,428.00",680,21,32
,Peer Directed and Operated Support Services,,NA,,,0.00,0.00,$0.00,0,0,0
,Assertive Community Treatment (ACT),,H0039,,15 Minutes,528.00,"35,471.00","$2,926,194.00",5542,82,67
,Community Living Supports in Independent living/own home,,H0043,,Per diem,0.00,0.00,$0.00,0,0,0
,Community Living Supports in Independent living/own home,,H0043,TT,Per diem,0.00,0.00,$0.00,0,0,0
,Respite,,H0045,,Days,0.00,0.00,$0.00,0,0,0
,Respite (Children's Waiver),,H0045,TD,Per Diem,0.00,0.00,$0.00,0,0,0
,Respite (Children's Waiver),,H0045,TE,Per Diem,0.00,0.00,$0.00,0,0,0
,Substance Abuse:Laboratory (cells now unlocked),,H0048,,Encounter,0.00,0.00,$0.00,0,0,0
,Substance Abuse: Individual Assessment,,H0049,,Encounter,0.00,0.00,$0.00,0,0,0
,Behavior Treatment Plan Review,,H2000,,Encounter,0.00,0.00,$0.00,0,0,0
,Behavior Treatment Plan Review - Monitoring Activities,,H2000,TS,Encounter,0.00,0.00,$0.00,0,0,0
Network180,,,,,,,,,,,
,Comprehensive Medication Services - EBP only,,H2010,,15 minutes,0.00,0.00,$0.00,0,0,0
,Crisis Intervention,,H2011,,15 Minutes,318.00,"6,774.00","$1,024,905.00",3223,151,21
,Skill-Building and Out of Home Non Vocational Habilitation,,H2014,,15 minutes,1.00,57.00,$168.00,168,3,57
,Skill-Building and Out of Home Non Vocational Habilitation,,H2014,TT,15 Minutes,0.00,0.00,$0.00,0,0,0
,Community Living Supports (15 Minutes),,H2015,,15 Minutes,63.00,"20,120.00","$77,258.00",1226,4,319
,Community Living Supports (15 Minutes),,H2015,TT,15 Minutes,102.00,"222,205.00","$747,208.00",7326,3,2178
,Community Living Supports (Daily),,H2016,,Per Diem,59.00,"14,450.00","$618,271.00",10479,43,245
,Community Living Supports (Daily),,H2016,TF,Per Diem,19.00,"4,395.00","$242,813.00",12780,55,231
,Community Living Supports (Daily),,H2016,TG,Per Diem,146.00,"39,459.00","$6,894,249.00",47221,175,270
,Behavior Services,,H2019,,15 Minutes,0.00,0.00,$0.00,0,0,0
,Behavior Services,,H2019,TT,15 Minutes,0.00,0.00,$0.00,0,0,0
,Crisis Intervention,,H2020,,Days,0.00,0.00,$0.00,0,0,0
,Wraparound,,H2021,,15 Minutes,0.00,0.00,$0.00,0,0,0
,Wraparound,,H2022,,Days,0.00,0.00,$0.00,0,0,0
,Supported Employment Services,,H2023,,15 minutes,295.00,"14,977.00","$890,816.00",3020,59,51
,Supported Employment Services,,H2023,TT,15 Minutes,0.00,0.00,$0.00,0,0,0
,Mental Health Therapy,,H2027,,15 Minutes,0.00,0.00,$0.00,0,0,0
,Clubhouse Psychosocial Rehabilitation Programs ,,H2030,,15 Minutes,128.00,"202,697.00","$762,443.00",5957,4,1584
,Home Based Services,,H2033,,15 Minutes,0.00,0.00,$0.00,0,0,0
,Substance Abuse: Outpatient Care,"0900, 0906, 0914, 0915, 0916, 0919",H2035,,Hour,0.00,0.00,$0.00,0,0,0
,Substance Abuse: Outpatient Care,"0900, 0906, 0914, 0915, 0916, 0919",H2036,,Per Diem,0.00,0.00,$0.00,0,0,0
,Medication Review ,,M0064,,"Encounter Face-to-Face, generally less than 10 minutes",781.00,"1,732.00","$94,726.00",121,55,2
,Transportation,,S0209,,Per Mile,0.00,0.00,$0.00,0,0,0
,Transportation,,S0215,,Per Mile,0.00,0.00,$0.00,0,0,0
,Family Training - EBP,,S5110,,15 Minutes,0.00,0.00,$0.00,0,0,0
,Family Training,,S5111,,Encounter,0.00,0.00,$0.00,0,0,0
,Family Training,,S5111,HA,Encounter,0.00,0.00,$0.00,0,0,0
,"Home Care Training, Non-Family (Children's Waiver)",,S5116,,Encounter,0.00,0.00,$0.00,0,0,0
,Chore Services,,S5120,,15 Minutes,0.00,0.00,$0.00,0,0,0
,Foster Care,,S5140,,Days,1.00,105.00,"$32,633.00",32633,311,105
,Foster Care,,S5145,,Days,10.00,651.00,"$87,893.00",8789,135,65
,Respite,,S5150,,15 Minutes,1.00,72.00,$369.00,369,5,72
,Respite,,S5151,,Per Diem,0.00,0.00,$0.00,0,0,0
,Personal Emergency Response System (PERS),,S5160,,Encounter,0.00,0.00,$0.00,0,0,0
,Personal Emergency Response System (PERS),,S5161,,Month,0.00,0.00,$0.00,0,0,0
,Environmental Modification ,,S5165,,Service,0.00,0.00,$0.00,0,0,0
,Enhanced Medical Equipment-Supplies,,S5199,,Items,0.00,0.00,$0.00,0,0,0
,Occupational or Physical Therapy,,S8990,,Encounter,0.00,0.00,$0.00,0,0,0
,Private Duty Nursing,0582,S9123,,Hour,0.00,0.00,$0.00,0,0,0
,Private Duty Nursing,,S9123,,Hour,0.00,0.00,$0.00,0,0,0
,Private Duty Nursing,,S9123,TT,Hour,0.00,0.00,$0.00,0,0,0
,Private Duty Nursing,0582,S9124,,Hour,0.00,0.00,$0.00,0,0,0
,Private Duty Nursing,,S9124,,Hour,0.00,0.00,$0.00,0,0,0
,Private Duty Nursing,,S9124,TT,Hour,0.00,0.00,$0.00,0,0,0
,Respite Care in the Home (RN) (Children's Waiver),,S9125,TD,Per Diem,0.00,0.00,$0.00,0,0,0
,Respite Care in the Home (LPN) (Children's Waiver),,S9125,TE,Per Diem,0.00,0.00,$0.00,0,0,0
,Health Services,,S9445,,Encounter,478.00,"3,002.00","$403,255.00",844,134,6
,Health Services,,S9446,,Encounter,54.00,148.00,"$5,838.00",108,39,3
Network180,,,,,,,,,,,
,Health Services,,S9470,,Encounter,0.00,0.00,$0.00,0,0,0
,Intensive Crisis Stabilization-Enrolled Program,,S9484,,Hour,0.00,0.00,$0.00,0,0,0
,Reidential Room and Board,,S9976,,Days,562.00,"4,432.00","$148,364.00",264,33,8
,Private Duty Nursing,,T1000,,Up to 15 min,0.00,0.00,$0.00,0,0,0
,Private Duty Nursing,,T1000,TD,Up to 15 min,0.00,0.00,$0.00,0,0,0
,Private Duty Nursing,,T1000,TE,Up to 15 min,0.00,0.00,$0.00,0,0,0
,Assessment,,T1001,,Encounter,999.00,"1,053.00","$184,870.00",185,176,1
,Health Services,,T1002,,Up to 15 min,548.00,"1,528.00","$110,651.00",202,72,3
,Respite Care,,T1005,,15 Minutes,0.00,0.00,$0.00,0,0,0
,Respite Care,,T1005,TD,15 Minutes,0.00,0.00,$0.00,0,0,0
,Respite Care,,T1005,TE,15 Minutes,0.00,0.00,$0.00,0,0,0
,Substance Abuse: Recovery Support Services,"0900, 0906, 0914, 0915, 0916, 0919",T1012,,Encounter,0.00,0.00,$0.00,0,0,0
,Family Psycho-Education - EBP,,T1015,,Encounter,0.00,0.00,$0.00,0,0,0
,Supports Coordination/Wrap Facilitation,,T1016,,15 minutes,113.00,"4,293.00","$228,043.00",2018,53,38
,Targeted Case Management ,,T1017,,15 minutes,"2,648.00","80,326.00","$6,581,670.00",2486,82,30
,Nursing Home Mental Health Monitoring,,T1017,SE,15 minutes,136.00,"3,518.00","$258,137.00",1898,73,26
,Personal Care in Licensed Specialized Residential Setting,,T1020,,Days,126.00,"29,259.00","$742,910.00",5896,25,232
,Personal Care in Licensed Specialized Residential Setting,,T1020,TF,Days,37.00,"8,287.00","$334,130.00",9031,40,224
,Personal Care in Licensed Specialized Residential Setting,,T1020,TG,Days,27.00,"4,696.00","$341,750.00",12657,73,174
,Assessments,,T1023,,Encounter,990.00,"1,158.00","$513,769.00",519,444,1
,Enhanced Medical Supplies or Pharmacy,,T1999,,Items,0.00,0.00,$0.00,0,0,0
,Transportation,,T2001,,Encounter,0.00,0.00,$0.00,0,0,0
,Transportation,,T2002,,Per Diem,0.00,0.00,$0.00,0,0,0
,Transportation,,T2003,,Encounter / Trip,0.00,0.00,$0.00,0,0,0
,Transportation,,T2004,,Encounter,0.00,0.00,$0.00,0,0,0
,Transportation,,T2005,,Encounter,0.00,0.00,$0.00,0,0,0
,Out of Home Prevocational Service,,T2015,,Hour,0.00,0.00,$0.00,0,0,0
,Targeted Case Management (Children's Waiver),,T2023,,Month,0.00,0.00,$0.00,0,0,0
,Fiscal Intermediary Services,,T2025,,Month,0.00,0.00,$0.00,0,0,0
,Enhanced Medical Equipment-Supplies,,T2028,,Items,0.00,0.00,$0.00,0,0,0
,Enhanced Medical Equipment-Supplies,,T2029,,Items,0.00,0.00,$0.00,0,0,0
,Crisis Intervention,,T2034,,Days,0.00,0.00,$0.00,0,0,0
,Respite Care,,T2036,,Encounter / Trip. Per session. One night = one session,0.00,0.00,$0.00,0,0,0
,Respite Care,,T2037,,Encounter / Trip  Per session. One day/partial day = one session,0.00,0.00,$0.00,0,0,0
,Housing Assistance,,T2038,,Month   Service,178.00,235.00,"$117,632.00",661,501,1
,Enhanced Medical Equipment-Supplies,,T2039,,Items,0.00,0.00,$0.00,0,0,0
,Pharmacy (Drugs and Other Biologicals),,,,,0.00,0.00,"$214,272.00",0,0,0
,Other,,,,,0.00,0.00,"$596,121.00",0,0,0
,Aggregate for 'J' Codes,,ALL,,,0.00,0.00,$0.00,0,0,0
Newaygo,,,,,,,,,,,
,State Psychiatric Hospital - Inpatient PT22,"0100, 0101, 0114, 0124, 0134, 0154",,PT22,Days,1.00,218.00,"$98,593.00",98593,452,218
,State Mental Retardation Facility - Inpatient (ICF/MR) PT65,"0100, 0101, 0114, 0124, 0134, 0154",,PT65,Days,0.00,0.00,$0.00,0,0,0
,Local Psychiatric Hospital/IMD PT68,"0100, 0101, 0114, 0124, 0134, 0154",,PT68,Days,0.00,0.00,$0.00,0,0,0
,Local Psychiatric Hospital - Acute Community PT73,"0100, 0101, 0114, 0124, 0134, 0154",,PT73,Days,67.00,599.00,"$393,182.00",5868,656,9
,Inpatient Hospital Ancillary Services - Leave of Absence,0183,,,Days,0.00,0.00,$0.00,0,0,0
,Inpatient Hospital Ancillary Services - Pharmacy,"0250-0254, 0257-0258 ",,,,0.00,0.00,$0.00,0,0,0
,Inpatient Hospital Ancillary Services - Medical/Surgical Supplies and Devices,0270-0272,,,# of items,0.00,0.00,$0.00,0,0,0
,Inpatient Hospital Ancillary Services - Laboratory,"0300-0302, 0305-0307",,,# of tests,0.00,0.00,$0.00,0,0,0
,Inpatient Hospital Ancillary Services - Radiology,0320,,,# of tests,0.00,0.00,$0.00,0,0,0
,ECT Anesthesia,0370,,,,0.00,0.00,$0.00,0,0,0
,Inpatient Hospital Ancillary Services - Respiratory Services,0410,,,# of treatments,0.00,0.00,$0.00,0,0,0
,Inpatient Hospital Ancillary Services -Physical Therapy,0420-0424,,,# of treatments,0.00,0.00,$0.00,0,0,0
,Inpatient Hospital Ancillary Services - Occupational Therapy,0430-0434,,,# of treatments,0.00,0.00,$0.00,0,0,0
,Inpatient Hospital Ancillary Services - Speech-Language Pathology,0440-0444,,,# of treatments,0.00,0.00,$0.00,0,0,0
,Inpatient Hospital Ancillary Services - Emergency Room,0450,,,# of visits,0.00,0.00,$0.00,0,0,0
,Inpatient Hospital Ancillary Services - Pulmonary Function,0460,,,# of tests,0.00,0.00,$0.00,0,0,0
,Inpatient Hospital Ancillary Services - Audiology,0470-0472,,,# of tests,0.00,0.00,$0.00,0,0,0
,Inpatient Hospital Ancillary Services - Magnetic Resonance Technology (MRT),0610-0611,,,# of tests,0.00,0.00,$0.00,0,0,0
,Inpatient Hospital Ancillary Services - Pharmacy,0636,,,# of units,0.00,0.00,$0.00,0,0,0
,ECT Recovery Room,0701,,,,0.00,0.00,$0.00,0,0,0
,Inpatient Hospital Ancillary Services -EKG/ECG,0730-0731,,,# of tests,0.00,0.00,$0.00,0,0,0
,Inpatient Hospital Ancillary Services - EEG,0740,,,# of tests,0.00,0.00,$0.00,0,0,0
,Crisis Observation Care,0762,,,Hour,0.00,0.00,$0.00,0,0,0
,Additional Codes-ECT Facility Charge,0901,,,Encounter,0.00,0.00,$0.00,0,0,0
,Inpatient Hospital Ancillary Services - Psychiatric/Psychological Treatments/Services,"0900, 0902-0904, 0911, 0914-0919",,,# of visits,0.00,0.00,$0.00,0,0,0
,Outpatient Partial Hospitalization,0912,,,Days,0.00,0.00,$0.00,0,0,0
,Outpatient Partial Hospitalization,0913,,,Days,0.00,0.00,$0.00,0,0,0
,Inpatient Hospital Ancillary Services - Other Diagnosis Services,0925,,,# of tests,0.00,0.00,$0.00,0,0,0
,Inpatient Hospital Ancillary Services - Other Therapeutic Services,0940-0942,,,# of visits,0.00,0.00,$0.00,0,0,0
,Additional Codes-ECT Anesthesia,,00104,,Minutes,0.00,0.00,$0.00,0,0,0
,Drug Screen for Methadone Clients Only,,80100,,Per Screen,0.00,0.00,$0.00,0,0,0
,Drug Screen for Methadone Clients Only,,80101,,Per Screen,0.00,0.00,$0.00,0,0,0
,Alcohol Breath Test for Methadone Clients Only,,82075,,Per Test,0.00,0.00,$0.00,0,0,0
,Medication Administration,,90772,,Encounter,0.00,0.00,$0.00,0,0,0
,Assessment-Psychiatric Assessment,,90801,,Encounter,390.00,406.00,"$106,878.00",274,263,1
,Substance Abuse: Psychiatric Evaluation,,90801,,Encounter,0.00,0.00,$0.00,0,0,0
,Assessment-Psychiatric Assessment,,90802,,Encounter,0.00,0.00,$0.00,0,0,0
,Substance Abuse: Psychiatric Evaluation,,90802,,Encounter,0.00,0.00,$0.00,0,0,0
,Therapy-Individual Therapy,,90804,,Encounter 20-30 Min,262.00,709.00,"$58,262.00",222,82,3
,Substance Abuse: Outpatient Treatment,"0900, 0914, 0915, 0916, 0919",90804,,Encounter 20-30 Min,0.00,0.00,$0.00,0,0,0
Newaygo,,,,,,,,,,,
,Therapy-Individual Therapy,,90805,,Encounter 20-30 Min,0.00,0.00,$0.00,0,0,0
,Substance Abuse: Outpatient Treatment,"0900, 0914, 0915, 0916, 0919",90805,,Encounter 20-30 Min,0.00,0.00,$0.00,0,0,0
,Therapy-Individual Therapy,,90806,,Encounter 45-50 Min,334.00,"1,617.00","$265,302.00",794,164,5
,Substance Abuse: Outpatient Treatment,"0900, 0914, 0915, 0916, 0919",90806,,Encounter 45-50 Min,0.00,0.00,$0.00,0,0,0
,Therapy-Individual Therapy,,90807,,Encounter 45-50 Min,0.00,0.00,$0.00,0,0,0
,Substance Abuse: Outpatient Treatment,"0900, 0914, 0915, 0916, 0919",90807,,Encounter 45-50 Min,0.00,0.00,$0.00,0,0,0
,Therapy-Individual Therapy,,90808,,Encounter 75-80 Min,53.00,80.00,"$26,099.00",492,326,2
,Substance Abuse: Outpatient Treatment,"0900, 0914, 0915, 0916, 0919",90808,,Encounter 75-80 Min,0.00,0.00,$0.00,0,0,0
,Therapy-Individual Therapy,,90809,,Encounter 75-80 Min,0.00,0.00,$0.00,0,0,0
,Substance Abuse: Outpatient Treatment,"0900, 0914, 0915, 0916, 0919",90809,,Encounter 75-80 Min,0.00,0.00,$0.00,0,0,0
,Therapy-Individual Therapy,,90810,,Encounter 20-30 Min,0.00,0.00,$0.00,0,0,0
,Substance Abuse: Outpatient Treatment,"0900, 0914, 0915, 0916, 0919",90810,,Encounter 20-30 Min,0.00,0.00,$0.00,0,0,0
,Therapy-Individual Therapy,,90811,,Encounter 20-30 Min,0.00,0.00,$0.00,0,0,0
,Substance Abuse: Outpatient Treatment,"0900, 0914, 0915, 0916, 0919",90811,,Encounter 20-30 Min,0.00,0.00,$0.00,0,0,0
,Therapy-Individual Therapy,,90812,,Encounter 45-50 Min,2.00,2.00,$733.00,367,367,1
,Substance Abuse: Outpatient Treatment,"0900, 0914, 0915, 0916, 0919",90812,,Encounter 45-50 Min,0.00,0.00,$0.00,0,0,0
,Therapy-Individual Therapy,,90813,,Encounter 45-50 Min,0.00,0.00,$0.00,0,0,0
,Substance Abuse: Outpatient Treatment,"0900, 0914, 0915, 0916, 0919",90813,,Encounter 45-50 Min,0.00,0.00,$0.00,0,0,0
,Therapy-Individual Therapy,,90814,,Encounter 75-80 Min,0.00,0.00,$0.00,0,0,0
,Substance Abuse: Outpatient Treatment,"0900, 0914, 0915, 0916, 0919",90814,,Encounter 75-80 Min,0.00,0.00,$0.00,0,0,0
,Therapy-Individual Therapy,,90815,,Encounter 75-80 Min,0.00,0.00,$0.00,0,0,0
,Substance Abuse: Outpatient Treatment,"0900, 0914, 0915, 0916, 0919",90815,,Encounter 75-80 Min,0.00,0.00,$0.00,0,0,0
,Therapy-Individual Therapy,,90816,,Encounter 20-30 Min,0.00,0.00,$0.00,0,0,0
,Therapy-Individual Therapy,,90817,,Encounter 20-30 Min,0.00,0.00,$0.00,0,0,0
,Therapy-Individual Therapy,,90818,,Encounter 45-50 Min,0.00,0.00,$0.00,0,0,0
,Therapy-Individual Therapy,,90819,,Encounter 45-50 Min,0.00,0.00,$0.00,0,0,0
,Therapy-Individual Therapy,,90821,,Encounter 75-80 Min,0.00,0.00,$0.00,0,0,0
,Therapy-Individual Therapy,,90822,,Encounter 75-80 Min,0.00,0.00,$0.00,0,0,0
,Therapy-Individual Therapy,,90823,,Encounter 20-30 Min,0.00,0.00,$0.00,0,0,0
,Therapy-Individual Therapy,,90824,,Encounter 20-30 Min,0.00,0.00,$0.00,0,0,0
,Therapy-Individual Therapy,,90826,,Encounter 45-50 Min,0.00,0.00,$0.00,0,0,0
,Substance Abuse: Psychotherapy (Individual Therapy),,90826,,Encounter 45-50 Min,0.00,0.00,$0.00,0,0,0
,Therapy-Individual Therapy,,90827,,Encounter 45-50 Min,0.00,0.00,$0.00,0,0,0
,Therapy-Individual Therapy,,90828,,Encounter 75-80 Min,0.00,0.00,$0.00,0,0,0
,Therapy-Individual Therapy,,90829,,Encounter 75-80 Min,0.00,0.00,$0.00,0,0,0
,Therapy-Family Therapy,,90846,,Encounter,0.00,0.00,$0.00,0,0,0
,Therapy-Family Therapy,,90847,,Encounter,57.00,160.00,"$29,262.00",513,183,3
,Substance Abuse: Outpatient Treatment,"0900, 0906, 0914, 0915, 0916, 0919",90847,,Encounter,0.00,0.00,$0.00,0,0,0
,Therapy-Family Therapy,,90849,,Encounter,0.00,0.00,$0.00,0,0,0
,Therapy-Family Therapy,,90849,HS,Encounter,0.00,0.00,$0.00,0,0,0
Newaygo,,,,,,,,,,,
,Therapy-Group Therapy,,90853,,Encounter,91.00,"1,100.00","$243,226.00",2673,221,12
,Substance Abuse: Outpatient Treatment,"0900, 0906, 0914, 0915, 0916, 0919",90853,,Encounter,0.00,0.00,$0.00,0,0,0
,Therapy-Group Therapy,,90857,,Encounter,33.00,149.00,"$32,946.00",998,221,5
,Substance Abuse: Outpatient Treatment,"0900, 0906, 0914, 0915, 0916, 0919",90857,,Encounter,0.00,0.00,$0.00,0,0,0
,Medication Review ,,90862,,Encounter,389.00,"1,422.00","$228,873.00",588,161,4
,Substance Abuse: Medication Review,"0900, 0914, 0915, 0916, 0919",90862,,Encounter,0.00,0.00,$0.00,0,0,0
,Additional Codes-ECT Physician,,90870,,Encounter,0.00,0.00,$0.00,0,0,0
,Additional Codes-ECT Physician,0901,90870,,Encounter,0.00,0.00,$0.00,0,0,0
,Assessments-Other,,90887,,Encounter,0.00,0.00,$0.00,0,0,0
,Speech & Language Therapy ,,92506,,Encounter,0.00,0.00,$0.00,0,0,0
,Speech & Language Therapy ,,92507,,Encounter,0.00,0.00,$0.00,0,0,0
,Speech & Language Therapy ,,92508,,Encounter,0.00,0.00,$0.00,0,0,0
,Speech & Language Therapy ,,92526,,Encounter,0.00,0.00,$0.00,0,0,0
,Speech & Language Therapy ,,92610,,Encounter,0.00,0.00,$0.00,0,0,0
,Evaluation of Auditory Rehabilitation Status (Children's Waiver),,92626,,First Hour,0.00,0.00,$0.00,0,0,0
,Evaluation of Auditory Rehabiliation Status (Children's Waiver),,92627,,Each Additional 15 Minutes,0.00,0.00,$0.00,0,0,0
,Auditory Rehabilitation Preling Hearing Loss (Children's Waiver),,92630,,Encounter,0.00,0.00,$0.00,0,0,0
,Auditory Rehabilitation; Post-Lingual Hearing Loss (Children's Waiver),,92633,,Encounter,0.00,0.00,$0.00,0,0,0
,Psychological Testing PSYCH/PHYS ,,96101,,Per Hour,10.00,58.00,"$12,163.00",1216,210,6
,Psychological Testing by Technician ,,96102,,Per Hour,0.00,0.00,$0.00,0,0,0
,Psychological Testing by Comp ,,96103,,Per Hour,0.00,0.00,$0.00,0,0,0
,Assessments-Other,,96105,,Encounter,0.00,0.00,$0.00,0,0,0
,Assessments-Other,,96110,,Encounter,0.00,0.00,$0.00,0,0,0
,Assessments-Other,,96111,,Encounter,0.00,0.00,$0.00,0,0,0
,Neurobehavioral Status Exam (Children's Waiver),,96116,,Per Hour,0.00,0.00,$0.00,0,0,0
,Neuropsych test by Psych/Phys ,,96118,,Per Hour,0.00,0.00,$0.00,0,0,0
,Neuropsych test by Tech ,,96119,,Per Hour,0.00,0.00,$0.00,0,0,0
,Neuropsych test Admin w/Comp ,,96120,,Per Hour,0.00,0.00,$0.00,0,0,0
,Medication Administration,,96372,,Encounter,75.00,"1,056.00","$50,182.00",669,48,14
,Physical Therapy,,97001,,Encounter,0.00,0.00,$0.00,0,0,0
,Physical Therapy,,97002,,Encounter,0.00,0.00,$0.00,0,0,0
,Occupational Therapy,,97003,,Encounter,0.00,0.00,$0.00,0,0,0
,Occupational Therapy,,97004,,Encounter,0.00,0.00,$0.00,0,0,0
,Occupational or Physical Therapy,,97110,,15 Minutes,0.00,0.00,$0.00,0,0,0
,Occupational or Physical Therapy,,97112,,15 Minutes,0.00,0.00,$0.00,0,0,0
,Occupational or Physical Therapy,,97113,,15 Minutes,0.00,0.00,$0.00,0,0,0
,Occupational or Physical Therapy,,97116,,15 Minutes,0.00,0.00,$0.00,0,0,0
,Occupational or Physical Therapy,,97124,,15 Minutes,0.00,0.00,$0.00,0,0,0
,Occupational or Physical Therapy,,97140,,15 Minutes,0.00,0.00,$0.00,0,0,0
,Occupational or Physical Therapy,,97150,,Encounter,0.00,0.00,$0.00,0,0,0
,Occupational or Physical Therapy,,97530,,15 Minutes,0.00,0.00,$0.00,0,0,0
,Occupational or Physical Therapy,,97532,,15 Minutes,0.00,0.00,$0.00,0,0,0
,Occupational or Physical Therapy,,97533,,15 Minutes,0.00,0.00,$0.00,0,0,0
,Occupational or Physical Therapy,,97535,,15 Minutes,0.00,0.00,$0.00,0,0,0
,Occupational or Physical Therapy,,97537,,15 Minutes,0.00,0.00,$0.00,0,0,0
,Occupational or Physical Therapy,,97542,,15 Minutes,0.00,0.00,$0.00,0,0,0
,Occupational Therapy,,97703,,15 Minutes,0.00,0.00,$0.00,0,0,0
Newaygo,,,,,,,,,,,
,Occupational Therapy,,97750,,15 Minutes,0.00,0.00,$0.00,0,0,0
,Occupational Therapy,,97755,,15 Minutes,0.00,0.00,$0.00,0,0,0
,Occupational Therapy,,97760,,15 Minutes,0.00,0.00,$0.00,0,0,0
,C/O for Orthotic/Prosth Use ,,97762,,15 minutes,0.00,0.00,$0.00,0,0,0
,Assessment or Health Services,,97802,,15 Minutes,0.00,0.00,$0.00,0,0,0
,Assessment or Health Services,,97803,,15 Minutes,0.00,0.00,$0.00,0,0,0
,Health Services,,97804,,30 Minutes,0.00,0.00,$0.00,0,0,0
,Additional Codes-Physician Services,,99201,,Encounter,0.00,0.00,$0.00,0,0,0
,Additional Codes-Physician Services,,99202,,Encounter,0.00,0.00,$0.00,0,0,0
,Additional Codes-Physician Services,,99203,,Encounter,0.00,0.00,$0.00,0,0,0
,Additional Codes-Physician Services,,99204,,Encounter,0.00,0.00,$0.00,0,0,0
,Additional Codes-Physician Services,,99205,,Encounter,0.00,0.00,$0.00,0,0,0
,Additional Codes-Physician Services  Medication Administration,,99211,,Encounter,0.00,0.00,$0.00,0,0,0
,Additional Codes-Physician Services,,99212,,Encounter,0.00,0.00,$0.00,0,0,0
,Additional Codes-Physician Services,,99213,,Encounter,0.00,0.00,$0.00,0,0,0
,Additional Codes-Physician Services,,99214,,Encounter,0.00,0.00,$0.00,0,0,0
,Additional Codes-Physician Services,,99215,,Encounter,0.00,0.00,$0.00,0,0,0
,Additional Codes-Physician Services,,99221,,30 Minutes,0.00,0.00,$0.00,0,0,0
,Additional Codes-Physician Services,,99222,,50 Minutes,0.00,0.00,$0.00,0,0,0
,Additional Codes-Physician Services,,99223,,70 Minutes,0.00,0.00,$0.00,0,0,0
,Additional Codes-Physician Services,,99231,,15 Minutes,0.00,0.00,$0.00,0,0,0
,Additional Codes-Physician Services,,99232,,25 minutes,0.00,0.00,$0.00,0,0,0
,Additional Codes-Physician Services,,99233,,35 Minutes,0.00,0.00,$0.00,0,0,0
,Additional Codes-Physician Services,,99238,,30 Minutes or less,0.00,0.00,$0.00,0,0,0
,Additional Codes-Physician Services,,99241,,Encounter,0.00,0.00,$0.00,0,0,0
,Additional Codes-Physician Services,,99242,,Encounter,0.00,0.00,$0.00,0,0,0
,Additional Codes-Physician Services,,99243,,Encounter,0.00,0.00,$0.00,0,0,0
,Additional Codes-Physician Services,,99244,,Encounter,0.00,0.00,$0.00,0,0,0
,Additional Codes-Physician Services,,99245,,Encounter,0.00,0.00,$0.00,0,0,0
,Additional Codes-Physician Services,,99251,,Encounter,0.00,0.00,$0.00,0,0,0
,Additional Codes-Physician Services,,99252,,Encounter,0.00,0.00,$0.00,0,0,0
,Additional Codes-Physician Services,,99253,,Encounter,0.00,0.00,$0.00,0,0,0
,Additional Codes-Physician Services,,99254,,Encounter,0.00,0.00,$0.00,0,0,0
,Additional Codes-Physician Services,,99255,,Encounter,0.00,0.00,$0.00,0,0,0
,Additional Codes-Physician Services,,99261,,Encounter,0.00,0.00,$0.00,0,0,0
,Additional Codes-Physician Services,,99262,,Encounter,0.00,0.00,$0.00,0,0,0
,Additional Codes-Physician Services,,99263,,Encounter,0.00,0.00,$0.00,0,0,0
,Additional Codes-Physician Services,,99271,,Encounter,0.00,0.00,$0.00,0,0,0
,Additional Codes-Physician Services,,99272,,Encounter,0.00,0.00,$0.00,0,0,0
,Additional Codes-Physician Services,,99273,,Encounter,0.00,0.00,$0.00,0,0,0
,Additional Codes-Physician Services,,99274,,Encounter,0.00,0.00,$0.00,0,0,0
,Additional Codes-Physician Services,,99275,,Encounter,0.00,0.00,$0.00,0,0,0
,Medication Administration,,99605,,Encounter,0.00,0.00,$0.00,0,0,0
,Transportation,,A0080,,Per mile,0.00,0.00,$0.00,0,0,0
,Transportation,,A0090,,Per mile,0.00,0.00,$0.00,0,0,0
,Transportation,,A0100,,Per one-way trip,0.00,0.00,$0.00,0,0,0
,Transportation,,A0110,,Per one-way trip,0.00,0.00,$0.00,0,0,0
,Transportation,,A0120,,Per one-way trip,0.00,0.00,$0.00,0,0,0
,Transportation,,A0130,,Per one-way trip,0.00,0.00,$0.00,0,0,0
,Transportation,,A0140,,Per one-way trip,0.00,0.00,$0.00,0,0,0
Newaygo,,,,,,,,,,,
,Transportation,,A0170,,,0.00,0.00,$0.00,0,0,0
,Additional Codes-Transportation,,A0425,,Per Mile,0.00,0.00,$0.00,0,0,0
,Additional Codes-Transportation,,A0427,,Refer to code descriptions.,0.00,0.00,$0.00,0,0,0
,Additional codes - Transportation,,A0428,,,0.00,0.00,$0.00,0,0,0
,Repair or Non-Routine Service for DME (Children's Waiver),,E1340,,15 Minutes,0.00,0.00,$0.00,0,0,0
,Enhanced Medical Equipment-Supplies,,E1399,,Items,0.00,0.00,$0.00,0,0,0
,Activity Therapy (Children's Waiver),,G0176,,Encounter,0.00,0.00,$0.00,0,0,0
,Family Training/Support EBP only,,G0177,,Encounter Session at least 45 min,7.00,75.00,"$39,063.00",5580,521,11
,Substance Abuse: Individual Assessment,,H0001,,Encounter,1.00,1.00,$77.00,77,77,1
,Assessment ,,H0002,,Encounter,223.00,230.00,"$42,979.00",193,187,1
,Substance Abuse: Individual Assessment,,H0002,,Encounter,0.00,0.00,$0.00,0,0,0
,Substance Abuse:Laboratory,,H0003,,Encounter,0.00,0.00,$0.00,0,0,0
,Substance Abuse: Outpatient Treatment,"0900, 0906, 0914, 0915, 0916, 0919",H0004,,15 Minutes,2.00,58.00,"$4,466.00",2233,77,29
,Substance Abuse: Outpatient Treatment,"0900, 0906, 0914, 0915, 0916, 0919",H0005,,Encounter,0.00,0.00,$0.00,0,0,0
,Substance Abuse: Case Management,,H0006,,Encounter,0.00,0.00,$0.00,0,0,0
,Substance Abuse: Sub-Acute Detoxification,1002,H0010,,Days,0.00,0.00,$0.00,0,0,0
,Substance Abuse: Sub-Acute Detoxification,1002,H0012,,Days,0.00,0.00,$0.00,0,0,0
,Substance Abuse: Sub-Acute Detoxification,1002,H0014,,Days,0.00,0.00,$0.00,0,0,0
,Substance Abuse: Outpatient Care,"0900, 0906, 0914, 0915, 0916, 0919",H0015,,Days,0.00,0.00,$0.00,0,0,0
,Crisis Residential Services,,H0018,,Days,16.00,82.00,"$31,225.00",1952,381,5
,Substance Abuse: Residential,1002,H0018,,Days,0.00,0.00,$0.00,0,0,0
,Substance Abuse: Residential,1002,H0019,,Days,0.00,0.00,$0.00,0,0,0
,Substance Abuse: Methadone,,H0020,,Encounter,0.00,0.00,$0.00,0,0,0
,Substance Abuse: Early Intervention,,H0022,,Encounter,0.00,0.00,$0.00,0,0,0
,Peer Directed and Operated Support Services,,H0023,,Encounter,0.00,0.00,"$90,450.00",0,0,0
,Prevention Services - Direct Model,,H0025,,Face to Face Contact,8.00,10.00,"$1,406.00",176,141,1
,Crisis Intervention,,H0030,,Per Service,0.00,0.00,$0.00,0,0,0
,Assessment ,,H0031,,Encounter,373.00,472.00,"$76,958.00",206,163,1
,Substance Abuse: Assessment,,H0031,,Encounter,0.00,0.00,$0.00,0,0,0
,Treatment Planning,,H0032,,Encounter,268.00,329.00,"$50,306.00",188,153,1
,Monitoring of Treatment - Clinician,,H0032,TS,Encounter,0.00,0.00,$0.00,0,0,0
,Substance Abuse: Pharmalogical Support - Suboxane,,H0033,,Direct Observation Encounter,0.00,0.00,$0.00,0,0,0
,Health Services,,H0034,,15 Minutes,0.00,0.00,$0.00,0,0,0
,Home Based Services,,H0036,,15 Minutes,10.00,400.00,"$25,741.00",2574,64,40
,Home Based Services,,H0036,ST,15 Minutes,0.00,0.00,$0.00,0,0,0
,Community Psychiatric Supportive Treatment ,,H0037,,Per diem,0.00,0.00,$0.00,0,0,0
,Peer Directed and Operated Support Services,,H0038,,15 minutes,28.00,"2,538.00","$32,741.00",1169,13,91
,Peer Directed and Operated Support Services,,NA,,,0.00,0.00,$0.00,0,0,0
,Assertive Community Treatment (ACT),,H0039,,15 Minutes,54.00,"6,184.00","$396,147.00",7336,64,115
,Community Living Supports in Independent living/own home,,H0043,,Per diem,0.00,0.00,$0.00,0,0,0
,Community Living Supports in Independent living/own home,,H0043,TT,Per diem,0.00,0.00,$0.00,0,0,0
,Respite,,H0045,,Days,0.00,0.00,$0.00,0,0,0
,Respite (Children's Waiver),,H0045,TD,Per Diem,0.00,0.00,$0.00,0,0,0
,Respite (Children's Waiver),,H0045,TE,Per Diem,0.00,0.00,$0.00,0,0,0
,Substance Abuse:Laboratory (cells now unlocked),,H0048,,Encounter,0.00,0.00,$0.00,0,0,0
,Substance Abuse: Individual Assessment,,H0049,,Encounter,0.00,0.00,$0.00,0,0,0
,Behavior Treatment Plan Review,,H2000,,Encounter,0.00,0.00,$0.00,0,0,0
,Behavior Treatment Plan Review - Monitoring Activities,,H2000,TS,Encounter,0.00,0.00,$0.00,0,0,0
Newaygo,,,,,,,,,,,
,Comprehensive Medication Services - EBP only,,H2010,,15 minutes,0.00,0.00,$0.00,0,0,0
,Crisis Intervention,,H2011,,15 Minutes,206.00,743.00,"$51,069.00",248,69,4
,Skill-Building and Out of Home Non Vocational Habilitation,,H2014,,15 minutes,7.00,"2,961.00","$11,612.00",1659,4,423
,Skill-Building and Out of Home Non Vocational Habilitation,,H2014,TT,15 Minutes,0.00,0.00,$0.00,0,0,0
,Community Living Supports (15 Minutes),,H2015,,15 Minutes,0.00,0.00,$0.00,0,0,0
,Community Living Supports (15 Minutes),,H2015,TT,15 Minutes,0.00,0.00,$0.00,0,0,0
,Community Living Supports (Daily),,H2016,,Per Diem,0.00,0.00,$0.00,0,0,0
,Community Living Supports (Daily),,H2016,TF,Per Diem,5.00,"1,105.00","$52,039.00",10408,47,221
,Community Living Supports (Daily),,H2016,TG,Per Diem,3.00,816.00,"$81,028.00",27009,99,272
,Behavior Services,,H2019,,15 Minutes,0.00,0.00,$0.00,0,0,0
,Behavior Services,,H2019,TT,15 Minutes,0.00,0.00,$0.00,0,0,0
,Crisis Intervention,,H2020,,Days,0.00,0.00,$0.00,0,0,0
,Wraparound,,H2021,,15 Minutes,6.00,85.00,"$1,419.00",237,17,14
,Wraparound,,H2022,,Days,0.00,0.00,$0.00,0,0,0
,Supported Employment Services,,H2023,,15 minutes,28.00,"17,416.00","$170,719.00",6097,10,622
,Supported Employment Services,,H2023,TT,15 Minutes,0.00,0.00,$0.00,0,0,0
,Mental Health Therapy,,H2027,,15 Minutes,0.00,0.00,$0.00,0,0,0
,Clubhouse Psychosocial Rehabilitation Programs ,,H2030,,15 Minutes,0.00,0.00,$0.00,0,0,0
,Home Based Services,,H2033,,15 Minutes,0.00,0.00,$0.00,0,0,0
,Substance Abuse: Outpatient Care,"0900, 0906, 0914, 0915, 0916, 0919",H2035,,Hour,0.00,0.00,$0.00,0,0,0
,Substance Abuse: Outpatient Care,"0900, 0906, 0914, 0915, 0916, 0919",H2036,,Per Diem,0.00,0.00,$0.00,0,0,0
,Medication Review ,,M0064,,"Encounter Face-to-Face, generally less than 10 minutes",0.00,0.00,$0.00,0,0,0
,Transportation,,S0209,,Per Mile,0.00,0.00,$0.00,0,0,0
,Transportation,,S0215,,Per Mile,0.00,0.00,$0.00,0,0,0
,Family Training - EBP,,S5110,,15 Minutes,4.00,40.00,"$3,519.00",880,88,10
,Family Training,,S5111,,Encounter,23.00,70.00,"$10,247.00",446,146,3
,Family Training,,S5111,HA,Encounter,0.00,0.00,$0.00,0,0,0
,"Home Care Training, Non-Family (Children's Waiver)",,S5116,,Encounter,0.00,0.00,$0.00,0,0,0
,Chore Services,,S5120,,15 Minutes,0.00,0.00,$0.00,0,0,0
,Foster Care,,S5140,,Days,0.00,0.00,$0.00,0,0,0
,Foster Care,,S5145,,Days,0.00,0.00,$0.00,0,0,0
,Respite,,S5150,,15 Minutes,0.00,0.00,$0.00,0,0,0
,Respite,,S5151,,Per Diem,0.00,0.00,$0.00,0,0,0
,Personal Emergency Response System (PERS),,S5160,,Encounter,0.00,0.00,$0.00,0,0,0
,Personal Emergency Response System (PERS),,S5161,,Month,0.00,0.00,$0.00,0,0,0
,Environmental Modification ,,S5165,,Service,0.00,0.00,$0.00,0,0,0
,Enhanced Medical Equipment-Supplies,,S5199,,Items,0.00,0.00,$0.00,0,0,0
,Occupational or Physical Therapy,,S8990,,Encounter,0.00,0.00,$0.00,0,0,0
,Private Duty Nursing,0582,S9123,,Hour,0.00,0.00,$0.00,0,0,0
,Private Duty Nursing,,S9123,,Hour,0.00,0.00,$0.00,0,0,0
,Private Duty Nursing,,S9123,TT,Hour,0.00,0.00,$0.00,0,0,0
,Private Duty Nursing,0582,S9124,,Hour,0.00,0.00,$0.00,0,0,0
,Private Duty Nursing,,S9124,,Hour,0.00,0.00,$0.00,0,0,0
,Private Duty Nursing,,S9124,TT,Hour,0.00,0.00,$0.00,0,0,0
,Respite Care in the Home (RN) (Children's Waiver),,S9125,TD,Per Diem,0.00,0.00,$0.00,0,0,0
,Respite Care in the Home (LPN) (Children's Waiver),,S9125,TE,Per Diem,0.00,0.00,$0.00,0,0,0
,Health Services,,S9445,,Encounter,0.00,0.00,$0.00,0,0,0
,Health Services,,S9446,,Encounter,0.00,0.00,$0.00,0,0,0
Newaygo,,,,,,,,,,,
,Health Services,,S9470,,Encounter,0.00,0.00,$0.00,0,0,0
,Intensive Crisis Stabilization-Enrolled Program,,S9484,,Hour,0.00,0.00,$0.00,0,0,0
,Reidential Room and Board,,S9976,,Days,0.00,0.00,$0.00,0,0,0
,Private Duty Nursing,,T1000,,Up to 15 min,0.00,0.00,$0.00,0,0,0
,Private Duty Nursing,,T1000,TD,Up to 15 min,0.00,0.00,$0.00,0,0,0
,Private Duty Nursing,,T1000,TE,Up to 15 min,0.00,0.00,$0.00,0,0,0
,Assessment,,T1001,,Encounter,1.00,1.00,$147.00,147,147,1
,Health Services,,T1002,,Up to 15 min,445.00,"2,181.00","$124,315.00",279,57,5
,Respite Care,,T1005,,15 Minutes,26.00,"24,433.00","$59,505.00",2289,2,940
,Respite Care,,T1005,TD,15 Minutes,0.00,0.00,$0.00,0,0,0
,Respite Care,,T1005,TE,15 Minutes,0.00,0.00,$0.00,0,0,0
,Substance Abuse: Recovery Support Services,"0900, 0906, 0914, 0915, 0916, 0919",T1012,,Encounter,0.00,0.00,$0.00,0,0,0
,Family Psycho-Education - EBP,,T1015,,Encounter,1.00,1.00,$188.00,188,188,1
,Supports Coordination/Wrap Facilitation,,T1016,,15 minutes,1.00,6.00,$462.00,462,77,6
,Targeted Case Management ,,T1017,,15 minutes,438.00,"14,963.00","$1,145,813.00",2616,77,34
,Nursing Home Mental Health Monitoring,,T1017,SE,15 minutes,24.00,127.00,"$9,778.00",407,77,5
,Personal Care in Licensed Specialized Residential Setting,,T1020,,Days,8.00,"1,921.00","$11,905.00",1488,6,240
,Personal Care in Licensed Specialized Residential Setting,,T1020,TF,Days,0.00,0.00,$0.00,0,0,0
,Personal Care in Licensed Specialized Residential Setting,,T1020,TG,Days,0.00,0.00,$0.00,0,0,0
,Assessments,,T1023,,Encounter,148.00,416.00,"$81,145.00",548,195,3
,Enhanced Medical Supplies or Pharmacy,,T1999,,Items,0.00,0.00,$0.00,0,0,0
,Transportation,,T2001,,Encounter,0.00,0.00,$0.00,0,0,0
,Transportation,,T2002,,Per Diem,0.00,0.00,$0.00,0,0,0
,Transportation,,T2003,,Encounter / Trip,0.00,0.00,$0.00,0,0,0
,Transportation,,T2004,,Encounter,0.00,0.00,$0.00,0,0,0
,Transportation,,T2005,,Encounter,0.00,0.00,$0.00,0,0,0
,Out of Home Prevocational Service,,T2015,,Hour,0.00,0.00,$0.00,0,0,0
,Targeted Case Management (Children's Waiver),,T2023,,Month,0.00,0.00,$0.00,0,0,0
,Fiscal Intermediary Services,,T2025,,Month,4.00,28.00,"$1,423.00",356,51,7
,Enhanced Medical Equipment-Supplies,,T2028,,Items,0.00,0.00,$0.00,0,0,0
,Enhanced Medical Equipment-Supplies,,T2029,,Items,0.00,0.00,$0.00,0,0,0
,Crisis Intervention,,T2034,,Days,0.00,0.00,$0.00,0,0,0
,Respite Care,,T2036,,Encounter / Trip. Per session. One night = one session,0.00,0.00,$0.00,0,0,0
,Respite Care,,T2037,,Encounter / Trip  Per session. One day/partial day = one session,0.00,0.00,$0.00,0,0,0
,Housing Assistance,,T2038,,Month   Service,0.00,0.00,$0.00,0,0,0
,Enhanced Medical Equipment-Supplies,,T2039,,Items,0.00,0.00,$0.00,0,0,0
,Pharmacy (Drugs and Other Biologicals),,,,,0.00,0.00,$0.00,0,0,0
,Other,,,,,0.00,0.00,$0.00,0,0,0
,Aggregate for 'J' Codes,,ALL,,,0.00,0.00,$0.00,0,0,0
North Country,,,,,,,,,,,
,State Psychiatric Hospital - Inpatient PT22,"0100, 0101, 0114, 0124, 0134, 0154",,PT22,Days,10.00,638.00,"$255,189.00",25519,400,64
,State Mental Retardation Facility - Inpatient (ICF/MR) PT65,"0100, 0101, 0114, 0124, 0134, 0154",,PT65,Days,0.00,0.00,$0.00,0,0,0
,Local Psychiatric Hospital/IMD PT68,"0100, 0101, 0114, 0124, 0134, 0154",,PT68,Days,19.00,141.00,"$89,232.00",4696,633,7
,Local Psychiatric Hospital - Acute Community PT73,"0100, 0101, 0114, 0124, 0134, 0154",,PT73,Days,329.00,"2,475.00","$1,381,604.00",4199,558,8
,Inpatient Hospital Ancillary Services - Leave of Absence,0183,,,Days,0.00,0.00,$0.00,0,0,0
,Inpatient Hospital Ancillary Services - Pharmacy,"0250-0254, 0257-0258 ",,,,0.00,0.00,$0.00,0,0,0
,Inpatient Hospital Ancillary Services - Medical/Surgical Supplies and Devices,0270-0272,,,# of items,0.00,0.00,$0.00,0,0,0
,Inpatient Hospital Ancillary Services - Laboratory,"0300-0302, 0305-0307",,,# of tests,0.00,0.00,$0.00,0,0,0
,Inpatient Hospital Ancillary Services - Radiology,0320,,,# of tests,0.00,0.00,$0.00,0,0,0
,ECT Anesthesia,0370,,,,0.00,0.00,$0.00,0,0,0
,Inpatient Hospital Ancillary Services - Respiratory Services,0410,,,# of treatments,0.00,0.00,$0.00,0,0,0
,Inpatient Hospital Ancillary Services -Physical Therapy,0420-0424,,,# of treatments,0.00,0.00,$0.00,0,0,0
,Inpatient Hospital Ancillary Services - Occupational Therapy,0430-0434,,,# of treatments,0.00,0.00,$0.00,0,0,0
,Inpatient Hospital Ancillary Services - Speech-Language Pathology,0440-0444,,,# of treatments,0.00,0.00,$0.00,0,0,0
,Inpatient Hospital Ancillary Services - Emergency Room,0450,,,# of visits,0.00,0.00,$0.00,0,0,0
,Inpatient Hospital Ancillary Services - Pulmonary Function,0460,,,# of tests,0.00,0.00,$0.00,0,0,0
,Inpatient Hospital Ancillary Services - Audiology,0470-0472,,,# of tests,0.00,0.00,$0.00,0,0,0
,Inpatient Hospital Ancillary Services - Magnetic Resonance Technology (MRT),0610-0611,,,# of tests,0.00,0.00,$0.00,0,0,0
,Inpatient Hospital Ancillary Services - Pharmacy,0636,,,# of units,0.00,0.00,$0.00,0,0,0
,ECT Recovery Room,0701,,,,0.00,0.00,$0.00,0,0,0
,Inpatient Hospital Ancillary Services -EKG/ECG,0730-0731,,,# of tests,0.00,0.00,$0.00,0,0,0
,Inpatient Hospital Ancillary Services - EEG,0740,,,# of tests,0.00,0.00,$0.00,0,0,0
,Crisis Observation Care,0762,,,Hour,0.00,0.00,$0.00,0,0,0
,Additional Codes-ECT Facility Charge,0901,,,Encounter,1.00,12.00,"$6,168.00",6168,514,12
,Inpatient Hospital Ancillary Services - Psychiatric/Psychological Treatments/Services,"0900, 0902-0904, 0911, 0914-0919",,,# of visits,0.00,0.00,$0.00,0,0,0
,Outpatient Partial Hospitalization,0912,,,Days,1.00,4.00,"$1,168.00",1168,292,4
,Outpatient Partial Hospitalization,0913,,,Days,0.00,0.00,$0.00,0,0,0
,Inpatient Hospital Ancillary Services - Other Diagnosis Services,0925,,,# of tests,0.00,0.00,$0.00,0,0,0
,Inpatient Hospital Ancillary Services - Other Therapeutic Services,0940-0942,,,# of visits,0.00,0.00,$0.00,0,0,0
,Additional Codes-ECT Anesthesia,,00104,,Minutes,0.00,0.00,$0.00,0,0,0
,Drug Screen for Methadone Clients Only,,80100,,Per Screen,0.00,0.00,$0.00,0,0,0
,Drug Screen for Methadone Clients Only,,80101,,Per Screen,0.00,0.00,$0.00,0,0,0
,Alcohol Breath Test for Methadone Clients Only,,82075,,Per Test,0.00,0.00,$0.00,0,0,0
,Medication Administration,,90772,,Encounter,48.00,252.00,"$22,326.00",465,89,5
,Assessment-Psychiatric Assessment,,90801,,Encounter,231.00,231.00,"$74,371.00",322,322,1
,Substance Abuse: Psychiatric Evaluation,,90801,,Encounter,0.00,0.00,$0.00,0,0,0
,Assessment-Psychiatric Assessment,,90802,,Encounter,0.00,0.00,$0.00,0,0,0
,Substance Abuse: Psychiatric Evaluation,,90802,,Encounter,0.00,0.00,$0.00,0,0,0
,Therapy-Individual Therapy,,90804,,Encounter 20-30 Min,198.00,362.00,"$25,356.00",128,70,2
,Substance Abuse: Outpatient Treatment,"0900, 0914, 0915, 0916, 0919",90804,,Encounter 20-30 Min,0.00,0.00,$0.00,0,0,0
North Country,,,,,,,,,,,
,Therapy-Individual Therapy,,90805,,Encounter 20-30 Min,0.00,0.00,$0.00,0,0,0
,Substance Abuse: Outpatient Treatment,"0900, 0914, 0915, 0916, 0919",90805,,Encounter 20-30 Min,0.00,0.00,$0.00,0,0,0
,Therapy-Individual Therapy,,90806,,Encounter 45-50 Min,966.00,"6,396.00","$820,136.00",849,128,7
,Substance Abuse: Outpatient Treatment,"0900, 0914, 0915, 0916, 0919",90806,,Encounter 45-50 Min,0.00,0.00,$0.00,0,0,0
,Therapy-Individual Therapy,,90807,,Encounter 45-50 Min,0.00,0.00,$0.00,0,0,0
,Substance Abuse: Outpatient Treatment,"0900, 0914, 0915, 0916, 0919",90807,,Encounter 45-50 Min,0.00,0.00,$0.00,0,0,0
,Therapy-Individual Therapy,,90808,,Encounter 75-80 Min,14.00,32.00,"$5,369.00",384,168,2
,Substance Abuse: Outpatient Treatment,"0900, 0914, 0915, 0916, 0919",90808,,Encounter 75-80 Min,0.00,0.00,$0.00,0,0,0
,Therapy-Individual Therapy,,90809,,Encounter 75-80 Min,0.00,0.00,$0.00,0,0,0
,Substance Abuse: Outpatient Treatment,"0900, 0914, 0915, 0916, 0919",90809,,Encounter 75-80 Min,0.00,0.00,$0.00,0,0,0
,Therapy-Individual Therapy,,90810,,Encounter 20-30 Min,0.00,0.00,$0.00,0,0,0
,Substance Abuse: Outpatient Treatment,"0900, 0914, 0915, 0916, 0919",90810,,Encounter 20-30 Min,0.00,0.00,$0.00,0,0,0
,Therapy-Individual Therapy,,90811,,Encounter 20-30 Min,0.00,0.00,$0.00,0,0,0
,Substance Abuse: Outpatient Treatment,"0900, 0914, 0915, 0916, 0919",90811,,Encounter 20-30 Min,0.00,0.00,$0.00,0,0,0
,Therapy-Individual Therapy,,90812,,Encounter 45-50 Min,2.00,6.00,$772.00,386,129,3
,Substance Abuse: Outpatient Treatment,"0900, 0914, 0915, 0916, 0919",90812,,Encounter 45-50 Min,0.00,0.00,$0.00,0,0,0
,Therapy-Individual Therapy,,90813,,Encounter 45-50 Min,0.00,0.00,$0.00,0,0,0
,Substance Abuse: Outpatient Treatment,"0900, 0914, 0915, 0916, 0919",90813,,Encounter 45-50 Min,0.00,0.00,$0.00,0,0,0
,Therapy-Individual Therapy,,90814,,Encounter 75-80 Min,0.00,0.00,$0.00,0,0,0
,Substance Abuse: Outpatient Treatment,"0900, 0914, 0915, 0916, 0919",90814,,Encounter 75-80 Min,0.00,0.00,$0.00,0,0,0
,Therapy-Individual Therapy,,90815,,Encounter 75-80 Min,0.00,0.00,$0.00,0,0,0
,Substance Abuse: Outpatient Treatment,"0900, 0914, 0915, 0916, 0919",90815,,Encounter 75-80 Min,0.00,0.00,$0.00,0,0,0
,Therapy-Individual Therapy,,90816,,Encounter 20-30 Min,0.00,0.00,$0.00,0,0,0
,Therapy-Individual Therapy,,90817,,Encounter 20-30 Min,0.00,0.00,$0.00,0,0,0
,Therapy-Individual Therapy,,90818,,Encounter 45-50 Min,0.00,0.00,$0.00,0,0,0
,Therapy-Individual Therapy,,90819,,Encounter 45-50 Min,0.00,0.00,$0.00,0,0,0
,Therapy-Individual Therapy,,90821,,Encounter 75-80 Min,0.00,0.00,$0.00,0,0,0
,Therapy-Individual Therapy,,90822,,Encounter 75-80 Min,0.00,0.00,$0.00,0,0,0
,Therapy-Individual Therapy,,90823,,Encounter 20-30 Min,0.00,0.00,$0.00,0,0,0
,Therapy-Individual Therapy,,90824,,Encounter 20-30 Min,0.00,0.00,$0.00,0,0,0
,Therapy-Individual Therapy,,90826,,Encounter 45-50 Min,0.00,0.00,$0.00,0,0,0
,Substance Abuse: Psychotherapy (Individual Therapy),,90826,,Encounter 45-50 Min,0.00,0.00,$0.00,0,0,0
,Therapy-Individual Therapy,,90827,,Encounter 45-50 Min,0.00,0.00,$0.00,0,0,0
,Therapy-Individual Therapy,,90828,,Encounter 75-80 Min,0.00,0.00,$0.00,0,0,0
,Therapy-Individual Therapy,,90829,,Encounter 75-80 Min,0.00,0.00,$0.00,0,0,0
,Therapy-Family Therapy,,90846,,Encounter,6.00,9.00,"$1,113.00",186,124,2
,Therapy-Family Therapy,,90847,,Encounter,54.00,188.00,"$22,149.00",410,118,3
,Substance Abuse: Outpatient Treatment,"0900, 0906, 0914, 0915, 0916, 0919",90847,,Encounter,0.00,0.00,$0.00,0,0,0
,Therapy-Family Therapy,,90849,,Encounter,4.00,4.00,$893.00,223,223,1
,Therapy-Family Therapy,,90849,HS,Encounter,0.00,0.00,$0.00,0,0,0
North Country,,,,,,,,,,,
,Therapy-Group Therapy,,90853,,Encounter,58.00,571.00,"$39,673.00",684,69,10
,Substance Abuse: Outpatient Treatment,"0900, 0906, 0914, 0915, 0916, 0919",90853,,Encounter,0.00,0.00,$0.00,0,0,0
,Therapy-Group Therapy,,90857,,Encounter,0.00,0.00,$0.00,0,0,0
,Substance Abuse: Outpatient Treatment,"0900, 0906, 0914, 0915, 0916, 0919",90857,,Encounter,0.00,0.00,$0.00,0,0,0
,Medication Review ,,90862,,Encounter,760.00,"2,385.00","$300,959.00",396,126,3
,Substance Abuse: Medication Review,"0900, 0914, 0915, 0916, 0919",90862,,Encounter,0.00,0.00,$0.00,0,0,0
,Additional Codes-ECT Physician,,90870,,Encounter,1.00,6.00,"$4,110.00",4110,685,6
,Additional Codes-ECT Physician,0901,90870,,Encounter,0.00,0.00,$0.00,0,0,0
,Assessments-Other,,90887,,Encounter,0.00,0.00,$0.00,0,0,0
,Speech & Language Therapy ,,92506,,Encounter,0.00,0.00,$0.00,0,0,0
,Speech & Language Therapy ,,92507,,Encounter,0.00,0.00,$0.00,0,0,0
,Speech & Language Therapy ,,92508,,Encounter,0.00,0.00,$0.00,0,0,0
,Speech & Language Therapy ,,92526,,Encounter,0.00,0.00,$0.00,0,0,0
,Speech & Language Therapy ,,92610,,Encounter,0.00,0.00,$0.00,0,0,0
,Evaluation of Auditory Rehabilitation Status (Children's Waiver),,92626,,First Hour,0.00,0.00,$0.00,0,0,0
,Evaluation of Auditory Rehabiliation Status (Children's Waiver),,92627,,Each Additional 15 Minutes,0.00,0.00,$0.00,0,0,0
,Auditory Rehabilitation Preling Hearing Loss (Children's Waiver),,92630,,Encounter,0.00,0.00,$0.00,0,0,0
,Auditory Rehabilitation; Post-Lingual Hearing Loss (Children's Waiver),,92633,,Encounter,0.00,0.00,$0.00,0,0,0
,Psychological Testing PSYCH/PHYS ,,96101,,Per Hour,12.00,95.00,"$22,011.00",1834,232,8
,Psychological Testing by Technician ,,96102,,Per Hour,0.00,0.00,$0.00,0,0,0
,Psychological Testing by Comp ,,96103,,Per Hour,0.00,0.00,$0.00,0,0,0
,Assessments-Other,,96105,,Encounter,0.00,0.00,$0.00,0,0,0
,Assessments-Other,,96110,,Encounter,0.00,0.00,$0.00,0,0,0
,Assessments-Other,,96111,,Encounter,0.00,0.00,$0.00,0,0,0
,Neurobehavioral Status Exam (Children's Waiver),,96116,,Per Hour,0.00,0.00,$0.00,0,0,0
,Neuropsych test by Psych/Phys ,,96118,,Per Hour,0.00,0.00,$0.00,0,0,0
,Neuropsych test by Tech ,,96119,,Per Hour,0.00,0.00,$0.00,0,0,0
,Neuropsych test Admin w/Comp ,,96120,,Per Hour,0.00,0.00,$0.00,0,0,0
,Medication Administration,,96372,,Encounter,52.00,746.00,"$66,091.00",1271,89,14
,Physical Therapy,,97001,,Encounter,0.00,0.00,$0.00,0,0,0
,Physical Therapy,,97002,,Encounter,0.00,0.00,$0.00,0,0,0
,Occupational Therapy,,97003,,Encounter,1.00,1.00,$246.00,246,246,1
,Occupational Therapy,,97004,,Encounter,1.00,2.00,$253.00,253,127,2
,Occupational or Physical Therapy,,97110,,15 Minutes,0.00,0.00,$0.00,0,0,0
,Occupational or Physical Therapy,,97112,,15 Minutes,0.00,0.00,$0.00,0,0,0
,Occupational or Physical Therapy,,97113,,15 Minutes,0.00,0.00,$0.00,0,0,0
,Occupational or Physical Therapy,,97116,,15 Minutes,0.00,0.00,$0.00,0,0,0
,Occupational or Physical Therapy,,97124,,15 Minutes,0.00,0.00,$0.00,0,0,0
,Occupational or Physical Therapy,,97140,,15 Minutes,0.00,0.00,$0.00,0,0,0
,Occupational or Physical Therapy,,97150,,Encounter,0.00,0.00,$0.00,0,0,0
,Occupational or Physical Therapy,,97530,,15 Minutes,0.00,0.00,$0.00,0,0,0
,Occupational or Physical Therapy,,97532,,15 Minutes,0.00,0.00,$0.00,0,0,0
,Occupational or Physical Therapy,,97533,,15 Minutes,0.00,0.00,$0.00,0,0,0
,Occupational or Physical Therapy,,97535,,15 Minutes,0.00,0.00,$0.00,0,0,0
,Occupational or Physical Therapy,,97537,,15 Minutes,0.00,0.00,$0.00,0,0,0
,Occupational or Physical Therapy,,97542,,15 Minutes,0.00,0.00,$0.00,0,0,0
,Occupational Therapy,,97703,,15 Minutes,0.00,0.00,$0.00,0,0,0
North Country,,,,,,,,,,,
,Occupational Therapy,,97750,,15 Minutes,0.00,0.00,$0.00,0,0,0
,Occupational Therapy,,97755,,15 Minutes,0.00,0.00,$0.00,0,0,0
,Occupational Therapy,,97760,,15 Minutes,0.00,0.00,$0.00,0,0,0
,C/O for Orthotic/Prosth Use ,,97762,,15 minutes,0.00,0.00,$0.00,0,0,0
,Assessment or Health Services,,97802,,15 Minutes,0.00,0.00,$0.00,0,0,0
,Assessment or Health Services,,97803,,15 Minutes,0.00,0.00,$0.00,0,0,0
,Health Services,,97804,,30 Minutes,0.00,0.00,$0.00,0,0,0
,Additional Codes-Physician Services,,99201,,Encounter,0.00,0.00,$0.00,0,0,0
,Additional Codes-Physician Services,,99202,,Encounter,0.00,0.00,$0.00,0,0,0
,Additional Codes-Physician Services,,99203,,Encounter,0.00,0.00,$0.00,0,0,0
,Additional Codes-Physician Services,,99204,,Encounter,0.00,0.00,$0.00,0,0,0
,Additional Codes-Physician Services,,99205,,Encounter,0.00,0.00,$0.00,0,0,0
,Additional Codes-Physician Services  Medication Administration,,99211,,Encounter,0.00,0.00,$0.00,0,0,0
,Additional Codes-Physician Services,,99212,,Encounter,0.00,0.00,$0.00,0,0,0
,Additional Codes-Physician Services,,99213,,Encounter,0.00,0.00,$0.00,0,0,0
,Additional Codes-Physician Services,,99214,,Encounter,0.00,0.00,$0.00,0,0,0
,Additional Codes-Physician Services,,99215,,Encounter,0.00,0.00,$0.00,0,0,0
,Additional Codes-Physician Services,,99221,,30 Minutes,3.00,10.00,$225.00,75,23,3
,Additional Codes-Physician Services,,99222,,50 Minutes,15.00,61.00,"$3,422.00",228,56,4
,Additional Codes-Physician Services,,99223,,70 Minutes,2.00,10.00,$351.00,176,35,5
,Additional Codes-Physician Services,,99231,,15 Minutes,22.00,399.00,"$22,531.00",1024,56,18
,Additional Codes-Physician Services,,99232,,25 minutes,19.00,198.00,"$8,396.00",442,42,10
,Additional Codes-Physician Services,,99233,,35 Minutes,0.00,0.00,$0.00,0,0,0
,Additional Codes-Physician Services,,99238,,30 Minutes or less,0.00,0.00,$0.00,0,0,0
,Additional Codes-Physician Services,,99241,,Encounter,0.00,0.00,$0.00,0,0,0
,Additional Codes-Physician Services,,99242,,Encounter,0.00,0.00,$0.00,0,0,0
,Additional Codes-Physician Services,,99243,,Encounter,0.00,0.00,$0.00,0,0,0
,Additional Codes-Physician Services,,99244,,Encounter,0.00,0.00,$0.00,0,0,0
,Additional Codes-Physician Services,,99245,,Encounter,0.00,0.00,$0.00,0,0,0
,Additional Codes-Physician Services,,99251,,Encounter,1.00,1.00,$110.00,110,110,1
,Additional Codes-Physician Services,,99252,,Encounter,4.00,4.00,$400.00,100,100,1
,Additional Codes-Physician Services,,99253,,Encounter,3.00,4.00,$165.00,55,41,1
,Additional Codes-Physician Services,,99254,,Encounter,2.00,2.00,$230.00,115,115,1
,Additional Codes-Physician Services,,99255,,Encounter,0.00,0.00,$0.00,0,0,0
,Additional Codes-Physician Services,,99261,,Encounter,0.00,0.00,$0.00,0,0,0
,Additional Codes-Physician Services,,99262,,Encounter,0.00,0.00,$0.00,0,0,0
,Additional Codes-Physician Services,,99263,,Encounter,0.00,0.00,$0.00,0,0,0
,Additional Codes-Physician Services,,99271,,Encounter,0.00,0.00,$0.00,0,0,0
,Additional Codes-Physician Services,,99272,,Encounter,0.00,0.00,$0.00,0,0,0
,Additional Codes-Physician Services,,99273,,Encounter,0.00,0.00,$0.00,0,0,0
,Additional Codes-Physician Services,,99274,,Encounter,0.00,0.00,$0.00,0,0,0
,Additional Codes-Physician Services,,99275,,Encounter,0.00,0.00,$0.00,0,0,0
,Medication Administration,,99605,,Encounter,0.00,0.00,$0.00,0,0,0
,Transportation,,A0080,,Per mile,0.00,0.00,$0.00,0,0,0
,Transportation,,A0090,,Per mile,0.00,0.00,$0.00,0,0,0
,Transportation,,A0100,,Per one-way trip,0.00,0.00,$0.00,0,0,0
,Transportation,,A0110,,Per one-way trip,0.00,0.00,$0.00,0,0,0
,Transportation,,A0120,,Per one-way trip,0.00,0.00,$0.00,0,0,0
,Transportation,,A0130,,Per one-way trip,0.00,0.00,$0.00,0,0,0
,Transportation,,A0140,,Per one-way trip,0.00,0.00,$0.00,0,0,0
North Country,,,,,,,,,,,
,Transportation,,A0170,,,0.00,0.00,$0.00,0,0,0
,Additional Codes-Transportation,,A0425,,Per Mile,11.00,11.00,"$5,861.00",533,533,1
,Additional Codes-Transportation,,A0427,,Refer to code descriptions.,2.00,2.00,$750.00,375,375,1
,Additional codes - Transportation,,A0428,,,0.00,0.00,$0.00,0,0,0
,Repair or Non-Routine Service for DME (Children's Waiver),,E1340,,15 Minutes,0.00,0.00,$0.00,0,0,0
,Enhanced Medical Equipment-Supplies,,E1399,,Items,0.00,0.00,$0.00,0,0,0
,Activity Therapy (Children's Waiver),,G0176,,Encounter,0.00,0.00,$0.00,0,0,0
,Family Training/Support EBP only,,G0177,,Encounter Session at least 45 min,26.00,312.00,"$45,930.00",1767,147,12
,Substance Abuse: Individual Assessment,,H0001,,Encounter,0.00,0.00,$0.00,0,0,0
,Assessment ,,H0002,,Encounter,295.00,309.00,"$42,506.00",144,138,1
,Substance Abuse: Individual Assessment,,H0002,,Encounter,0.00,0.00,$0.00,0,0,0
,Substance Abuse:Laboratory,,H0003,,Encounter,0.00,0.00,$0.00,0,0,0
,Substance Abuse: Outpatient Treatment,"0900, 0906, 0914, 0915, 0916, 0919",H0004,,15 Minutes,0.00,0.00,$0.00,0,0,0
,Substance Abuse: Outpatient Treatment,"0900, 0906, 0914, 0915, 0916, 0919",H0005,,Encounter,0.00,0.00,$0.00,0,0,0
,Substance Abuse: Case Management,,H0006,,Encounter,0.00,0.00,$0.00,0,0,0
,Substance Abuse: Sub-Acute Detoxification,1002,H0010,,Days,0.00,0.00,$0.00,0,0,0
,Substance Abuse: Sub-Acute Detoxification,1002,H0012,,Days,0.00,0.00,$0.00,0,0,0
,Substance Abuse: Sub-Acute Detoxification,1002,H0014,,Days,0.00,0.00,$0.00,0,0,0
,Substance Abuse: Outpatient Care,"0900, 0906, 0914, 0915, 0916, 0919",H0015,,Days,0.00,0.00,$0.00,0,0,0
,Crisis Residential Services,,H0018,,Days,90.00,448.00,"$209,957.00",2333,469,5
,Substance Abuse: Residential,1002,H0018,,Days,0.00,0.00,$0.00,0,0,0
,Substance Abuse: Residential,1002,H0019,,Days,0.00,0.00,$0.00,0,0,0
,Substance Abuse: Methadone,,H0020,,Encounter,0.00,0.00,$0.00,0,0,0
,Substance Abuse: Early Intervention,,H0022,,Encounter,0.00,0.00,$0.00,0,0,0
,Peer Directed and Operated Support Services,,H0023,,Encounter,0.00,0.00,$0.00,0,0,0
,Prevention Services - Direct Model,,H0025,,Face to Face Contact,0.00,0.00,$0.00,0,0,0
,Crisis Intervention,,H0030,,Per Service,0.00,0.00,$0.00,0,0,0
,Assessment ,,H0031,,Encounter,"1,165.00","1,225.00","$302,468.00",260,247,1
,Substance Abuse: Assessment,,H0031,,Encounter,0.00,0.00,$0.00,0,0,0
,Treatment Planning,,H0032,,Encounter,"1,177.00","1,790.00","$361,043.00",307,202,2
,Monitoring of Treatment - Clinician,,H0032,TS,Encounter,11.00,12.00,"$2,430.00",221,203,1
,Substance Abuse: Pharmalogical Support - Suboxane,,H0033,,Direct Observation Encounter,0.00,0.00,$0.00,0,0,0
,Health Services,,H0034,,15 Minutes,220.00,"1,304.00","$113,989.00",518,87,6
,Home Based Services,,H0036,,15 Minutes,2.00,279.00,"$16,579.00",8290,59,140
,Home Based Services,,H0036,ST,15 Minutes,0.00,0.00,$0.00,0,0,0
,Community Psychiatric Supportive Treatment ,,H0037,,Per diem,0.00,0.00,$0.00,0,0,0
,Peer Directed and Operated Support Services,,H0038,,15 minutes,11.00,379.00,"$7,914.00",719,21,34
,Peer Directed and Operated Support Services,,NA,,,0.00,0.00,"$120,240.00",0,0,0
,Assertive Community Treatment (ACT),,H0039,,15 Minutes,106.00,"15,296.00","$968,182.00",9134,63,144
,Community Living Supports in Independent living/own home,,H0043,,Per diem,0.00,0.00,$0.00,0,0,0
,Community Living Supports in Independent living/own home,,H0043,TT,Per diem,0.00,0.00,$0.00,0,0,0
,Respite,,H0045,,Days,0.00,0.00,$0.00,0,0,0
,Respite (Children's Waiver),,H0045,TD,Per Diem,0.00,0.00,$0.00,0,0,0
,Respite (Children's Waiver),,H0045,TE,Per Diem,0.00,0.00,$0.00,0,0,0
,Substance Abuse:Laboratory (cells now unlocked),,H0048,,Encounter,0.00,0.00,$0.00,0,0,0
,Substance Abuse: Individual Assessment,,H0049,,Encounter,0.00,0.00,$0.00,0,0,0
,Behavior Treatment Plan Review,,H2000,,Encounter,3.00,11.00,"$1,385.00",462,126,4
,Behavior Treatment Plan Review - Monitoring Activities,,H2000,TS,Encounter,0.00,0.00,$0.00,0,0,0
North Country,,,,,,,,,,,
,Comprehensive Medication Services - EBP only,,H2010,,15 minutes,0.00,0.00,$0.00,0,0,0
,Crisis Intervention,,H2011,,15 Minutes,529.00,"2,212.00","$208,312.00",394,94,4
,Skill-Building and Out of Home Non Vocational Habilitation,,H2014,,15 minutes,1.00,771.00,"$1,480.00",1480,2,771
,Skill-Building and Out of Home Non Vocational Habilitation,,H2014,TT,15 Minutes,2.00,"2,274.00","$8,004.00",4002,4,1137
,Community Living Supports (15 Minutes),,H2015,,15 Minutes,245.00,"8,924.00","$356,671.00",1456,40,36
,Community Living Supports (15 Minutes),,H2015,TT,15 Minutes,20.00,"44,422.00","$154,816.00",7741,3,2221
,Community Living Supports (Daily),,H2016,,Per Diem,5.00,906.00,"$25,954.00",5191,29,181
,Community Living Supports (Daily),,H2016,TF,Per Diem,2.00,365.00,"$14,059.00",7030,39,183
,Community Living Supports (Daily),,H2016,TG,Per Diem,97.00,"5,405.00","$1,221,392.00",12592,226,56
,Behavior Services,,H2019,,15 Minutes,0.00,0.00,$0.00,0,0,0
,Behavior Services,,H2019,TT,15 Minutes,0.00,0.00,$0.00,0,0,0
,Crisis Intervention,,H2020,,Days,0.00,0.00,$0.00,0,0,0
,Wraparound,,H2021,,15 Minutes,0.00,0.00,$0.00,0,0,0
,Wraparound,,H2022,,Days,0.00,0.00,$0.00,0,0,0
,Supported Employment Services,,H2023,,15 minutes,13.00,"1,318.00","$11,058.00",851,8,101
,Supported Employment Services,,H2023,TT,15 Minutes,4.00,"4,022.00","$33,745.00",8436,8,1006
,Mental Health Therapy,,H2027,,15 Minutes,0.00,0.00,$0.00,0,0,0
,Clubhouse Psychosocial Rehabilitation Programs ,,H2030,,15 Minutes,168.00,"193,287.00","$999,086.00",5947,5,1151
,Home Based Services,,H2033,,15 Minutes,0.00,0.00,$0.00,0,0,0
,Substance Abuse: Outpatient Care,"0900, 0906, 0914, 0915, 0916, 0919",H2035,,Hour,0.00,0.00,$0.00,0,0,0
,Substance Abuse: Outpatient Care,"0900, 0906, 0914, 0915, 0916, 0919",H2036,,Per Diem,0.00,0.00,$0.00,0,0,0
,Medication Review ,,M0064,,"Encounter Face-to-Face, generally less than 10 minutes",648.00,"1,791.00","$209,379.00",323,117,3
,Transportation,,S0209,,Per Mile,0.00,0.00,$0.00,0,0,0
,Transportation,,S0215,,Per Mile,0.00,0.00,$0.00,0,0,0
,Family Training - EBP,,S5110,,15 Minutes,13.00,144.00,"$8,287.00",637,58,11
,Family Training,,S5111,,Encounter,0.00,0.00,$0.00,0,0,0
,Family Training,,S5111,HA,Encounter,0.00,0.00,$0.00,0,0,0
,"Home Care Training, Non-Family (Children's Waiver)",,S5116,,Encounter,0.00,0.00,$0.00,0,0,0
,Chore Services,,S5120,,15 Minutes,0.00,0.00,$0.00,0,0,0
,Foster Care,,S5140,,Days,0.00,0.00,$0.00,0,0,0
,Foster Care,,S5145,,Days,0.00,0.00,$0.00,0,0,0
,Respite,,S5150,,15 Minutes,1.00,4.00,$13.00,13,3,4
,Respite,,S5151,,Per Diem,0.00,0.00,$0.00,0,0,0
,Personal Emergency Response System (PERS),,S5160,,Encounter,0.00,0.00,$0.00,0,0,0
,Personal Emergency Response System (PERS),,S5161,,Month,0.00,0.00,$0.00,0,0,0
,Environmental Modification ,,S5165,,Service,0.00,0.00,$0.00,0,0,0
,Enhanced Medical Equipment-Supplies,,S5199,,Items,0.00,0.00,$0.00,0,0,0
,Occupational or Physical Therapy,,S8990,,Encounter,0.00,0.00,$0.00,0,0,0
,Private Duty Nursing,0582,S9123,,Hour,0.00,0.00,$0.00,0,0,0
,Private Duty Nursing,,S9123,,Hour,0.00,0.00,$0.00,0,0,0
,Private Duty Nursing,,S9123,TT,Hour,0.00,0.00,$0.00,0,0,0
,Private Duty Nursing,0582,S9124,,Hour,0.00,0.00,$0.00,0,0,0
,Private Duty Nursing,,S9124,,Hour,0.00,0.00,$0.00,0,0,0
,Private Duty Nursing,,S9124,TT,Hour,0.00,0.00,$0.00,0,0,0
,Respite Care in the Home (RN) (Children's Waiver),,S9125,TD,Per Diem,0.00,0.00,$0.00,0,0,0
,Respite Care in the Home (LPN) (Children's Waiver),,S9125,TE,Per Diem,0.00,0.00,$0.00,0,0,0
,Health Services,,S9445,,Encounter,41.00,96.00,"$18,777.00",458,196,2
,Health Services,,S9446,,Encounter,7.00,19.00,$934.00,133,49,3
North Country,,,,,,,,,,,
,Health Services,,S9470,,Encounter,9.00,9.00,"$1,651.00",183,183,1
,Intensive Crisis Stabilization-Enrolled Program,,S9484,,Hour,0.00,0.00,$0.00,0,0,0
,Reidential Room and Board,,S9976,,Days,106.00,"1,849.00","$114,127.00",1077,62,17
,Private Duty Nursing,,T1000,,Up to 15 min,0.00,0.00,$0.00,0,0,0
,Private Duty Nursing,,T1000,TD,Up to 15 min,0.00,0.00,$0.00,0,0,0
,Private Duty Nursing,,T1000,TE,Up to 15 min,0.00,0.00,$0.00,0,0,0
,Assessment,,T1001,,Encounter,256.00,265.00,"$89,798.00",351,339,1
,Health Services,,T1002,,Up to 15 min,61.00,148.00,"$5,245.00",86,35,2
,Respite Care,,T1005,,15 Minutes,0.00,0.00,$0.00,0,0,0
,Respite Care,,T1005,TD,15 Minutes,0.00,0.00,$0.00,0,0,0
,Respite Care,,T1005,TE,15 Minutes,0.00,0.00,$0.00,0,0,0
,Substance Abuse: Recovery Support Services,"0900, 0906, 0914, 0915, 0916, 0919",T1012,,Encounter,0.00,0.00,$0.00,0,0,0
,Family Psycho-Education - EBP,,T1015,,Encounter,19.00,64.00,"$9,297.00",489,145,3
,Supports Coordination/Wrap Facilitation,,T1016,,15 minutes,9.00,125.00,"$12,215.00",1357,98,14
,Targeted Case Management ,,T1017,,15 minutes,379.00,"11,178.00","$922,759.00",2435,83,29
,Nursing Home Mental Health Monitoring,,T1017,SE,15 minutes,39.00,"1,023.00","$84,450.00",2165,83,26
,Personal Care in Licensed Specialized Residential Setting,,T1020,,Days,101.00,"5,879.00","$64,391.00",638,11,58
,Personal Care in Licensed Specialized Residential Setting,,T1020,TF,Days,2.00,412.00,"$14,392.00",7196,35,206
,Personal Care in Licensed Specialized Residential Setting,,T1020,TG,Days,2.00,385.00,"$28,933.00",14467,75,193
,Assessments,,T1023,,Encounter,221.00,260.00,"$35,753.00",162,138,1
,Enhanced Medical Supplies or Pharmacy,,T1999,,Items,0.00,0.00,$0.00,0,0,0
,Transportation,,T2001,,Encounter,0.00,0.00,$0.00,0,0,0
,Transportation,,T2002,,Per Diem,1.00,59.00,$677.00,677,11,59
,Transportation,,T2003,,Encounter / Trip,0.00,0.00,$0.00,0,0,0
,Transportation,,T2004,,Encounter,0.00,0.00,$0.00,0,0,0
,Transportation,,T2005,,Encounter,0.00,0.00,$0.00,0,0,0
,Out of Home Prevocational Service,,T2015,,Hour,0.00,0.00,$0.00,0,0,0
,Targeted Case Management (Children's Waiver),,T2023,,Month,0.00,0.00,$0.00,0,0,0
,Fiscal Intermediary Services,,T2025,,Month,0.00,0.00,$0.00,0,0,0
,Enhanced Medical Equipment-Supplies,,T2028,,Items,0.00,0.00,$0.00,0,0,0
,Enhanced Medical Equipment-Supplies,,T2029,,Items,0.00,0.00,$0.00,0,0,0
,Crisis Intervention,,T2034,,Days,0.00,0.00,$0.00,0,0,0
,Respite Care,,T2036,,Encounter / Trip. Per session. One night = one session,0.00,0.00,$0.00,0,0,0
,Respite Care,,T2037,,Encounter / Trip  Per session. One day/partial day = one session,0.00,0.00,$0.00,0,0,0
,Housing Assistance,,T2038,,Month   Service,0.00,0.00,$0.00,0,0,0
,Enhanced Medical Equipment-Supplies,,T2039,,Items,0.00,0.00,$0.00,0,0,0
,Pharmacy (Drugs and Other Biologicals),,,,,0.00,0.00,$0.00,0,0,0
,Other,,,,,0.00,0.00,$0.00,0,0,0
,Aggregate for 'J' Codes,,ALL,,,20.00,0.00,"$196,039.00",9802,0,0
Northeast Michigan,,,,,,,,,,,
,State Psychiatric Hospital - Inpatient PT22,"0100, 0101, 0114, 0124, 0134, 0154",,PT22,Days,5.00,678.00,"$307,233.00",61447,453,136
,State Mental Retardation Facility - Inpatient (ICF/MR) PT65,"0100, 0101, 0114, 0124, 0134, 0154",,PT65,Days,0.00,0.00,$0.00,0,0,0
,Local Psychiatric Hospital/IMD PT68,"0100, 0101, 0114, 0124, 0134, 0154",,PT68,Days,0.00,0.00,$0.00,0,0,0
,Local Psychiatric Hospital - Acute Community PT73,"0100, 0101, 0114, 0124, 0134, 0154",,PT73,Days,50.00,255.00,"$212,532.00",4251,833,5
,Inpatient Hospital Ancillary Services - Leave of Absence,0183,,,Days,0.00,0.00,$0.00,0,0,0
,Inpatient Hospital Ancillary Services - Pharmacy,"0250-0254, 0257-0258 ",,,,0.00,0.00,$0.00,0,0,0
,Inpatient Hospital Ancillary Services - Medical/Surgical Supplies and Devices,0270-0272,,,# of items,0.00,0.00,$0.00,0,0,0
,Inpatient Hospital Ancillary Services - Laboratory,"0300-0302, 0305-0307",,,# of tests,0.00,0.00,$0.00,0,0,0
,Inpatient Hospital Ancillary Services - Radiology,0320,,,# of tests,0.00,0.00,$0.00,0,0,0
,ECT Anesthesia,0370,,,,0.00,0.00,$0.00,0,0,0
,Inpatient Hospital Ancillary Services - Respiratory Services,0410,,,# of treatments,0.00,0.00,$0.00,0,0,0
,Inpatient Hospital Ancillary Services -Physical Therapy,0420-0424,,,# of treatments,0.00,0.00,$0.00,0,0,0
,Inpatient Hospital Ancillary Services - Occupational Therapy,0430-0434,,,# of treatments,0.00,0.00,$0.00,0,0,0
,Inpatient Hospital Ancillary Services - Speech-Language Pathology,0440-0444,,,# of treatments,0.00,0.00,$0.00,0,0,0
,Inpatient Hospital Ancillary Services - Emergency Room,0450,,,# of visits,0.00,0.00,$0.00,0,0,0
,Inpatient Hospital Ancillary Services - Pulmonary Function,0460,,,# of tests,0.00,0.00,$0.00,0,0,0
,Inpatient Hospital Ancillary Services - Audiology,0470-0472,,,# of tests,0.00,0.00,$0.00,0,0,0
,Inpatient Hospital Ancillary Services - Magnetic Resonance Technology (MRT),0610-0611,,,# of tests,0.00,0.00,$0.00,0,0,0
,Inpatient Hospital Ancillary Services - Pharmacy,0636,,,# of units,0.00,0.00,$0.00,0,0,0
,ECT Recovery Room,0701,,,,0.00,0.00,$0.00,0,0,0
,Inpatient Hospital Ancillary Services -EKG/ECG,0730-0731,,,# of tests,0.00,0.00,$0.00,0,0,0
,Inpatient Hospital Ancillary Services - EEG,0740,,,# of tests,0.00,0.00,$0.00,0,0,0
,Crisis Observation Care,0762,,,Hour,0.00,0.00,$0.00,0,0,0
,Additional Codes-ECT Facility Charge,0901,,,Encounter,0.00,0.00,$0.00,0,0,0
,Inpatient Hospital Ancillary Services - Psychiatric/Psychological Treatments/Services,"0900, 0902-0904, 0911, 0914-0919",,,# of visits,0.00,0.00,$0.00,0,0,0
,Outpatient Partial Hospitalization,0912,,,Days,0.00,0.00,$0.00,0,0,0
,Outpatient Partial Hospitalization,0913,,,Days,0.00,0.00,$0.00,0,0,0
,Inpatient Hospital Ancillary Services - Other Diagnosis Services,0925,,,# of tests,0.00,0.00,$0.00,0,0,0
,Inpatient Hospital Ancillary Services - Other Therapeutic Services,0940-0942,,,# of visits,0.00,0.00,$0.00,0,0,0
,Additional Codes-ECT Anesthesia,,00104,,Minutes,0.00,0.00,$0.00,0,0,0
,Drug Screen for Methadone Clients Only,,80100,,Per Screen,0.00,0.00,$0.00,0,0,0
,Drug Screen for Methadone Clients Only,,80101,,Per Screen,0.00,0.00,$0.00,0,0,0
,Alcohol Breath Test for Methadone Clients Only,,82075,,Per Test,0.00,0.00,$0.00,0,0,0
,Medication Administration,,90772,,Encounter,23.00,97.00,"$5,835.00",254,60,4
,Assessment-Psychiatric Assessment,,90801,,Encounter,203.00,203.00,"$47,334.00",233,233,1
,Substance Abuse: Psychiatric Evaluation,,90801,,Encounter,0.00,0.00,$0.00,0,0,0
,Assessment-Psychiatric Assessment,,90802,,Encounter,0.00,0.00,$0.00,0,0,0
,Substance Abuse: Psychiatric Evaluation,,90802,,Encounter,0.00,0.00,$0.00,0,0,0
,Therapy-Individual Therapy,,90804,,Encounter 20-30 Min,113.00,191.00,"$12,227.00",108,64,2
,Substance Abuse: Outpatient Treatment,"0900, 0914, 0915, 0916, 0919",90804,,Encounter 20-30 Min,0.00,0.00,$0.00,0,0,0
Northeast Michigan,,,,,,,,,,,
,Therapy-Individual Therapy,,90805,,Encounter 20-30 Min,0.00,0.00,$0.00,0,0,0
,Substance Abuse: Outpatient Treatment,"0900, 0914, 0915, 0916, 0919",90805,,Encounter 20-30 Min,0.00,0.00,$0.00,0,0,0
,Therapy-Individual Therapy,,90806,,Encounter 45-50 Min,411.00,"1,656.00","$172,968.00",421,104,4
,Substance Abuse: Outpatient Treatment,"0900, 0914, 0915, 0916, 0919",90806,,Encounter 45-50 Min,0.00,0.00,$0.00,0,0,0
,Therapy-Individual Therapy,,90807,,Encounter 45-50 Min,0.00,0.00,$0.00,0,0,0
,Substance Abuse: Outpatient Treatment,"0900, 0914, 0915, 0916, 0919",90807,,Encounter 45-50 Min,0.00,0.00,$0.00,0,0,0
,Therapy-Individual Therapy,,90808,,Encounter 75-80 Min,14.00,15.00,"$2,331.00",167,155,1
,Substance Abuse: Outpatient Treatment,"0900, 0914, 0915, 0916, 0919",90808,,Encounter 75-80 Min,0.00,0.00,$0.00,0,0,0
,Therapy-Individual Therapy,,90809,,Encounter 75-80 Min,0.00,0.00,$0.00,0,0,0
,Substance Abuse: Outpatient Treatment,"0900, 0914, 0915, 0916, 0919",90809,,Encounter 75-80 Min,0.00,0.00,$0.00,0,0,0
,Therapy-Individual Therapy,,90810,,Encounter 20-30 Min,0.00,0.00,$0.00,0,0,0
,Substance Abuse: Outpatient Treatment,"0900, 0914, 0915, 0916, 0919",90810,,Encounter 20-30 Min,0.00,0.00,$0.00,0,0,0
,Therapy-Individual Therapy,,90811,,Encounter 20-30 Min,0.00,0.00,$0.00,0,0,0
,Substance Abuse: Outpatient Treatment,"0900, 0914, 0915, 0916, 0919",90811,,Encounter 20-30 Min,0.00,0.00,$0.00,0,0,0
,Therapy-Individual Therapy,,90812,,Encounter 45-50 Min,0.00,0.00,$0.00,0,0,0
,Substance Abuse: Outpatient Treatment,"0900, 0914, 0915, 0916, 0919",90812,,Encounter 45-50 Min,0.00,0.00,$0.00,0,0,0
,Therapy-Individual Therapy,,90813,,Encounter 45-50 Min,0.00,0.00,$0.00,0,0,0
,Substance Abuse: Outpatient Treatment,"0900, 0914, 0915, 0916, 0919",90813,,Encounter 45-50 Min,0.00,0.00,$0.00,0,0,0
,Therapy-Individual Therapy,,90814,,Encounter 75-80 Min,0.00,0.00,$0.00,0,0,0
,Substance Abuse: Outpatient Treatment,"0900, 0914, 0915, 0916, 0919",90814,,Encounter 75-80 Min,0.00,0.00,$0.00,0,0,0
,Therapy-Individual Therapy,,90815,,Encounter 75-80 Min,0.00,0.00,$0.00,0,0,0
,Substance Abuse: Outpatient Treatment,"0900, 0914, 0915, 0916, 0919",90815,,Encounter 75-80 Min,0.00,0.00,$0.00,0,0,0
,Therapy-Individual Therapy,,90816,,Encounter 20-30 Min,0.00,0.00,$0.00,0,0,0
,Therapy-Individual Therapy,,90817,,Encounter 20-30 Min,0.00,0.00,$0.00,0,0,0
,Therapy-Individual Therapy,,90818,,Encounter 45-50 Min,0.00,0.00,$0.00,0,0,0
,Therapy-Individual Therapy,,90819,,Encounter 45-50 Min,0.00,0.00,$0.00,0,0,0
,Therapy-Individual Therapy,,90821,,Encounter 75-80 Min,0.00,0.00,$0.00,0,0,0
,Therapy-Individual Therapy,,90822,,Encounter 75-80 Min,0.00,0.00,$0.00,0,0,0
,Therapy-Individual Therapy,,90823,,Encounter 20-30 Min,0.00,0.00,$0.00,0,0,0
,Therapy-Individual Therapy,,90824,,Encounter 20-30 Min,0.00,0.00,$0.00,0,0,0
,Therapy-Individual Therapy,,90826,,Encounter 45-50 Min,0.00,0.00,$0.00,0,0,0
,Substance Abuse: Psychotherapy (Individual Therapy),,90826,,Encounter 45-50 Min,0.00,0.00,$0.00,0,0,0
,Therapy-Individual Therapy,,90827,,Encounter 45-50 Min,0.00,0.00,$0.00,0,0,0
,Therapy-Individual Therapy,,90828,,Encounter 75-80 Min,0.00,0.00,$0.00,0,0,0
,Therapy-Individual Therapy,,90829,,Encounter 75-80 Min,0.00,0.00,$0.00,0,0,0
,Therapy-Family Therapy,,90846,,Encounter,0.00,0.00,$0.00,0,0,0
,Therapy-Family Therapy,,90847,,Encounter,3.00,5.00,$736.00,245,147,2
,Substance Abuse: Outpatient Treatment,"0900, 0906, 0914, 0915, 0916, 0919",90847,,Encounter,0.00,0.00,$0.00,0,0,0
,Therapy-Family Therapy,,90849,,Encounter,2.00,2.00,$112.00,56,56,1
,Therapy-Family Therapy,,90849,HS,Encounter,0.00,0.00,$0.00,0,0,0
Northeast Michigan,,,,,,,,,,,
,Therapy-Group Therapy,,90853,,Encounter,113.00,"1,181.00","$65,900.00",583,56,10
,Substance Abuse: Outpatient Treatment,"0900, 0906, 0914, 0915, 0916, 0919",90853,,Encounter,0.00,0.00,$0.00,0,0,0
,Therapy-Group Therapy,,90857,,Encounter,0.00,0.00,$0.00,0,0,0
,Substance Abuse: Outpatient Treatment,"0900, 0906, 0914, 0915, 0916, 0919",90857,,Encounter,0.00,0.00,$0.00,0,0,0
,Medication Review ,,90862,,Encounter,"1,345.00","3,677.00","$398,157.00",296,108,3
,Substance Abuse: Medication Review,"0900, 0914, 0915, 0916, 0919",90862,,Encounter,0.00,0.00,$0.00,0,0,0
,Additional Codes-ECT Physician,,90870,,Encounter,0.00,0.00,$0.00,0,0,0
,Additional Codes-ECT Physician,0901,90870,,Encounter,0.00,0.00,$0.00,0,0,0
,Assessments-Other,,90887,,Encounter,0.00,0.00,$0.00,0,0,0
,Speech & Language Therapy ,,92506,,Encounter,0.00,0.00,$0.00,0,0,0
,Speech & Language Therapy ,,92507,,Encounter,0.00,0.00,$0.00,0,0,0
,Speech & Language Therapy ,,92508,,Encounter,0.00,0.00,$0.00,0,0,0
,Speech & Language Therapy ,,92526,,Encounter,0.00,0.00,$0.00,0,0,0
,Speech & Language Therapy ,,92610,,Encounter,0.00,0.00,$0.00,0,0,0
,Evaluation of Auditory Rehabilitation Status (Children's Waiver),,92626,,First Hour,0.00,0.00,$0.00,0,0,0
,Evaluation of Auditory Rehabiliation Status (Children's Waiver),,92627,,Each Additional 15 Minutes,0.00,0.00,$0.00,0,0,0
,Auditory Rehabilitation Preling Hearing Loss (Children's Waiver),,92630,,Encounter,0.00,0.00,$0.00,0,0,0
,Auditory Rehabilitation; Post-Lingual Hearing Loss (Children's Waiver),,92633,,Encounter,0.00,0.00,$0.00,0,0,0
,Psychological Testing PSYCH/PHYS ,,96101,,Per Hour,1.00,7.00,"$1,628.00",1628,233,7
,Psychological Testing by Technician ,,96102,,Per Hour,0.00,0.00,$0.00,0,0,0
,Psychological Testing by Comp ,,96103,,Per Hour,0.00,0.00,$0.00,0,0,0
,Assessments-Other,,96105,,Encounter,0.00,0.00,$0.00,0,0,0
,Assessments-Other,,96110,,Encounter,1.00,1.00,$222.00,222,222,1
,Assessments-Other,,96111,,Encounter,0.00,0.00,$0.00,0,0,0
,Neurobehavioral Status Exam (Children's Waiver),,96116,,Per Hour,0.00,0.00,$0.00,0,0,0
,Neuropsych test by Psych/Phys ,,96118,,Per Hour,0.00,0.00,$0.00,0,0,0
,Neuropsych test by Tech ,,96119,,Per Hour,9.00,11.00,"$3,363.00",374,306,1
,Neuropsych test Admin w/Comp ,,96120,,Per Hour,0.00,0.00,$0.00,0,0,0
,Medication Administration,,96372,,Encounter,30.00,222.00,"$13,729.00",458,62,7
,Physical Therapy,,97001,,Encounter,0.00,0.00,$0.00,0,0,0
,Physical Therapy,,97002,,Encounter,0.00,0.00,$0.00,0,0,0
,Occupational Therapy,,97003,,Encounter,0.00,0.00,$0.00,0,0,0
,Occupational Therapy,,97004,,Encounter,0.00,0.00,$0.00,0,0,0
,Occupational or Physical Therapy,,97110,,15 Minutes,0.00,0.00,$0.00,0,0,0
,Occupational or Physical Therapy,,97112,,15 Minutes,0.00,0.00,$0.00,0,0,0
,Occupational or Physical Therapy,,97113,,15 Minutes,0.00,0.00,$0.00,0,0,0
,Occupational or Physical Therapy,,97116,,15 Minutes,0.00,0.00,$0.00,0,0,0
,Occupational or Physical Therapy,,97124,,15 Minutes,0.00,0.00,$0.00,0,0,0
,Occupational or Physical Therapy,,97140,,15 Minutes,0.00,0.00,$0.00,0,0,0
,Occupational or Physical Therapy,,97150,,Encounter,0.00,0.00,$0.00,0,0,0
,Occupational or Physical Therapy,,97530,,15 Minutes,0.00,0.00,$0.00,0,0,0
,Occupational or Physical Therapy,,97532,,15 Minutes,0.00,0.00,$0.00,0,0,0
,Occupational or Physical Therapy,,97533,,15 Minutes,0.00,0.00,$0.00,0,0,0
,Occupational or Physical Therapy,,97535,,15 Minutes,0.00,0.00,$0.00,0,0,0
,Occupational or Physical Therapy,,97537,,15 Minutes,0.00,0.00,$0.00,0,0,0
,Occupational or Physical Therapy,,97542,,15 Minutes,0.00,0.00,$0.00,0,0,0
,Occupational Therapy,,97703,,15 Minutes,0.00,0.00,$0.00,0,0,0
Northeast Michigan,,,,,,,,,,,
,Occupational Therapy,,97750,,15 Minutes,0.00,0.00,$0.00,0,0,0
,Occupational Therapy,,97755,,15 Minutes,0.00,0.00,$0.00,0,0,0
,Occupational Therapy,,97760,,15 Minutes,0.00,0.00,$0.00,0,0,0
,C/O for Orthotic/Prosth Use ,,97762,,15 minutes,0.00,0.00,$0.00,0,0,0
,Assessment or Health Services,,97802,,15 Minutes,0.00,0.00,$0.00,0,0,0
,Assessment or Health Services,,97803,,15 Minutes,0.00,0.00,$0.00,0,0,0
,Health Services,,97804,,30 Minutes,0.00,0.00,$0.00,0,0,0
,Additional Codes-Physician Services,,99201,,Encounter,0.00,0.00,$0.00,0,0,0
,Additional Codes-Physician Services,,99202,,Encounter,0.00,0.00,$0.00,0,0,0
,Additional Codes-Physician Services,,99203,,Encounter,0.00,0.00,$0.00,0,0,0
,Additional Codes-Physician Services,,99204,,Encounter,0.00,0.00,$0.00,0,0,0
,Additional Codes-Physician Services,,99205,,Encounter,0.00,0.00,$0.00,0,0,0
,Additional Codes-Physician Services  Medication Administration,,99211,,Encounter,0.00,0.00,$0.00,0,0,0
,Additional Codes-Physician Services,,99212,,Encounter,0.00,0.00,$0.00,0,0,0
,Additional Codes-Physician Services,,99213,,Encounter,0.00,0.00,$0.00,0,0,0
,Additional Codes-Physician Services,,99214,,Encounter,0.00,0.00,$0.00,0,0,0
,Additional Codes-Physician Services,,99215,,Encounter,0.00,0.00,$0.00,0,0,0
,Additional Codes-Physician Services,,99221,,30 Minutes,0.00,0.00,$0.00,0,0,0
,Additional Codes-Physician Services,,99222,,50 Minutes,0.00,0.00,$0.00,0,0,0
,Additional Codes-Physician Services,,99223,,70 Minutes,0.00,0.00,$0.00,0,0,0
,Additional Codes-Physician Services,,99231,,15 Minutes,0.00,0.00,$0.00,0,0,0
,Additional Codes-Physician Services,,99232,,25 minutes,0.00,0.00,$0.00,0,0,0
,Additional Codes-Physician Services,,99233,,35 Minutes,0.00,0.00,$0.00,0,0,0
,Additional Codes-Physician Services,,99238,,30 Minutes or less,0.00,0.00,$0.00,0,0,0
,Additional Codes-Physician Services,,99241,,Encounter,0.00,0.00,$0.00,0,0,0
,Additional Codes-Physician Services,,99242,,Encounter,0.00,0.00,$0.00,0,0,0
,Additional Codes-Physician Services,,99243,,Encounter,0.00,0.00,$0.00,0,0,0
,Additional Codes-Physician Services,,99244,,Encounter,0.00,0.00,$0.00,0,0,0
,Additional Codes-Physician Services,,99245,,Encounter,0.00,0.00,$0.00,0,0,0
,Additional Codes-Physician Services,,99251,,Encounter,0.00,0.00,$0.00,0,0,0
,Additional Codes-Physician Services,,99252,,Encounter,29.00,31.00,"$6,264.00",216,202,1
,Additional Codes-Physician Services,,99253,,Encounter,21.00,21.00,"$5,519.00",263,263,1
,Additional Codes-Physician Services,,99254,,Encounter,5.00,5.00,"$1,682.00",336,336,1
,Additional Codes-Physician Services,,99255,,Encounter,0.00,0.00,$0.00,0,0,0
,Additional Codes-Physician Services,,99261,,Encounter,0.00,0.00,$0.00,0,0,0
,Additional Codes-Physician Services,,99262,,Encounter,0.00,0.00,$0.00,0,0,0
,Additional Codes-Physician Services,,99263,,Encounter,0.00,0.00,$0.00,0,0,0
,Additional Codes-Physician Services,,99271,,Encounter,0.00,0.00,$0.00,0,0,0
,Additional Codes-Physician Services,,99272,,Encounter,0.00,0.00,$0.00,0,0,0
,Additional Codes-Physician Services,,99273,,Encounter,0.00,0.00,$0.00,0,0,0
,Additional Codes-Physician Services,,99274,,Encounter,0.00,0.00,$0.00,0,0,0
,Additional Codes-Physician Services,,99275,,Encounter,0.00,0.00,$0.00,0,0,0
,Medication Administration,,99605,,Encounter,0.00,0.00,$0.00,0,0,0
,Transportation,,A0080,,Per mile,0.00,0.00,$0.00,0,0,0
,Transportation,,A0090,,Per mile,0.00,0.00,$0.00,0,0,0
,Transportation,,A0100,,Per one-way trip,0.00,0.00,$0.00,0,0,0
,Transportation,,A0110,,Per one-way trip,0.00,0.00,$0.00,0,0,0
,Transportation,,A0120,,Per one-way trip,0.00,0.00,$0.00,0,0,0
,Transportation,,A0130,,Per one-way trip,0.00,0.00,$0.00,0,0,0
,Transportation,,A0140,,Per one-way trip,0.00,0.00,$0.00,0,0,0
Northeast Michigan,,,,,,,,,,,
,Transportation,,A0170,,,0.00,0.00,$0.00,0,0,0
,Additional Codes-Transportation,,A0425,,Per Mile,0.00,0.00,$0.00,0,0,0
,Additional Codes-Transportation,,A0427,,Refer to code descriptions.,0.00,0.00,$0.00,0,0,0
,Additional codes - Transportation,,A0428,,,0.00,0.00,$0.00,0,0,0
,Repair or Non-Routine Service for DME (Children's Waiver),,E1340,,15 Minutes,0.00,0.00,$0.00,0,0,0
,Enhanced Medical Equipment-Supplies,,E1399,,Items,0.00,0.00,$0.00,0,0,0
,Activity Therapy (Children's Waiver),,G0176,,Encounter,0.00,0.00,$0.00,0,0,0
,Family Training/Support EBP only,,G0177,,Encounter Session at least 45 min,15.00,125.00,"$7,396.00",493,59,8
,Substance Abuse: Individual Assessment,,H0001,,Encounter,0.00,0.00,$0.00,0,0,0
,Assessment ,,H0002,,Encounter,34.00,34.00,"$4,389.00",129,129,1
,Substance Abuse: Individual Assessment,,H0002,,Encounter,0.00,0.00,$0.00,0,0,0
,Substance Abuse:Laboratory,,H0003,,Encounter,0.00,0.00,$0.00,0,0,0
,Substance Abuse: Outpatient Treatment,"0900, 0906, 0914, 0915, 0916, 0919",H0004,,15 Minutes,0.00,0.00,$0.00,0,0,0
,Substance Abuse: Outpatient Treatment,"0900, 0906, 0914, 0915, 0916, 0919",H0005,,Encounter,0.00,0.00,$0.00,0,0,0
,Substance Abuse: Case Management,,H0006,,Encounter,0.00,0.00,$0.00,0,0,0
,Substance Abuse: Sub-Acute Detoxification,1002,H0010,,Days,0.00,0.00,$0.00,0,0,0
,Substance Abuse: Sub-Acute Detoxification,1002,H0012,,Days,0.00,0.00,$0.00,0,0,0
,Substance Abuse: Sub-Acute Detoxification,1002,H0014,,Days,0.00,0.00,$0.00,0,0,0
,Substance Abuse: Outpatient Care,"0900, 0906, 0914, 0915, 0916, 0919",H0015,,Days,0.00,0.00,$0.00,0,0,0
,Crisis Residential Services,,H0018,,Days,1.00,1.00,$322.00,322,322,1
,Substance Abuse: Residential,1002,H0018,,Days,0.00,0.00,$0.00,0,0,0
,Substance Abuse: Residential,1002,H0019,,Days,0.00,0.00,$0.00,0,0,0
,Substance Abuse: Methadone,,H0020,,Encounter,0.00,0.00,$0.00,0,0,0
,Substance Abuse: Early Intervention,,H0022,,Encounter,0.00,0.00,$0.00,0,0,0
,Peer Directed and Operated Support Services,,H0023,,Encounter,0.00,0.00,$0.00,0,0,0
,Prevention Services - Direct Model,,H0025,,Face to Face Contact,14.00,286.00,"$87,912.00",6279,307,20
,Crisis Intervention,,H0030,,Per Service,0.00,0.00,$0.00,0,0,0
,Assessment ,,H0031,,Encounter,676.00,684.00,"$151,701.00",224,222,1
,Substance Abuse: Assessment,,H0031,,Encounter,0.00,0.00,$0.00,0,0,0
,Treatment Planning,,H0032,,Encounter,957.00,"1,330.00","$157,433.00",165,118,1
,Monitoring of Treatment - Clinician,,H0032,TS,Encounter,0.00,0.00,$0.00,0,0,0
,Substance Abuse: Pharmalogical Support - Suboxane,,H0033,,Direct Observation Encounter,0.00,0.00,$0.00,0,0,0
,Health Services,,H0034,,15 Minutes,0.00,0.00,$0.00,0,0,0
,Home Based Services,,H0036,,15 Minutes,0.00,0.00,$0.00,0,0,0
,Home Based Services,,H0036,ST,15 Minutes,0.00,0.00,$0.00,0,0,0
,Community Psychiatric Supportive Treatment ,,H0037,,Per diem,0.00,0.00,$0.00,0,0,0
,Peer Directed and Operated Support Services,,H0038,,15 minutes,26.00,432.00,"$13,589.00",523,31,17
,Peer Directed and Operated Support Services,,NA,,,71.00,"1,059.00","$31,643.00",446,30,15
,Assertive Community Treatment (ACT),,H0039,,15 Minutes,58.00,"6,067.00","$531,078.00",9157,88,105
,Community Living Supports in Independent living/own home,,H0043,,Per diem,0.00,0.00,$0.00,0,0,0
,Community Living Supports in Independent living/own home,,H0043,TT,Per diem,1.00,58.00,"$5,513.00",5513,95,58
,Respite,,H0045,,Days,0.00,0.00,$0.00,0,0,0
,Respite (Children's Waiver),,H0045,TD,Per Diem,0.00,0.00,$0.00,0,0,0
,Respite (Children's Waiver),,H0045,TE,Per Diem,0.00,0.00,$0.00,0,0,0
,Substance Abuse:Laboratory (cells now unlocked),,H0048,,Encounter,0.00,0.00,$0.00,0,0,0
,Substance Abuse: Individual Assessment,,H0049,,Encounter,0.00,0.00,$0.00,0,0,0
,Behavior Treatment Plan Review,,H2000,,Encounter,1.00,2.00,$300.00,300,150,2
,Behavior Treatment Plan Review - Monitoring Activities,,H2000,TS,Encounter,1.00,1.00,$150.00,150,150,1
Northeast Michigan,,,,,,,,,,,
,Comprehensive Medication Services - EBP only,,H2010,,15 minutes,0.00,0.00,$0.00,0,0,0
,Crisis Intervention,,H2011,,15 Minutes,495.00,"1,895.00","$84,427.00",171,45,4
,Skill-Building and Out of Home Non Vocational Habilitation,,H2014,,15 minutes,1.00,"4,824.00","$16,065.00",16065,3,4824
,Skill-Building and Out of Home Non Vocational Habilitation,,H2014,TT,15 Minutes,1.00,275.00,"$1,153.00",1153,4,275
,Community Living Supports (15 Minutes),,H2015,,15 Minutes,196.00,"22,902.00","$386,410.00",1971,17,117
,Community Living Supports (15 Minutes),,H2015,TT,15 Minutes,5.00,133.00,"$1,496.00",299,11,27
,Community Living Supports (Daily),,H2016,,Per Diem,1.00,365.00,"$10,869.00",10869,30,365
,Community Living Supports (Daily),,H2016,TF,Per Diem,3.00,732.00,"$34,330.00",11443,47,244
,Community Living Supports (Daily),,H2016,TG,Per Diem,11.00,"3,161.00","$776,249.00",70568,246,287
,Behavior Services,,H2019,,15 Minutes,0.00,0.00,$0.00,0,0,0
,Behavior Services,,H2019,TT,15 Minutes,0.00,0.00,$0.00,0,0,0
,Crisis Intervention,,H2020,,Days,0.00,0.00,$0.00,0,0,0
,Wraparound,,H2021,,15 Minutes,0.00,0.00,$0.00,0,0,0
,Wraparound,,H2022,,Days,0.00,0.00,$0.00,0,0,0
,Supported Employment Services,,H2023,,15 minutes,14.00,"5,107.00","$34,164.00",2440,7,365
,Supported Employment Services,,H2023,TT,15 Minutes,1.00,16.00,$683.00,683,43,16
,Mental Health Therapy,,H2027,,15 Minutes,0.00,0.00,$0.00,0,0,0
,Clubhouse Psychosocial Rehabilitation Programs ,,H2030,,15 Minutes,55.00,"26,290.00","$326,806.00",5942,12,478
,Home Based Services,,H2033,,15 Minutes,0.00,0.00,$0.00,0,0,0
,Substance Abuse: Outpatient Care,"0900, 0906, 0914, 0915, 0916, 0919",H2035,,Hour,0.00,0.00,$0.00,0,0,0
,Substance Abuse: Outpatient Care,"0900, 0906, 0914, 0915, 0916, 0919",H2036,,Per Diem,0.00,0.00,$0.00,0,0,0
,Medication Review ,,M0064,,"Encounter Face-to-Face, generally less than 10 minutes",3.00,4.00,$534.00,178,133,1
,Transportation,,S0209,,Per Mile,0.00,0.00,$0.00,0,0,0
,Transportation,,S0215,,Per Mile,0.00,0.00,$0.00,0,0,0
,Family Training - EBP,,S5110,,15 Minutes,3.00,38.00,"$1,098.00",366,29,13
,Family Training,,S5111,,Encounter,0.00,0.00,$0.00,0,0,0
,Family Training,,S5111,HA,Encounter,0.00,0.00,$0.00,0,0,0
,"Home Care Training, Non-Family (Children's Waiver)",,S5116,,Encounter,0.00,0.00,$0.00,0,0,0
,Chore Services,,S5120,,15 Minutes,0.00,0.00,$0.00,0,0,0
,Foster Care,,S5140,,Days,0.00,0.00,$0.00,0,0,0
,Foster Care,,S5145,,Days,0.00,0.00,$0.00,0,0,0
,Respite,,S5150,,15 Minutes,0.00,0.00,$0.00,0,0,0
,Respite,,S5151,,Per Diem,0.00,0.00,$0.00,0,0,0
,Personal Emergency Response System (PERS),,S5160,,Encounter,1.00,1.00,$50.00,50,50,1
,Personal Emergency Response System (PERS),,S5161,,Month,2.00,14.00,"$7,979.00",3990,570,7
,Environmental Modification ,,S5165,,Service,0.00,0.00,$0.00,0,0,0
,Enhanced Medical Equipment-Supplies,,S5199,,Items,0.00,0.00,$0.00,0,0,0
,Occupational or Physical Therapy,,S8990,,Encounter,0.00,0.00,$0.00,0,0,0
,Private Duty Nursing,0582,S9123,,Hour,0.00,0.00,$0.00,0,0,0
,Private Duty Nursing,,S9123,,Hour,0.00,0.00,$0.00,0,0,0
,Private Duty Nursing,,S9123,TT,Hour,0.00,0.00,$0.00,0,0,0
,Private Duty Nursing,0582,S9124,,Hour,0.00,0.00,$0.00,0,0,0
,Private Duty Nursing,,S9124,,Hour,0.00,0.00,$0.00,0,0,0
,Private Duty Nursing,,S9124,TT,Hour,0.00,0.00,$0.00,0,0,0
,Respite Care in the Home (RN) (Children's Waiver),,S9125,TD,Per Diem,0.00,0.00,$0.00,0,0,0
,Respite Care in the Home (LPN) (Children's Waiver),,S9125,TE,Per Diem,0.00,0.00,$0.00,0,0,0
,Health Services,,S9445,,Encounter,0.00,0.00,$0.00,0,0,0
,Health Services,,S9446,,Encounter,0.00,0.00,$0.00,0,0,0
Northeast Michigan,,,,,,,,,,,
,Health Services,,S9470,,Encounter,0.00,0.00,$0.00,0,0,0
,Intensive Crisis Stabilization-Enrolled Program,,S9484,,Hour,0.00,0.00,$0.00,0,0,0
,Reidential Room and Board,,S9976,,Days,0.00,0.00,$0.00,0,0,0
,Private Duty Nursing,,T1000,,Up to 15 min,0.00,0.00,$0.00,0,0,0
,Private Duty Nursing,,T1000,TD,Up to 15 min,0.00,0.00,$0.00,0,0,0
,Private Duty Nursing,,T1000,TE,Up to 15 min,0.00,0.00,$0.00,0,0,0
,Assessment,,T1001,,Encounter,0.00,0.00,$0.00,0,0,0
,Health Services,,T1002,,Up to 15 min,1.00,2.00,$63.00,63,31,2
,Respite Care,,T1005,,15 Minutes,0.00,0.00,$0.00,0,0,0
,Respite Care,,T1005,TD,15 Minutes,0.00,0.00,$0.00,0,0,0
,Respite Care,,T1005,TE,15 Minutes,0.00,0.00,$0.00,0,0,0
,Substance Abuse: Recovery Support Services,"0900, 0906, 0914, 0915, 0916, 0919",T1012,,Encounter,0.00,0.00,$0.00,0,0,0
,Family Psycho-Education - EBP,,T1015,,Encounter,4.00,11.00,"$5,666.00",1416,515,3
,Supports Coordination/Wrap Facilitation,,T1016,,15 minutes,140.00,"1,797.00","$185,472.00",1325,103,13
,Targeted Case Management ,,T1017,,15 minutes,198.00,"5,283.00","$565,862.00",2858,107,27
,Nursing Home Mental Health Monitoring,,T1017,SE,15 minutes,61.00,852.00,"$99,657.00",1634,117,14
,Personal Care in Licensed Specialized Residential Setting,,T1020,,Days,13.00,"3,032.00","$58,943.00",4534,19,233
,Personal Care in Licensed Specialized Residential Setting,,T1020,TF,Days,8.00,955.00,"$41,261.00",5158,43,119
,Personal Care in Licensed Specialized Residential Setting,,T1020,TG,Days,2.00,236.00,"$30,255.00",15128,128,118
,Assessments,,T1023,,Encounter,233.00,332.00,"$66,677.00",286,201,1
,Enhanced Medical Supplies or Pharmacy,,T1999,,Items,0.00,0.00,$0.00,0,0,0
,Transportation,,T2001,,Encounter,0.00,0.00,$0.00,0,0,0
,Transportation,,T2002,,Per Diem,0.00,0.00,$0.00,0,0,0
,Transportation,,T2003,,Encounter / Trip,1.00,1.00,$1.00,1,1,1
,Transportation,,T2004,,Encounter,0.00,0.00,$0.00,0,0,0
,Transportation,,T2005,,Encounter,0.00,0.00,$0.00,0,0,0
,Out of Home Prevocational Service,,T2015,,Hour,0.00,0.00,$0.00,0,0,0
,Targeted Case Management (Children's Waiver),,T2023,,Month,0.00,0.00,$0.00,0,0,0
,Fiscal Intermediary Services,,T2025,,Month,0.00,0.00,$0.00,0,0,0
,Enhanced Medical Equipment-Supplies,,T2028,,Items,0.00,0.00,$0.00,0,0,0
,Enhanced Medical Equipment-Supplies,,T2029,,Items,0.00,0.00,$0.00,0,0,0
,Crisis Intervention,,T2034,,Days,0.00,0.00,$0.00,0,0,0
,Respite Care,,T2036,,Encounter / Trip. Per session. One night = one session,0.00,0.00,$0.00,0,0,0
,Respite Care,,T2037,,Encounter / Trip  Per session. One day/partial day = one session,0.00,0.00,$0.00,0,0,0
,Housing Assistance,,T2038,,Month   Service,1.00,1.00,$730.00,730,730,1
,Enhanced Medical Equipment-Supplies,,T2039,,Items,0.00,0.00,$0.00,0,0,0
,Pharmacy (Drugs and Other Biologicals),,,,,0.00,0.00,$0.00,0,0,0
,Other,,,,,0.00,0.00,$0.00,0,0,0
,Aggregate for 'J' Codes,,ALL,,,39.00,0.00,"$46,902.00",1203,0,0
Northern Lakes,,,,,,,,,,,
,State Psychiatric Hospital - Inpatient PT22,"0100, 0101, 0114, 0124, 0134, 0154",,PT22,Days,0.00,0.00,$0.00,0,0,0
,State Mental Retardation Facility - Inpatient (ICF/MR) PT65,"0100, 0101, 0114, 0124, 0134, 0154",,PT65,Days,19.00,"1,123.00","$481,110.00",25322,428,59
,Local Psychiatric Hospital/IMD PT68,"0100, 0101, 0114, 0124, 0134, 0154",,PT68,Days,2.00,11.00,"$7,107.00",3554,646,6
,Local Psychiatric Hospital - Acute Community PT73,"0100, 0101, 0114, 0124, 0134, 0154",,PT73,Days,336.00,"2,693.00","$1,732,100.00",5155,643,8
,Inpatient Hospital Ancillary Services - Leave of Absence,0183,,,Days,0.00,0.00,$0.00,0,0,0
,Inpatient Hospital Ancillary Services - Pharmacy,"0250-0254, 0257-0258 ",,,,0.00,0.00,$0.00,0,0,0
,Inpatient Hospital Ancillary Services - Medical/Surgical Supplies and Devices,0270-0272,,,# of items,0.00,0.00,$0.00,0,0,0
,Inpatient Hospital Ancillary Services - Laboratory,"0300-0302, 0305-0307",,,# of tests,0.00,0.00,$0.00,0,0,0
,Inpatient Hospital Ancillary Services - Radiology,0320,,,# of tests,0.00,0.00,$0.00,0,0,0
,ECT Anesthesia,0370,,,,0.00,0.00,$0.00,0,0,0
,Inpatient Hospital Ancillary Services - Respiratory Services,0410,,,# of treatments,0.00,0.00,$0.00,0,0,0
,Inpatient Hospital Ancillary Services -Physical Therapy,0420-0424,,,# of treatments,0.00,0.00,$0.00,0,0,0
,Inpatient Hospital Ancillary Services - Occupational Therapy,0430-0434,,,# of treatments,0.00,0.00,$0.00,0,0,0
,Inpatient Hospital Ancillary Services - Speech-Language Pathology,0440-0444,,,# of treatments,0.00,0.00,$0.00,0,0,0
,Inpatient Hospital Ancillary Services - Emergency Room,0450,,,# of visits,0.00,0.00,$0.00,0,0,0
,Inpatient Hospital Ancillary Services - Pulmonary Function,0460,,,# of tests,0.00,0.00,$0.00,0,0,0
,Inpatient Hospital Ancillary Services - Audiology,0470-0472,,,# of tests,0.00,0.00,$0.00,0,0,0
,Inpatient Hospital Ancillary Services - Magnetic Resonance Technology (MRT),0610-0611,,,# of tests,0.00,0.00,$0.00,0,0,0
,Inpatient Hospital Ancillary Services - Pharmacy,0636,,,# of units,0.00,0.00,$0.00,0,0,0
,ECT Recovery Room,0701,,,,0.00,0.00,$0.00,0,0,0
,Inpatient Hospital Ancillary Services -EKG/ECG,0730-0731,,,# of tests,0.00,0.00,$0.00,0,0,0
,Inpatient Hospital Ancillary Services - EEG,0740,,,# of tests,0.00,0.00,$0.00,0,0,0
,Crisis Observation Care,0762,,,Hour,0.00,0.00,$0.00,0,0,0
,Additional Codes-ECT Facility Charge,0901,,,Encounter,0.00,0.00,$0.00,0,0,0
,Inpatient Hospital Ancillary Services - Psychiatric/Psychological Treatments/Services,"0900, 0902-0904, 0911, 0914-0919",,,# of visits,0.00,0.00,$0.00,0,0,0
,Outpatient Partial Hospitalization,0912,,,Days,18.00,91.00,"$36,719.00",2040,404,5
,Outpatient Partial Hospitalization,0913,,,Days,0.00,0.00,$0.00,0,0,0
,Inpatient Hospital Ancillary Services - Other Diagnosis Services,0925,,,# of tests,0.00,0.00,$0.00,0,0,0
,Inpatient Hospital Ancillary Services - Other Therapeutic Services,0940-0942,,,# of visits,0.00,0.00,$0.00,0,0,0
,Additional Codes-ECT Anesthesia,,00104,,Minutes,3.00,672.00,"$2,524.00",841,4,224
,Drug Screen for Methadone Clients Only,,80100,,Per Screen,0.00,0.00,$0.00,0,0,0
,Drug Screen for Methadone Clients Only,,80101,,Per Screen,0.00,0.00,$0.00,0,0,0
,Alcohol Breath Test for Methadone Clients Only,,82075,,Per Test,0.00,0.00,$0.00,0,0,0
,Medication Administration,,90772,,Encounter,83.00,408.00,"$28,211.00",340,69,5
,Assessment-Psychiatric Assessment,,90801,,Encounter,727.00,758.00,"$240,933.00",331,318,1
,Substance Abuse: Psychiatric Evaluation,,90801,,Encounter,0.00,0.00,$0.00,0,0,0
,Assessment-Psychiatric Assessment,,90802,,Encounter,1.00,1.00,$201.00,201,201,1
,Substance Abuse: Psychiatric Evaluation,,90802,,Encounter,0.00,0.00,$0.00,0,0,0
,Therapy-Individual Therapy,,90804,,Encounter 20-30 Min,340.00,558.00,"$43,765.00",129,78,2
,Substance Abuse: Outpatient Treatment,"0900, 0914, 0915, 0916, 0919",90804,,Encounter 20-30 Min,0.00,0.00,$0.00,0,0,0
Northern Lakes,,,,,,,,,,,
,Therapy-Individual Therapy,,90805,,Encounter 20-30 Min,0.00,0.00,$0.00,0,0,0
,Substance Abuse: Outpatient Treatment,"0900, 0914, 0915, 0916, 0919",90805,,Encounter 20-30 Min,0.00,0.00,$0.00,0,0,0
,Therapy-Individual Therapy,,90806,,Encounter 45-50 Min,"1,016.00","5,653.00","$717,565.00",706,127,6
,Substance Abuse: Outpatient Treatment,"0900, 0914, 0915, 0916, 0919",90806,,Encounter 45-50 Min,0.00,0.00,$0.00,0,0,0
,Therapy-Individual Therapy,,90807,,Encounter 45-50 Min,1.00,1.00,$227.00,227,227,1
,Substance Abuse: Outpatient Treatment,"0900, 0914, 0915, 0916, 0919",90807,,Encounter 45-50 Min,0.00,0.00,$0.00,0,0,0
,Therapy-Individual Therapy,,90808,,Encounter 75-80 Min,28.00,37.00,"$9,622.00",344,260,1
,Substance Abuse: Outpatient Treatment,"0900, 0914, 0915, 0916, 0919",90808,,Encounter 75-80 Min,0.00,0.00,$0.00,0,0,0
,Therapy-Individual Therapy,,90809,,Encounter 75-80 Min,1.00,1.00,$191.00,191,191,1
,Substance Abuse: Outpatient Treatment,"0900, 0914, 0915, 0916, 0919",90809,,Encounter 75-80 Min,0.00,0.00,$0.00,0,0,0
,Therapy-Individual Therapy,,90810,,Encounter 20-30 Min,0.00,0.00,$0.00,0,0,0
,Substance Abuse: Outpatient Treatment,"0900, 0914, 0915, 0916, 0919",90810,,Encounter 20-30 Min,0.00,0.00,$0.00,0,0,0
,Therapy-Individual Therapy,,90811,,Encounter 20-30 Min,0.00,0.00,$0.00,0,0,0
,Substance Abuse: Outpatient Treatment,"0900, 0914, 0915, 0916, 0919",90811,,Encounter 20-30 Min,0.00,0.00,$0.00,0,0,0
,Therapy-Individual Therapy,,90812,,Encounter 45-50 Min,0.00,0.00,$0.00,0,0,0
,Substance Abuse: Outpatient Treatment,"0900, 0914, 0915, 0916, 0919",90812,,Encounter 45-50 Min,0.00,0.00,$0.00,0,0,0
,Therapy-Individual Therapy,,90813,,Encounter 45-50 Min,0.00,0.00,$0.00,0,0,0
,Substance Abuse: Outpatient Treatment,"0900, 0914, 0915, 0916, 0919",90813,,Encounter 45-50 Min,0.00,0.00,$0.00,0,0,0
,Therapy-Individual Therapy,,90814,,Encounter 75-80 Min,0.00,0.00,$0.00,0,0,0
,Substance Abuse: Outpatient Treatment,"0900, 0914, 0915, 0916, 0919",90814,,Encounter 75-80 Min,0.00,0.00,$0.00,0,0,0
,Therapy-Individual Therapy,,90815,,Encounter 75-80 Min,0.00,0.00,$0.00,0,0,0
,Substance Abuse: Outpatient Treatment,"0900, 0914, 0915, 0916, 0919",90815,,Encounter 75-80 Min,0.00,0.00,$0.00,0,0,0
,Therapy-Individual Therapy,,90816,,Encounter 20-30 Min,0.00,0.00,$0.00,0,0,0
,Therapy-Individual Therapy,,90817,,Encounter 20-30 Min,0.00,0.00,$0.00,0,0,0
,Therapy-Individual Therapy,,90818,,Encounter 45-50 Min,0.00,0.00,$0.00,0,0,0
,Therapy-Individual Therapy,,90819,,Encounter 45-50 Min,0.00,0.00,$0.00,0,0,0
,Therapy-Individual Therapy,,90821,,Encounter 75-80 Min,0.00,0.00,$0.00,0,0,0
,Therapy-Individual Therapy,,90822,,Encounter 75-80 Min,0.00,0.00,$0.00,0,0,0
,Therapy-Individual Therapy,,90823,,Encounter 20-30 Min,0.00,0.00,$0.00,0,0,0
,Therapy-Individual Therapy,,90824,,Encounter 20-30 Min,0.00,0.00,$0.00,0,0,0
,Therapy-Individual Therapy,,90826,,Encounter 45-50 Min,0.00,0.00,$0.00,0,0,0
,Substance Abuse: Psychotherapy (Individual Therapy),,90826,,Encounter 45-50 Min,0.00,0.00,$0.00,0,0,0
,Therapy-Individual Therapy,,90827,,Encounter 45-50 Min,0.00,0.00,$0.00,0,0,0
,Therapy-Individual Therapy,,90828,,Encounter 75-80 Min,0.00,0.00,$0.00,0,0,0
,Therapy-Individual Therapy,,90829,,Encounter 75-80 Min,0.00,0.00,$0.00,0,0,0
,Therapy-Family Therapy,,90846,,Encounter,2.00,2.00,$173.00,87,87,1
,Therapy-Family Therapy,,90847,,Encounter,23.00,84.00,"$11,963.00",520,142,4
,Substance Abuse: Outpatient Treatment,"0900, 0906, 0914, 0915, 0916, 0919",90847,,Encounter,0.00,0.00,$0.00,0,0,0
,Therapy-Family Therapy,,90849,,Encounter,0.00,0.00,$0.00,0,0,0
,Therapy-Family Therapy,,90849,HS,Encounter,0.00,0.00,$0.00,0,0,0
Northern Lakes,,,,,,,,,,,
,Therapy-Group Therapy,,90853,,Encounter,295.00,"2,919.00","$415,710.00",1409,142,10
,Substance Abuse: Outpatient Treatment,"0900, 0906, 0914, 0915, 0916, 0919",90853,,Encounter,0.00,0.00,$0.00,0,0,0
,Therapy-Group Therapy,,90857,,Encounter,0.00,0.00,$0.00,0,0,0
,Substance Abuse: Outpatient Treatment,"0900, 0906, 0914, 0915, 0916, 0919",90857,,Encounter,0.00,0.00,$0.00,0,0,0
,Medication Review ,,90862,,Encounter,"1,803.00","6,717.00","$880,352.00",488,131,4
,Substance Abuse: Medication Review,"0900, 0914, 0915, 0916, 0919",90862,,Encounter,0.00,0.00,$0.00,0,0,0
,Additional Codes-ECT Physician,,90870,,Encounter,0.00,0.00,$0.00,0,0,0
,Additional Codes-ECT Physician,0901,90870,,Encounter,3.00,32.00,"$7,860.00",2620,246,11
,Assessments-Other,,90887,,Encounter,125.00,147.00,"$29,279.00",234,199,1
,Speech & Language Therapy ,,92506,,Encounter,0.00,0.00,$0.00,0,0,0
,Speech & Language Therapy ,,92507,,Encounter,0.00,0.00,$0.00,0,0,0
,Speech & Language Therapy ,,92508,,Encounter,0.00,0.00,$0.00,0,0,0
,Speech & Language Therapy ,,92526,,Encounter,0.00,0.00,$0.00,0,0,0
,Speech & Language Therapy ,,92610,,Encounter,0.00,0.00,$0.00,0,0,0
,Evaluation of Auditory Rehabilitation Status (Children's Waiver),,92626,,First Hour,0.00,0.00,$0.00,0,0,0
,Evaluation of Auditory Rehabiliation Status (Children's Waiver),,92627,,Each Additional 15 Minutes,0.00,0.00,$0.00,0,0,0
,Auditory Rehabilitation Preling Hearing Loss (Children's Waiver),,92630,,Encounter,0.00,0.00,$0.00,0,0,0
,Auditory Rehabilitation; Post-Lingual Hearing Loss (Children's Waiver),,92633,,Encounter,0.00,0.00,$0.00,0,0,0
,Psychological Testing PSYCH/PHYS ,,96101,,Per Hour,17.00,115.00,"$19,226.00",1131,167,7
,Psychological Testing by Technician ,,96102,,Per Hour,0.00,0.00,$0.00,0,0,0
,Psychological Testing by Comp ,,96103,,Per Hour,0.00,0.00,$0.00,0,0,0
,Assessments-Other,,96105,,Encounter,0.00,0.00,$0.00,0,0,0
,Assessments-Other,,96110,,Encounter,1.00,1.00,$285.00,285,285,1
,Assessments-Other,,96111,,Encounter,0.00,0.00,$0.00,0,0,0
,Neurobehavioral Status Exam (Children's Waiver),,96116,,Per Hour,0.00,0.00,$0.00,0,0,0
,Neuropsych test by Psych/Phys ,,96118,,Per Hour,0.00,0.00,$0.00,0,0,0
,Neuropsych test by Tech ,,96119,,Per Hour,0.00,0.00,$0.00,0,0,0
,Neuropsych test Admin w/Comp ,,96120,,Per Hour,0.00,0.00,$0.00,0,0,0
,Medication Administration,,96372,,Encounter,0.00,0.00,$0.00,0,0,0
,Physical Therapy,,97001,,Encounter,1.00,1.00,$245.00,245,245,1
,Physical Therapy,,97002,,Encounter,0.00,0.00,$0.00,0,0,0
,Occupational Therapy,,97003,,Encounter,2.00,3.00,$706.00,353,235,2
,Occupational Therapy,,97004,,Encounter,0.00,0.00,$0.00,0,0,0
,Occupational or Physical Therapy,,97110,,15 Minutes,0.00,0.00,$0.00,0,0,0
,Occupational or Physical Therapy,,97112,,15 Minutes,0.00,0.00,$0.00,0,0,0
,Occupational or Physical Therapy,,97113,,15 Minutes,0.00,0.00,$0.00,0,0,0
,Occupational or Physical Therapy,,97116,,15 Minutes,0.00,0.00,$0.00,0,0,0
,Occupational or Physical Therapy,,97124,,15 Minutes,0.00,0.00,$0.00,0,0,0
,Occupational or Physical Therapy,,97140,,15 Minutes,0.00,0.00,$0.00,0,0,0
,Occupational or Physical Therapy,,97150,,Encounter,0.00,0.00,$0.00,0,0,0
,Occupational or Physical Therapy,,97530,,15 Minutes,0.00,0.00,$0.00,0,0,0
,Occupational or Physical Therapy,,97532,,15 Minutes,0.00,0.00,$0.00,0,0,0
,Occupational or Physical Therapy,,97533,,15 Minutes,0.00,0.00,$0.00,0,0,0
,Occupational or Physical Therapy,,97535,,15 Minutes,0.00,0.00,$0.00,0,0,0
,Occupational or Physical Therapy,,97537,,15 Minutes,0.00,0.00,$0.00,0,0,0
,Occupational or Physical Therapy,,97542,,15 Minutes,0.00,0.00,$0.00,0,0,0
,Occupational Therapy,,97703,,15 Minutes,0.00,0.00,$0.00,0,0,0
Northern Lakes,,,,,,,,,,,
,Occupational Therapy,,97750,,15 Minutes,0.00,0.00,$0.00,0,0,0
,Occupational Therapy,,97755,,15 Minutes,0.00,0.00,$0.00,0,0,0
,Occupational Therapy,,97760,,15 Minutes,0.00,0.00,$0.00,0,0,0
,C/O for Orthotic/Prosth Use ,,97762,,15 minutes,0.00,0.00,$0.00,0,0,0
,Assessment or Health Services,,97802,,15 Minutes,2.00,24.00,$297.00,149,12,12
,Assessment or Health Services,,97803,,15 Minutes,19.00,299.00,"$3,703.00",195,12,16
,Health Services,,97804,,30 Minutes,59.00,"2,523.00","$67,697.00",1147,27,43
,Additional Codes-Physician Services,,99201,,Encounter,0.00,0.00,$0.00,0,0,0
,Additional Codes-Physician Services,,99202,,Encounter,0.00,0.00,$0.00,0,0,0
,Additional Codes-Physician Services,,99203,,Encounter,0.00,0.00,$0.00,0,0,0
,Additional Codes-Physician Services,,99204,,Encounter,0.00,0.00,$0.00,0,0,0
,Additional Codes-Physician Services,,99205,,Encounter,0.00,0.00,$0.00,0,0,0
,Additional Codes-Physician Services  Medication Administration,,99211,,Encounter,105.00,"1,283.00","$257,104.00",2449,200,12
,Additional Codes-Physician Services,,99212,,Encounter,0.00,0.00,$0.00,0,0,0
,Additional Codes-Physician Services,,99213,,Encounter,0.00,0.00,$0.00,0,0,0
,Additional Codes-Physician Services,,99214,,Encounter,0.00,0.00,$0.00,0,0,0
,Additional Codes-Physician Services,,99215,,Encounter,0.00,0.00,$0.00,0,0,0
,Additional Codes-Physician Services,,99221,,30 Minutes,0.00,0.00,$0.00,0,0,0
,Additional Codes-Physician Services,,99222,,50 Minutes,0.00,0.00,$0.00,0,0,0
,Additional Codes-Physician Services,,99223,,70 Minutes,0.00,0.00,$0.00,0,0,0
,Additional Codes-Physician Services,,99231,,15 Minutes,0.00,0.00,$0.00,0,0,0
,Additional Codes-Physician Services,,99232,,25 minutes,0.00,0.00,$0.00,0,0,0
,Additional Codes-Physician Services,,99233,,35 Minutes,0.00,0.00,$0.00,0,0,0
,Additional Codes-Physician Services,,99238,,30 Minutes or less,0.00,0.00,$0.00,0,0,0
,Additional Codes-Physician Services,,99241,,Encounter,0.00,0.00,$0.00,0,0,0
,Additional Codes-Physician Services,,99242,,Encounter,0.00,0.00,$0.00,0,0,0
,Additional Codes-Physician Services,,99243,,Encounter,0.00,0.00,$0.00,0,0,0
,Additional Codes-Physician Services,,99244,,Encounter,0.00,0.00,$0.00,0,0,0
,Additional Codes-Physician Services,,99245,,Encounter,0.00,0.00,$0.00,0,0,0
,Additional Codes-Physician Services,,99251,,Encounter,3.00,3.00,$139.00,46,46,1
,Additional Codes-Physician Services,,99252,,Encounter,1.00,1.00,$93.00,93,93,1
,Additional Codes-Physician Services,,99253,,Encounter,3.00,3.00,$418.00,139,139,1
,Additional Codes-Physician Services,,99254,,Encounter,0.00,0.00,$0.00,0,0,0
,Additional Codes-Physician Services,,99255,,Encounter,0.00,0.00,$0.00,0,0,0
,Additional Codes-Physician Services,,99261,,Encounter,0.00,0.00,$0.00,0,0,0
,Additional Codes-Physician Services,,99262,,Encounter,0.00,0.00,$0.00,0,0,0
,Additional Codes-Physician Services,,99263,,Encounter,0.00,0.00,$0.00,0,0,0
,Additional Codes-Physician Services,,99271,,Encounter,0.00,0.00,$0.00,0,0,0
,Additional Codes-Physician Services,,99272,,Encounter,0.00,0.00,$0.00,0,0,0
,Additional Codes-Physician Services,,99273,,Encounter,0.00,0.00,$0.00,0,0,0
,Additional Codes-Physician Services,,99274,,Encounter,0.00,0.00,$0.00,0,0,0
,Additional Codes-Physician Services,,99275,,Encounter,0.00,0.00,$0.00,0,0,0
,Medication Administration,,99605,,Encounter,0.00,0.00,$0.00,0,0,0
,Transportation,,A0080,,Per mile,0.00,0.00,$0.00,0,0,0
,Transportation,,A0090,,Per mile,0.00,0.00,$0.00,0,0,0
,Transportation,,A0100,,Per one-way trip,0.00,0.00,$0.00,0,0,0
,Transportation,,A0110,,Per one-way trip,0.00,0.00,$0.00,0,0,0
,Transportation,,A0120,,Per one-way trip,0.00,0.00,$0.00,0,0,0
,Transportation,,A0130,,Per one-way trip,0.00,0.00,$0.00,0,0,0
,Transportation,,A0140,,Per one-way trip,0.00,0.00,$0.00,0,0,0
Northern Lakes,,,,,,,,,,,
,Transportation,,A0170,,,0.00,0.00,$0.00,0,0,0
,Additional Codes-Transportation,,A0425,,Per Mile,0.00,0.00,$0.00,0,0,0
,Additional Codes-Transportation,,A0427,,Refer to code descriptions.,0.00,0.00,$0.00,0,0,0
,Additional codes - Transportation,,A0428,,,0.00,0.00,$0.00,0,0,0
,Repair or Non-Routine Service for DME (Children's Waiver),,E1340,,15 Minutes,0.00,0.00,$0.00,0,0,0
,Enhanced Medical Equipment-Supplies,,E1399,,Items,0.00,0.00,$0.00,0,0,0
,Activity Therapy (Children's Waiver),,G0176,,Encounter,0.00,0.00,$0.00,0,0,0
,Family Training/Support EBP only,,G0177,,Encounter Session at least 45 min,13.00,155.00,"$34,391.00",2645,222,12
,Substance Abuse: Individual Assessment,,H0001,,Encounter,0.00,0.00,$0.00,0,0,0
,Assessment ,,H0002,,Encounter,20.00,22.00,"$2,429.00",121,110,1
,Substance Abuse: Individual Assessment,,H0002,,Encounter,0.00,0.00,$0.00,0,0,0
,Substance Abuse:Laboratory,,H0003,,Encounter,0.00,0.00,$0.00,0,0,0
,Substance Abuse: Outpatient Treatment,"0900, 0906, 0914, 0915, 0916, 0919",H0004,,15 Minutes,0.00,0.00,$0.00,0,0,0
,Substance Abuse: Outpatient Treatment,"0900, 0906, 0914, 0915, 0916, 0919",H0005,,Encounter,0.00,0.00,$0.00,0,0,0
,Substance Abuse: Case Management,,H0006,,Encounter,0.00,0.00,$0.00,0,0,0
,Substance Abuse: Sub-Acute Detoxification,1002,H0010,,Days,0.00,0.00,$0.00,0,0,0
,Substance Abuse: Sub-Acute Detoxification,1002,H0012,,Days,0.00,0.00,$0.00,0,0,0
,Substance Abuse: Sub-Acute Detoxification,1002,H0014,,Days,0.00,0.00,$0.00,0,0,0
,Substance Abuse: Outpatient Care,"0900, 0906, 0914, 0915, 0916, 0919",H0015,,Days,0.00,0.00,$0.00,0,0,0
,Crisis Residential Services,,H0018,,Days,96.00,984.00,"$287,381.00",2994,292,10
,Substance Abuse: Residential,1002,H0018,,Days,0.00,0.00,$0.00,0,0,0
,Substance Abuse: Residential,1002,H0019,,Days,0.00,0.00,$0.00,0,0,0
,Substance Abuse: Methadone,,H0020,,Encounter,0.00,0.00,$0.00,0,0,0
,Substance Abuse: Early Intervention,,H0022,,Encounter,0.00,0.00,$0.00,0,0,0
,Peer Directed and Operated Support Services,,H0023,,Encounter,0.00,0.00,$0.00,0,0,0
,Prevention Services - Direct Model,,H0025,,Face to Face Contact,1.00,1.00,$38.00,38,38,1
,Crisis Intervention,,H0030,,Per Service,0.00,0.00,$0.00,0,0,0
,Assessment ,,H0031,,Encounter,"1,506.00","1,586.00","$366,630.00",243,231,1
,Substance Abuse: Assessment,,H0031,,Encounter,0.00,0.00,$0.00,0,0,0
,Treatment Planning,,H0032,,Encounter,"1,010.00","1,325.00","$415,687.00",412,314,1
,Monitoring of Treatment - Clinician,,H0032,TS,Encounter,1.00,1.00,$165.00,165,165,1
,Substance Abuse: Pharmalogical Support - Suboxane,,H0033,,Direct Observation Encounter,0.00,0.00,$0.00,0,0,0
,Health Services,,H0034,,15 Minutes,26.00,141.00,"$5,529.00",213,39,5
,Home Based Services,,H0036,,15 Minutes,6.00,668.00,"$33,779.00",5630,51,111
,Home Based Services,,H0036,ST,15 Minutes,0.00,0.00,$0.00,0,0,0
,Community Psychiatric Supportive Treatment ,,H0037,,Per diem,0.00,0.00,$0.00,0,0,0
,Peer Directed and Operated Support Services,,H0038,,15 minutes,234.00,"13,667.00","$239,772.00",1025,18,58
,Peer Directed and Operated Support Services,,NA,,,1.00,1.00,"$157,427.00",157427,157427,1
,Assertive Community Treatment (ACT),,H0039,,15 Minutes,138.00,"16,515.00","$1,244,167.00",9016,75,120
,Community Living Supports in Independent living/own home,,H0043,,Per diem,0.00,0.00,$0.00,0,0,0
,Community Living Supports in Independent living/own home,,H0043,TT,Per diem,0.00,0.00,$0.00,0,0,0
,Respite,,H0045,,Days,0.00,0.00,$0.00,0,0,0
,Respite (Children's Waiver),,H0045,TD,Per Diem,0.00,0.00,$0.00,0,0,0
,Respite (Children's Waiver),,H0045,TE,Per Diem,0.00,0.00,$0.00,0,0,0
,Substance Abuse:Laboratory (cells now unlocked),,H0048,,Encounter,0.00,0.00,$0.00,0,0,0
,Substance Abuse: Individual Assessment,,H0049,,Encounter,0.00,0.00,$0.00,0,0,0
,Behavior Treatment Plan Review,,H2000,,Encounter,12.00,49.00,"$12,490.00",1041,255,4
,Behavior Treatment Plan Review - Monitoring Activities,,H2000,TS,Encounter,13.00,55.00,"$13,622.00",1048,248,4
Northern Lakes,,,,,,,,,,,
,Comprehensive Medication Services - EBP only,,H2010,,15 minutes,0.00,0.00,$0.00,0,0,0
,Crisis Intervention,,H2011,,15 Minutes,"1,489.00","8,062.00","$757,114.00",508,94,5
,Skill-Building and Out of Home Non Vocational Habilitation,,H2014,,15 minutes,1.00,16.00,$39.00,39,2,16
,Skill-Building and Out of Home Non Vocational Habilitation,,H2014,TT,15 Minutes,20.00,"19,152.00","$47,831.00",2392,2,958
,Community Living Supports (15 Minutes),,H2015,,15 Minutes,180.00,"32,772.00","$182,631.00",1015,6,182
,Community Living Supports (15 Minutes),,H2015,TT,15 Minutes,93.00,"2,615.00","$6,720.00",72,3,28
,Community Living Supports (Daily),,H2016,,Per Diem,7.00,751.00,"$22,476.00",3211,30,107
,Community Living Supports (Daily),,H2016,TF,Per Diem,31.00,"8,369.00","$570,026.00",18388,68,270
,Community Living Supports (Daily),,H2016,TG,Per Diem,92.00,"9,045.00","$1,129,461.00",12277,125,98
,Behavior Services,,H2019,,15 Minutes,0.00,0.00,$0.00,0,0,0
,Behavior Services,,H2019,TT,15 Minutes,0.00,0.00,$0.00,0,0,0
,Crisis Intervention,,H2020,,Days,0.00,0.00,$0.00,0,0,0
,Wraparound,,H2021,,15 Minutes,0.00,0.00,$0.00,0,0,0
,Wraparound,,H2022,,Days,0.00,0.00,$0.00,0,0,0
,Supported Employment Services,,H2023,,15 minutes,0.00,0.00,$0.00,0,0,0
,Supported Employment Services,,H2023,TT,15 Minutes,4.00,"2,641.00","$7,441.00",1860,3,660
,Mental Health Therapy,,H2027,,15 Minutes,0.00,0.00,$0.00,0,0,0
,Clubhouse Psychosocial Rehabilitation Programs ,,H2030,,15 Minutes,138.00,"176,787.00","$591,116.00",4283,3,1281
,Home Based Services,,H2033,,15 Minutes,0.00,0.00,$0.00,0,0,0
,Substance Abuse: Outpatient Care,"0900, 0906, 0914, 0915, 0916, 0919",H2035,,Hour,0.00,0.00,$0.00,0,0,0
,Substance Abuse: Outpatient Care,"0900, 0906, 0914, 0915, 0916, 0919",H2036,,Per Diem,0.00,0.00,$0.00,0,0,0
,Medication Review ,,M0064,,"Encounter Face-to-Face, generally less than 10 minutes","1,029.00","1,704.00","$130,130.00",126,76,2
,Transportation,,S0209,,Per Mile,0.00,0.00,$0.00,0,0,0
,Transportation,,S0215,,Per Mile,0.00,0.00,$0.00,0,0,0
,Family Training - EBP,,S5110,,15 Minutes,3.00,64.00,"$2,246.00",749,35,21
,Family Training,,S5111,,Encounter,0.00,0.00,$0.00,0,0,0
,Family Training,,S5111,HA,Encounter,0.00,0.00,$0.00,0,0,0
,"Home Care Training, Non-Family (Children's Waiver)",,S5116,,Encounter,0.00,0.00,$0.00,0,0,0
,Chore Services,,S5120,,15 Minutes,0.00,0.00,$0.00,0,0,0
,Foster Care,,S5140,,Days,0.00,0.00,$0.00,0,0,0
,Foster Care,,S5145,,Days,0.00,0.00,$0.00,0,0,0
,Respite,,S5150,,15 Minutes,0.00,0.00,$0.00,0,0,0
,Respite,,S5151,,Per Diem,0.00,0.00,$0.00,0,0,0
,Personal Emergency Response System (PERS),,S5160,,Encounter,0.00,0.00,$0.00,0,0,0
,Personal Emergency Response System (PERS),,S5161,,Month,0.00,0.00,$0.00,0,0,0
,Environmental Modification ,,S5165,,Service,0.00,0.00,$0.00,0,0,0
,Enhanced Medical Equipment-Supplies,,S5199,,Items,0.00,0.00,$0.00,0,0,0
,Occupational or Physical Therapy,,S8990,,Encounter,0.00,0.00,$0.00,0,0,0
,Private Duty Nursing,0582,S9123,,Hour,0.00,0.00,$0.00,0,0,0
,Private Duty Nursing,,S9123,,Hour,0.00,0.00,$0.00,0,0,0
,Private Duty Nursing,,S9123,TT,Hour,0.00,0.00,$0.00,0,0,0
,Private Duty Nursing,0582,S9124,,Hour,0.00,0.00,$0.00,0,0,0
,Private Duty Nursing,,S9124,,Hour,0.00,0.00,$0.00,0,0,0
,Private Duty Nursing,,S9124,TT,Hour,0.00,0.00,$0.00,0,0,0
,Respite Care in the Home (RN) (Children's Waiver),,S9125,TD,Per Diem,0.00,0.00,$0.00,0,0,0
,Respite Care in the Home (LPN) (Children's Waiver),,S9125,TE,Per Diem,0.00,0.00,$0.00,0,0,0
,Health Services,,S9445,,Encounter,0.00,0.00,$0.00,0,0,0
,Health Services,,S9446,,Encounter,0.00,0.00,$0.00,0,0,0
Northern Lakes,,,,,,,,,,,
,Health Services,,S9470,,Encounter,0.00,0.00,$0.00,0,0,0
,Intensive Crisis Stabilization-Enrolled Program,,S9484,,Hour,0.00,0.00,$0.00,0,0,0
,Reidential Room and Board,,S9976,,Days,0.00,0.00,$0.00,0,0,0
,Private Duty Nursing,,T1000,,Up to 15 min,0.00,0.00,$0.00,0,0,0
,Private Duty Nursing,,T1000,TD,Up to 15 min,0.00,0.00,$0.00,0,0,0
,Private Duty Nursing,,T1000,TE,Up to 15 min,0.00,0.00,$0.00,0,0,0
,Assessment,,T1001,,Encounter,227.00,245.00,"$57,142.00",252,233,1
,Health Services,,T1002,,Up to 15 min,"1,178.00","3,764.00","$221,412.00",188,59,3
,Respite Care,,T1005,,15 Minutes,3.00,"3,204.00","$3,075.00",1025,1,1068
,Respite Care,,T1005,TD,15 Minutes,0.00,0.00,$0.00,0,0,0
,Respite Care,,T1005,TE,15 Minutes,0.00,0.00,$0.00,0,0,0
,Substance Abuse: Recovery Support Services,"0900, 0906, 0914, 0915, 0916, 0919",T1012,,Encounter,0.00,0.00,$0.00,0,0,0
,Family Psycho-Education - EBP,,T1015,,Encounter,3.00,10.00,"$1,404.00",468,140,3
,Supports Coordination/Wrap Facilitation,,T1016,,15 minutes,2.00,7.00,$578.00,289,83,4
,Targeted Case Management ,,T1017,,15 minutes,928.00,"29,074.00","$1,590,222.00",1714,55,31
,Nursing Home Mental Health Monitoring,,T1017,SE,15 minutes,67.00,"1,433.00","$205,560.00",3068,143,21
,Personal Care in Licensed Specialized Residential Setting,,T1020,,Days,93.00,"10,123.00","$334,300.00",3595,33,109
,Personal Care in Licensed Specialized Residential Setting,,T1020,TF,Days,23.00,"6,504.00","$402,725.00",17510,62,283
,Personal Care in Licensed Specialized Residential Setting,,T1020,TG,Days,6.00,908.00,"$99,327.00",16555,109,151
,Assessments,,T1023,,Encounter,966.00,"1,523.00","$224,757.00",233,148,2
,Enhanced Medical Supplies or Pharmacy,,T1999,,Items,0.00,0.00,$0.00,0,0,0
,Transportation,,T2001,,Encounter,0.00,0.00,$0.00,0,0,0
,Transportation,,T2002,,Per Diem,0.00,0.00,$0.00,0,0,0
,Transportation,,T2003,,Encounter / Trip,0.00,0.00,$0.00,0,0,0
,Transportation,,T2004,,Encounter,0.00,0.00,$0.00,0,0,0
,Transportation,,T2005,,Encounter,0.00,0.00,$0.00,0,0,0
,Out of Home Prevocational Service,,T2015,,Hour,0.00,0.00,$0.00,0,0,0
,Targeted Case Management (Children's Waiver),,T2023,,Month,0.00,0.00,$0.00,0,0,0
,Fiscal Intermediary Services,,T2025,,Month,0.00,0.00,$0.00,0,0,0
,Enhanced Medical Equipment-Supplies,,T2028,,Items,0.00,0.00,$0.00,0,0,0
,Enhanced Medical Equipment-Supplies,,T2029,,Items,0.00,0.00,$0.00,0,0,0
,Crisis Intervention,,T2034,,Days,0.00,0.00,$0.00,0,0,0
,Respite Care,,T2036,,Encounter / Trip. Per session. One night = one session,0.00,0.00,$0.00,0,0,0
,Respite Care,,T2037,,Encounter / Trip  Per session. One day/partial day = one session,0.00,0.00,$0.00,0,0,0
,Housing Assistance,,T2038,,Month   Service,0.00,0.00,$0.00,0,0,0
,Enhanced Medical Equipment-Supplies,,T2039,,Items,0.00,0.00,$0.00,0,0,0
,Pharmacy (Drugs and Other Biologicals),,,,,0.00,0.00,$0.00,0,0,0
,Other,,,,,0.00,0.00,$0.00,0,0,0
,Aggregate for 'J' Codes,,ALL,,,0.00,0.00,$0.00,0,0,0
Northpointe,,,,,,,,,,,
,State Psychiatric Hospital - Inpatient PT22,"0100, 0101, 0114, 0124, 0134, 0154",,PT22,Days,3.00,363.00,"$137,419.00",45806,379,121
,State Mental Retardation Facility - Inpatient (ICF/MR) PT65,"0100, 0101, 0114, 0124, 0134, 0154",,PT65,Days,0.00,0.00,$0.00,0,0,0
,Local Psychiatric Hospital/IMD PT68,"0100, 0101, 0114, 0124, 0134, 0154",,PT68,Days,1.00,7.00,"$6,195.00",6195,885,7
,Local Psychiatric Hospital - Acute Community PT73,"0100, 0101, 0114, 0124, 0134, 0154",,PT73,Days,128.00,688.00,"$454,700.00",3552,661,5
,Inpatient Hospital Ancillary Services - Leave of Absence,0183,,,Days,0.00,0.00,$0.00,0,0,0
,Inpatient Hospital Ancillary Services - Pharmacy,"0250-0254, 0257-0258 ",,,,0.00,0.00,$0.00,0,0,0
,Inpatient Hospital Ancillary Services - Medical/Surgical Supplies and Devices,0270-0272,,,# of items,0.00,0.00,$0.00,0,0,0
,Inpatient Hospital Ancillary Services - Laboratory,"0300-0302, 0305-0307",,,# of tests,0.00,0.00,$0.00,0,0,0
,Inpatient Hospital Ancillary Services - Radiology,0320,,,# of tests,0.00,0.00,$0.00,0,0,0
,ECT Anesthesia,0370,,,,0.00,0.00,$0.00,0,0,0
,Inpatient Hospital Ancillary Services - Respiratory Services,0410,,,# of treatments,0.00,0.00,$0.00,0,0,0
,Inpatient Hospital Ancillary Services -Physical Therapy,0420-0424,,,# of treatments,0.00,0.00,$0.00,0,0,0
,Inpatient Hospital Ancillary Services - Occupational Therapy,0430-0434,,,# of treatments,0.00,0.00,$0.00,0,0,0
,Inpatient Hospital Ancillary Services - Speech-Language Pathology,0440-0444,,,# of treatments,0.00,0.00,$0.00,0,0,0
,Inpatient Hospital Ancillary Services - Emergency Room,0450,,,# of visits,0.00,0.00,$0.00,0,0,0
,Inpatient Hospital Ancillary Services - Pulmonary Function,0460,,,# of tests,0.00,0.00,$0.00,0,0,0
,Inpatient Hospital Ancillary Services - Audiology,0470-0472,,,# of tests,0.00,0.00,$0.00,0,0,0
,Inpatient Hospital Ancillary Services - Magnetic Resonance Technology (MRT),0610-0611,,,# of tests,0.00,0.00,$0.00,0,0,0
,Inpatient Hospital Ancillary Services - Pharmacy,0636,,,# of units,0.00,0.00,$0.00,0,0,0
,ECT Recovery Room,0701,,,,0.00,0.00,$0.00,0,0,0
,Inpatient Hospital Ancillary Services -EKG/ECG,0730-0731,,,# of tests,0.00,0.00,$0.00,0,0,0
,Inpatient Hospital Ancillary Services - EEG,0740,,,# of tests,0.00,0.00,$0.00,0,0,0
,Crisis Observation Care,0762,,,Hour,0.00,0.00,$0.00,0,0,0
,Additional Codes-ECT Facility Charge,0901,,,Encounter,0.00,0.00,$0.00,0,0,0
,Inpatient Hospital Ancillary Services - Psychiatric/Psychological Treatments/Services,"0900, 0902-0904, 0911, 0914-0919",,,# of visits,0.00,0.00,$0.00,0,0,0
,Outpatient Partial Hospitalization,0912,,,Days,0.00,0.00,$0.00,0,0,0
,Outpatient Partial Hospitalization,0913,,,Days,0.00,0.00,$0.00,0,0,0
,Inpatient Hospital Ancillary Services - Other Diagnosis Services,0925,,,# of tests,0.00,0.00,$0.00,0,0,0
,Inpatient Hospital Ancillary Services - Other Therapeutic Services,0940-0942,,,# of visits,0.00,0.00,$0.00,0,0,0
,Additional Codes-ECT Anesthesia,,00104,,Minutes,0.00,0.00,$0.00,0,0,0
,Drug Screen for Methadone Clients Only,,80100,,Per Screen,0.00,0.00,$0.00,0,0,0
,Drug Screen for Methadone Clients Only,,80101,,Per Screen,0.00,0.00,$0.00,0,0,0
,Alcohol Breath Test for Methadone Clients Only,,82075,,Per Test,0.00,0.00,$0.00,0,0,0
,Medication Administration,,90772,,Encounter,47.00,232.00,"$38,500.00",819,166,5
,Assessment-Psychiatric Assessment,,90801,,Encounter,30.00,33.00,"$15,570.00",519,472,1
,Substance Abuse: Psychiatric Evaluation,,90801,,Encounter,0.00,0.00,$0.00,0,0,0
,Assessment-Psychiatric Assessment,,90802,,Encounter,0.00,0.00,$0.00,0,0,0
,Substance Abuse: Psychiatric Evaluation,,90802,,Encounter,0.00,0.00,$0.00,0,0,0
,Therapy-Individual Therapy,,90804,,Encounter 20-30 Min,32.00,106.00,"$9,645.00",301,91,3
,Substance Abuse: Outpatient Treatment,"0900, 0914, 0915, 0916, 0919",90804,,Encounter 20-30 Min,0.00,0.00,$0.00,0,0,0
Northpointe,,,,,,,,,,,
,Therapy-Individual Therapy,,90805,,Encounter 20-30 Min,6.00,13.00,"$1,183.00",197,91,2
,Substance Abuse: Outpatient Treatment,"0900, 0914, 0915, 0916, 0919",90805,,Encounter 20-30 Min,0.00,0.00,$0.00,0,0,0
,Therapy-Individual Therapy,,90806,,Encounter 45-50 Min,67.00,307.00,"$54,109.00",808,176,5
,Substance Abuse: Outpatient Treatment,"0900, 0914, 0915, 0916, 0919",90806,,Encounter 45-50 Min,0.00,0.00,$0.00,0,0,0
,Therapy-Individual Therapy,,90807,,Encounter 45-50 Min,2.00,2.00,$353.00,176,176,1
,Substance Abuse: Outpatient Treatment,"0900, 0914, 0915, 0916, 0919",90807,,Encounter 45-50 Min,0.00,0.00,$0.00,0,0,0
,Therapy-Individual Therapy,,90808,,Encounter 75-80 Min,8.00,8.00,"$2,115.00",264,264,1
,Substance Abuse: Outpatient Treatment,"0900, 0914, 0915, 0916, 0919",90808,,Encounter 75-80 Min,0.00,0.00,$0.00,0,0,0
,Therapy-Individual Therapy,,90809,,Encounter 75-80 Min,0.00,0.00,$0.00,0,0,0
,Substance Abuse: Outpatient Treatment,"0900, 0914, 0915, 0916, 0919",90809,,Encounter 75-80 Min,0.00,0.00,$0.00,0,0,0
,Therapy-Individual Therapy,,90810,,Encounter 20-30 Min,0.00,0.00,$0.00,0,0,0
,Substance Abuse: Outpatient Treatment,"0900, 0914, 0915, 0916, 0919",90810,,Encounter 20-30 Min,0.00,0.00,$0.00,0,0,0
,Therapy-Individual Therapy,,90811,,Encounter 20-30 Min,0.00,0.00,$0.00,0,0,0
,Substance Abuse: Outpatient Treatment,"0900, 0914, 0915, 0916, 0919",90811,,Encounter 20-30 Min,0.00,0.00,$0.00,0,0,0
,Therapy-Individual Therapy,,90812,,Encounter 45-50 Min,0.00,0.00,$0.00,0,0,0
,Substance Abuse: Outpatient Treatment,"0900, 0914, 0915, 0916, 0919",90812,,Encounter 45-50 Min,0.00,0.00,$0.00,0,0,0
,Therapy-Individual Therapy,,90813,,Encounter 45-50 Min,0.00,0.00,$0.00,0,0,0
,Substance Abuse: Outpatient Treatment,"0900, 0914, 0915, 0916, 0919",90813,,Encounter 45-50 Min,0.00,0.00,$0.00,0,0,0
,Therapy-Individual Therapy,,90814,,Encounter 75-80 Min,0.00,0.00,$0.00,0,0,0
,Substance Abuse: Outpatient Treatment,"0900, 0914, 0915, 0916, 0919",90814,,Encounter 75-80 Min,0.00,0.00,$0.00,0,0,0
,Therapy-Individual Therapy,,90815,,Encounter 75-80 Min,0.00,0.00,$0.00,0,0,0
,Substance Abuse: Outpatient Treatment,"0900, 0914, 0915, 0916, 0919",90815,,Encounter 75-80 Min,0.00,0.00,$0.00,0,0,0
,Therapy-Individual Therapy,,90816,,Encounter 20-30 Min,0.00,0.00,$0.00,0,0,0
,Therapy-Individual Therapy,,90817,,Encounter 20-30 Min,0.00,0.00,$0.00,0,0,0
,Therapy-Individual Therapy,,90818,,Encounter 45-50 Min,0.00,0.00,$0.00,0,0,0
,Therapy-Individual Therapy,,90819,,Encounter 45-50 Min,0.00,0.00,$0.00,0,0,0
,Therapy-Individual Therapy,,90821,,Encounter 75-80 Min,0.00,0.00,$0.00,0,0,0
,Therapy-Individual Therapy,,90822,,Encounter 75-80 Min,0.00,0.00,$0.00,0,0,0
,Therapy-Individual Therapy,,90823,,Encounter 20-30 Min,0.00,0.00,$0.00,0,0,0
,Therapy-Individual Therapy,,90824,,Encounter 20-30 Min,0.00,0.00,$0.00,0,0,0
,Therapy-Individual Therapy,,90826,,Encounter 45-50 Min,0.00,0.00,$0.00,0,0,0
,Substance Abuse: Psychotherapy (Individual Therapy),,90826,,Encounter 45-50 Min,0.00,0.00,$0.00,0,0,0
,Therapy-Individual Therapy,,90827,,Encounter 45-50 Min,0.00,0.00,$0.00,0,0,0
,Therapy-Individual Therapy,,90828,,Encounter 75-80 Min,0.00,0.00,$0.00,0,0,0
,Therapy-Individual Therapy,,90829,,Encounter 75-80 Min,0.00,0.00,$0.00,0,0,0
,Therapy-Family Therapy,,90846,,Encounter,1.00,1.00,$189.00,189,189,1
,Therapy-Family Therapy,,90847,,Encounter,3.00,9.00,"$1,705.00",568,189,3
,Substance Abuse: Outpatient Treatment,"0900, 0906, 0914, 0915, 0916, 0919",90847,,Encounter,0.00,0.00,$0.00,0,0,0
,Therapy-Family Therapy,,90849,,Encounter,0.00,0.00,$0.00,0,0,0
,Therapy-Family Therapy,,90849,HS,Encounter,0.00,0.00,$0.00,0,0,0
Northpointe,,,,,,,,,,,
,Therapy-Group Therapy,,90853,,Encounter,80.00,"1,150.00","$129,870.00",1623,113,14
,Substance Abuse: Outpatient Treatment,"0900, 0906, 0914, 0915, 0916, 0919",90853,,Encounter,0.00,0.00,$0.00,0,0,0
,Therapy-Group Therapy,,90857,,Encounter,0.00,0.00,$0.00,0,0,0
,Substance Abuse: Outpatient Treatment,"0900, 0906, 0914, 0915, 0916, 0919",90857,,Encounter,0.00,0.00,$0.00,0,0,0
,Medication Review ,,90862,,Encounter,215.00,521.00,"$87,669.00",408,168,2
,Substance Abuse: Medication Review,"0900, 0914, 0915, 0916, 0919",90862,,Encounter,0.00,0.00,$0.00,0,0,0
,Additional Codes-ECT Physician,,90870,,Encounter,1.00,6.00,"$3,762.00",3762,627,6
,Additional Codes-ECT Physician,0901,90870,,Encounter,0.00,0.00,$0.00,0,0,0
,Assessments-Other,,90887,,Encounter,0.00,0.00,$0.00,0,0,0
,Speech & Language Therapy ,,92506,,Encounter,0.00,0.00,$0.00,0,0,0
,Speech & Language Therapy ,,92507,,Encounter,0.00,0.00,$0.00,0,0,0
,Speech & Language Therapy ,,92508,,Encounter,0.00,0.00,$0.00,0,0,0
,Speech & Language Therapy ,,92526,,Encounter,0.00,0.00,$0.00,0,0,0
,Speech & Language Therapy ,,92610,,Encounter,0.00,0.00,$0.00,0,0,0
,Evaluation of Auditory Rehabilitation Status (Children's Waiver),,92626,,First Hour,0.00,0.00,$0.00,0,0,0
,Evaluation of Auditory Rehabiliation Status (Children's Waiver),,92627,,Each Additional 15 Minutes,0.00,0.00,$0.00,0,0,0
,Auditory Rehabilitation Preling Hearing Loss (Children's Waiver),,92630,,Encounter,0.00,0.00,$0.00,0,0,0
,Auditory Rehabilitation; Post-Lingual Hearing Loss (Children's Waiver),,92633,,Encounter,0.00,0.00,$0.00,0,0,0
,Psychological Testing PSYCH/PHYS ,,96101,,Per Hour,1.00,4.00,$552.00,552,138,4
,Psychological Testing by Technician ,,96102,,Per Hour,0.00,0.00,$0.00,0,0,0
,Psychological Testing by Comp ,,96103,,Per Hour,0.00,0.00,$0.00,0,0,0
,Assessments-Other,,96105,,Encounter,0.00,0.00,$0.00,0,0,0
,Assessments-Other,,96110,,Encounter,0.00,0.00,$0.00,0,0,0
,Assessments-Other,,96111,,Encounter,0.00,0.00,$0.00,0,0,0
,Neurobehavioral Status Exam (Children's Waiver),,96116,,Per Hour,0.00,0.00,$0.00,0,0,0
,Neuropsych test by Psych/Phys ,,96118,,Per Hour,0.00,0.00,$0.00,0,0,0
,Neuropsych test by Tech ,,96119,,Per Hour,0.00,0.00,$0.00,0,0,0
,Neuropsych test Admin w/Comp ,,96120,,Per Hour,0.00,0.00,$0.00,0,0,0
,Medication Administration,,96372,,Encounter,54.00,722.00,"$40,143.00",743,56,13
,Physical Therapy,,97001,,Encounter,0.00,0.00,$0.00,0,0,0
,Physical Therapy,,97002,,Encounter,0.00,0.00,$0.00,0,0,0
,Occupational Therapy,,97003,,Encounter,0.00,0.00,$0.00,0,0,0
,Occupational Therapy,,97004,,Encounter,0.00,0.00,$0.00,0,0,0
,Occupational or Physical Therapy,,97110,,15 Minutes,0.00,0.00,$0.00,0,0,0
,Occupational or Physical Therapy,,97112,,15 Minutes,0.00,0.00,$0.00,0,0,0
,Occupational or Physical Therapy,,97113,,15 Minutes,0.00,0.00,$0.00,0,0,0
,Occupational or Physical Therapy,,97116,,15 Minutes,0.00,0.00,$0.00,0,0,0
,Occupational or Physical Therapy,,97124,,15 Minutes,0.00,0.00,$0.00,0,0,0
,Occupational or Physical Therapy,,97140,,15 Minutes,0.00,0.00,$0.00,0,0,0
,Occupational or Physical Therapy,,97150,,Encounter,0.00,0.00,$0.00,0,0,0
,Occupational or Physical Therapy,,97530,,15 Minutes,0.00,0.00,$0.00,0,0,0
,Occupational or Physical Therapy,,97532,,15 Minutes,0.00,0.00,$0.00,0,0,0
,Occupational or Physical Therapy,,97533,,15 Minutes,0.00,0.00,$0.00,0,0,0
,Occupational or Physical Therapy,,97535,,15 Minutes,0.00,0.00,$0.00,0,0,0
,Occupational or Physical Therapy,,97537,,15 Minutes,0.00,0.00,$0.00,0,0,0
,Occupational or Physical Therapy,,97542,,15 Minutes,0.00,0.00,$0.00,0,0,0
,Occupational Therapy,,97703,,15 Minutes,0.00,0.00,$0.00,0,0,0
Northpointe,,,,,,,,,,,
,Occupational Therapy,,97750,,15 Minutes,0.00,0.00,$0.00,0,0,0
,Occupational Therapy,,97755,,15 Minutes,0.00,0.00,$0.00,0,0,0
,Occupational Therapy,,97760,,15 Minutes,0.00,0.00,$0.00,0,0,0
,C/O for Orthotic/Prosth Use ,,97762,,15 minutes,0.00,0.00,$0.00,0,0,0
,Assessment or Health Services,,97802,,15 Minutes,1.00,6.00,$261.00,261,44,6
,Assessment or Health Services,,97803,,15 Minutes,1.00,12.00,$522.00,522,44,12
,Health Services,,97804,,30 Minutes,0.00,0.00,$0.00,0,0,0
,Additional Codes-Physician Services,,99201,,Encounter,0.00,0.00,$0.00,0,0,0
,Additional Codes-Physician Services,,99202,,Encounter,0.00,0.00,$0.00,0,0,0
,Additional Codes-Physician Services,,99203,,Encounter,0.00,0.00,$0.00,0,0,0
,Additional Codes-Physician Services,,99204,,Encounter,0.00,0.00,$0.00,0,0,0
,Additional Codes-Physician Services,,99205,,Encounter,0.00,0.00,$0.00,0,0,0
,Additional Codes-Physician Services  Medication Administration,,99211,,Encounter,0.00,0.00,$0.00,0,0,0
,Additional Codes-Physician Services,,99212,,Encounter,0.00,0.00,$0.00,0,0,0
,Additional Codes-Physician Services,,99213,,Encounter,0.00,0.00,$0.00,0,0,0
,Additional Codes-Physician Services,,99214,,Encounter,0.00,0.00,$0.00,0,0,0
,Additional Codes-Physician Services,,99215,,Encounter,0.00,0.00,$0.00,0,0,0
,Additional Codes-Physician Services,,99221,,30 Minutes,5.00,5.00,$422.00,84,84,1
,Additional Codes-Physician Services,,99222,,50 Minutes,0.00,0.00,$0.00,0,0,0
,Additional Codes-Physician Services,,99223,,70 Minutes,0.00,0.00,$0.00,0,0,0
,Additional Codes-Physician Services,,99231,,15 Minutes,5.00,29.00,"$2,449.00",490,84,6
,Additional Codes-Physician Services,,99232,,25 minutes,0.00,0.00,$0.00,0,0,0
,Additional Codes-Physician Services,,99233,,35 Minutes,0.00,0.00,$0.00,0,0,0
,Additional Codes-Physician Services,,99238,,30 Minutes or less,0.00,0.00,$0.00,0,0,0
,Additional Codes-Physician Services,,99241,,Encounter,0.00,0.00,$0.00,0,0,0
,Additional Codes-Physician Services,,99242,,Encounter,0.00,0.00,$0.00,0,0,0
,Additional Codes-Physician Services,,99243,,Encounter,0.00,0.00,$0.00,0,0,0
,Additional Codes-Physician Services,,99244,,Encounter,0.00,0.00,$0.00,0,0,0
,Additional Codes-Physician Services,,99245,,Encounter,0.00,0.00,$0.00,0,0,0
,Additional Codes-Physician Services,,99251,,Encounter,0.00,0.00,$0.00,0,0,0
,Additional Codes-Physician Services,,99252,,Encounter,0.00,0.00,$0.00,0,0,0
,Additional Codes-Physician Services,,99253,,Encounter,0.00,0.00,$0.00,0,0,0
,Additional Codes-Physician Services,,99254,,Encounter,0.00,0.00,$0.00,0,0,0
,Additional Codes-Physician Services,,99255,,Encounter,0.00,0.00,$0.00,0,0,0
,Additional Codes-Physician Services,,99261,,Encounter,0.00,0.00,$0.00,0,0,0
,Additional Codes-Physician Services,,99262,,Encounter,0.00,0.00,$0.00,0,0,0
,Additional Codes-Physician Services,,99263,,Encounter,0.00,0.00,$0.00,0,0,0
,Additional Codes-Physician Services,,99271,,Encounter,0.00,0.00,$0.00,0,0,0
,Additional Codes-Physician Services,,99272,,Encounter,0.00,0.00,$0.00,0,0,0
,Additional Codes-Physician Services,,99273,,Encounter,0.00,0.00,$0.00,0,0,0
,Additional Codes-Physician Services,,99274,,Encounter,0.00,0.00,$0.00,0,0,0
,Additional Codes-Physician Services,,99275,,Encounter,0.00,0.00,$0.00,0,0,0
,Medication Administration,,99605,,Encounter,0.00,0.00,$0.00,0,0,0
,Transportation,,A0080,,Per mile,0.00,0.00,$0.00,0,0,0
,Transportation,,A0090,,Per mile,0.00,0.00,$0.00,0,0,0
,Transportation,,A0100,,Per one-way trip,0.00,0.00,$0.00,0,0,0
,Transportation,,A0110,,Per one-way trip,0.00,0.00,$0.00,0,0,0
,Transportation,,A0120,,Per one-way trip,0.00,0.00,$0.00,0,0,0
,Transportation,,A0130,,Per one-way trip,0.00,0.00,$0.00,0,0,0
,Transportation,,A0140,,Per one-way trip,0.00,0.00,$0.00,0,0,0
Northpointe,,,,,,,,,,,
,Transportation,,A0170,,,0.00,0.00,$0.00,0,0,0
,Additional Codes-Transportation,,A0425,,Per Mile,0.00,0.00,$0.00,0,0,0
,Additional Codes-Transportation,,A0427,,Refer to code descriptions.,0.00,0.00,$0.00,0,0,0
,Additional codes - Transportation,,A0428,,,0.00,0.00,$0.00,0,0,0
,Repair or Non-Routine Service for DME (Children's Waiver),,E1340,,15 Minutes,0.00,0.00,$0.00,0,0,0
,Enhanced Medical Equipment-Supplies,,E1399,,Items,0.00,0.00,$0.00,0,0,0
,Activity Therapy (Children's Waiver),,G0176,,Encounter,0.00,0.00,$0.00,0,0,0
,Family Training/Support EBP only,,G0177,,Encounter Session at least 45 min,25.00,204.00,"$23,038.00",922,113,8
,Substance Abuse: Individual Assessment,,H0001,,Encounter,0.00,0.00,$0.00,0,0,0
,Assessment ,,H0002,,Encounter,0.00,0.00,$0.00,0,0,0
,Substance Abuse: Individual Assessment,,H0002,,Encounter,0.00,0.00,$0.00,0,0,0
,Substance Abuse:Laboratory,,H0003,,Encounter,0.00,0.00,$0.00,0,0,0
,Substance Abuse: Outpatient Treatment,"0900, 0906, 0914, 0915, 0916, 0919",H0004,,15 Minutes,0.00,0.00,$0.00,0,0,0
,Substance Abuse: Outpatient Treatment,"0900, 0906, 0914, 0915, 0916, 0919",H0005,,Encounter,0.00,0.00,$0.00,0,0,0
,Substance Abuse: Case Management,,H0006,,Encounter,0.00,0.00,$0.00,0,0,0
,Substance Abuse: Sub-Acute Detoxification,1002,H0010,,Days,0.00,0.00,$0.00,0,0,0
,Substance Abuse: Sub-Acute Detoxification,1002,H0012,,Days,0.00,0.00,$0.00,0,0,0
,Substance Abuse: Sub-Acute Detoxification,1002,H0014,,Days,0.00,0.00,$0.00,0,0,0
,Substance Abuse: Outpatient Care,"0900, 0906, 0914, 0915, 0916, 0919",H0015,,Days,0.00,0.00,$0.00,0,0,0
,Crisis Residential Services,,H0018,,Days,0.00,0.00,$0.00,0,0,0
,Substance Abuse: Residential,1002,H0018,,Days,0.00,0.00,$0.00,0,0,0
,Substance Abuse: Residential,1002,H0019,,Days,0.00,0.00,$0.00,0,0,0
,Substance Abuse: Methadone,,H0020,,Encounter,0.00,0.00,$0.00,0,0,0
,Substance Abuse: Early Intervention,,H0022,,Encounter,0.00,0.00,$0.00,0,0,0
,Peer Directed and Operated Support Services,,H0023,,Encounter,0.00,0.00,$0.00,0,0,0
,Prevention Services - Direct Model,,H0025,,Face to Face Contact,0.00,0.00,$0.00,0,0,0
,Crisis Intervention,,H0030,,Per Service,0.00,0.00,$0.00,0,0,0
,Assessment ,,H0031,,Encounter,161.00,179.00,"$68,718.00",427,384,1
,Substance Abuse: Assessment,,H0031,,Encounter,0.00,0.00,$0.00,0,0,0
,Treatment Planning,,H0032,,Encounter,167.00,204.00,"$53,283.00",319,261,1
,Monitoring of Treatment - Clinician,,H0032,TS,Encounter,2.00,18.00,"$3,792.00",1896,211,9
,Substance Abuse: Pharmalogical Support - Suboxane,,H0033,,Direct Observation Encounter,0.00,0.00,$0.00,0,0,0
,Health Services,,H0034,,15 Minutes,57.00,135.00,"$12,016.00",211,89,2
,Home Based Services,,H0036,,15 Minutes,1.00,94.00,"$6,192.00",6192,66,94
,Home Based Services,,H0036,ST,15 Minutes,0.00,0.00,$0.00,0,0,0
,Community Psychiatric Supportive Treatment ,,H0037,,Per diem,0.00,0.00,$0.00,0,0,0
,Peer Directed and Operated Support Services,,H0038,,15 minutes,76.00,"3,103.00","$20,542.00",270,7,41
,Peer Directed and Operated Support Services,,NA,,,0.00,0.00,$0.00,0,0,0
,Assertive Community Treatment (ACT),,H0039,,15 Minutes,14.00,906.00,"$47,918.00",3423,53,65
,Community Living Supports in Independent living/own home,,H0043,,Per diem,0.00,0.00,$0.00,0,0,0
,Community Living Supports in Independent living/own home,,H0043,TT,Per diem,0.00,0.00,$0.00,0,0,0
,Respite,,H0045,,Days,1.00,14.00,"$1,225.00",1225,88,14
,Respite (Children's Waiver),,H0045,TD,Per Diem,0.00,0.00,$0.00,0,0,0
,Respite (Children's Waiver),,H0045,TE,Per Diem,0.00,0.00,$0.00,0,0,0
,Substance Abuse:Laboratory (cells now unlocked),,H0048,,Encounter,0.00,0.00,$0.00,0,0,0
,Substance Abuse: Individual Assessment,,H0049,,Encounter,0.00,0.00,$0.00,0,0,0
,Behavior Treatment Plan Review,,H2000,,Encounter,18.00,47.00,"$9,648.00",536,205,3
,Behavior Treatment Plan Review - Monitoring Activities,,H2000,TS,Encounter,0.00,0.00,$0.00,0,0,0
Northpointe,,,,,,,,,,,
,Comprehensive Medication Services - EBP only,,H2010,,15 minutes,0.00,0.00,$0.00,0,0,0
,Crisis Intervention,,H2011,,15 Minutes,415.00,"2,125.00","$50,001.00",120,24,5
,Skill-Building and Out of Home Non Vocational Habilitation,,H2014,,15 minutes,3.00,236.00,"$1,683.00",561,7,79
,Skill-Building and Out of Home Non Vocational Habilitation,,H2014,TT,15 Minutes,136.00,"178,525.00","$642,690.00",4726,4,1313
,Community Living Supports (15 Minutes),,H2015,,15 Minutes,100.00,"49,013.00","$242,140.00",2421,5,490
,Community Living Supports (15 Minutes),,H2015,TT,15 Minutes,0.00,0.00,$0.00,0,0,0
,Community Living Supports (Daily),,H2016,,Per Diem,5.00,813.00,"$25,756.00",5151,32,163
,Community Living Supports (Daily),,H2016,TF,Per Diem,6.00,"1,849.00","$108,167.00",18028,59,308
,Community Living Supports (Daily),,H2016,TG,Per Diem,21.00,"3,364.00","$542,277.00",25823,161,160
,Behavior Services,,H2019,,15 Minutes,0.00,0.00,$0.00,0,0,0
,Behavior Services,,H2019,TT,15 Minutes,0.00,0.00,$0.00,0,0,0
,Crisis Intervention,,H2020,,Days,0.00,0.00,$0.00,0,0,0
,Wraparound,,H2021,,15 Minutes,0.00,0.00,$0.00,0,0,0
,Wraparound,,H2022,,Days,0.00,0.00,$0.00,0,0,0
,Supported Employment Services,,H2023,,15 minutes,0.00,0.00,$0.00,0,0,0
,Supported Employment Services,,H2023,TT,15 Minutes,57.00,"79,223.00","$333,661.00",5854,4,1390
,Mental Health Therapy,,H2027,,15 Minutes,0.00,0.00,$0.00,0,0,0
,Clubhouse Psychosocial Rehabilitation Programs ,,H2030,,15 Minutes,0.00,0.00,$0.00,0,0,0
,Home Based Services,,H2033,,15 Minutes,0.00,0.00,$0.00,0,0,0
,Substance Abuse: Outpatient Care,"0900, 0906, 0914, 0915, 0916, 0919",H2035,,Hour,0.00,0.00,$0.00,0,0,0
,Substance Abuse: Outpatient Care,"0900, 0906, 0914, 0915, 0916, 0919",H2036,,Per Diem,0.00,0.00,$0.00,0,0,0
,Medication Review ,,M0064,,"Encounter Face-to-Face, generally less than 10 minutes",407.00,"1,920.00","$166,848.00",410,87,5
,Transportation,,S0209,,Per Mile,0.00,0.00,$0.00,0,0,0
,Transportation,,S0215,,Per Mile,0.00,0.00,$0.00,0,0,0
,Family Training - EBP,,S5110,,15 Minutes,6.00,85.00,"$4,800.00",800,56,14
,Family Training,,S5111,,Encounter,0.00,0.00,$0.00,0,0,0
,Family Training,,S5111,HA,Encounter,0.00,0.00,$0.00,0,0,0
,"Home Care Training, Non-Family (Children's Waiver)",,S5116,,Encounter,0.00,0.00,$0.00,0,0,0
,Chore Services,,S5120,,15 Minutes,0.00,0.00,$0.00,0,0,0
,Foster Care,,S5140,,Days,0.00,0.00,$0.00,0,0,0
,Foster Care,,S5145,,Days,0.00,0.00,$0.00,0,0,0
,Respite,,S5150,,15 Minutes,1.00,280.00,$392.00,392,1,280
,Respite,,S5151,,Per Diem,0.00,0.00,$0.00,0,0,0
,Personal Emergency Response System (PERS),,S5160,,Encounter,0.00,0.00,$0.00,0,0,0
,Personal Emergency Response System (PERS),,S5161,,Month,0.00,0.00,$0.00,0,0,0
,Environmental Modification ,,S5165,,Service,0.00,0.00,$0.00,0,0,0
,Enhanced Medical Equipment-Supplies,,S5199,,Items,0.00,0.00,$0.00,0,0,0
,Occupational or Physical Therapy,,S8990,,Encounter,0.00,0.00,$0.00,0,0,0
,Private Duty Nursing,0582,S9123,,Hour,0.00,0.00,$0.00,0,0,0
,Private Duty Nursing,,S9123,,Hour,0.00,0.00,$0.00,0,0,0
,Private Duty Nursing,,S9123,TT,Hour,0.00,0.00,$0.00,0,0,0
,Private Duty Nursing,0582,S9124,,Hour,0.00,0.00,$0.00,0,0,0
,Private Duty Nursing,,S9124,,Hour,0.00,0.00,$0.00,0,0,0
,Private Duty Nursing,,S9124,TT,Hour,0.00,0.00,$0.00,0,0,0
,Respite Care in the Home (RN) (Children's Waiver),,S9125,TD,Per Diem,0.00,0.00,$0.00,0,0,0
,Respite Care in the Home (LPN) (Children's Waiver),,S9125,TE,Per Diem,0.00,0.00,$0.00,0,0,0
,Health Services,,S9445,,Encounter,0.00,0.00,$0.00,0,0,0
,Health Services,,S9446,,Encounter,0.00,0.00,$0.00,0,0,0
Northpointe,,,,,,,,,,,
,Health Services,,S9470,,Encounter,0.00,0.00,$0.00,0,0,0
,Intensive Crisis Stabilization-Enrolled Program,,S9484,,Hour,0.00,0.00,$0.00,0,0,0
,Reidential Room and Board,,S9976,,Days,0.00,0.00,$0.00,0,0,0
,Private Duty Nursing,,T1000,,Up to 15 min,0.00,0.00,$0.00,0,0,0
,Private Duty Nursing,,T1000,TD,Up to 15 min,0.00,0.00,$0.00,0,0,0
,Private Duty Nursing,,T1000,TE,Up to 15 min,0.00,0.00,$0.00,0,0,0
,Assessment,,T1001,,Encounter,243.00,268.00,"$137,363.00",565,513,1
,Health Services,,T1002,,Up to 15 min,119.00,273.00,"$42,419.00",356,155,2
,Respite Care,,T1005,,15 Minutes,0.00,0.00,$0.00,0,0,0
,Respite Care,,T1005,TD,15 Minutes,0.00,0.00,$0.00,0,0,0
,Respite Care,,T1005,TE,15 Minutes,0.00,0.00,$0.00,0,0,0
,Substance Abuse: Recovery Support Services,"0900, 0906, 0914, 0915, 0916, 0919",T1012,,Encounter,0.00,0.00,$0.00,0,0,0
,Family Psycho-Education - EBP,,T1015,,Encounter,15.00,30.00,"$10,164.00",678,339,2
,Supports Coordination/Wrap Facilitation,,T1016,,15 minutes,478.00,"15,268.00","$816,991.00",1709,54,32
,Targeted Case Management ,,T1017,,15 minutes,108.00,"6,502.00","$347,922.00",3222,54,60
,Nursing Home Mental Health Monitoring,,T1017,SE,15 minutes,1.00,6.00,$321.00,321,54,6
,Personal Care in Licensed Specialized Residential Setting,,T1020,,Days,30.00,"5,965.00","$118,107.00",3937,20,199
,Personal Care in Licensed Specialized Residential Setting,,T1020,TF,Days,1.00,61.00,"$3,239.00",3239,53,61
,Personal Care in Licensed Specialized Residential Setting,,T1020,TG,Days,0.00,0.00,$0.00,0,0,0
,Assessments,,T1023,,Encounter,432.00,664.00,"$91,240.00",211,137,2
,Enhanced Medical Supplies or Pharmacy,,T1999,,Items,1.00,7.00,$172.00,172,25,7
,Transportation,,T2001,,Encounter,0.00,0.00,$0.00,0,0,0
,Transportation,,T2002,,Per Diem,0.00,0.00,$0.00,0,0,0
,Transportation,,T2003,,Encounter / Trip,0.00,0.00,$0.00,0,0,0
,Transportation,,T2004,,Encounter,0.00,0.00,$0.00,0,0,0
,Transportation,,T2005,,Encounter,0.00,0.00,$0.00,0,0,0
,Out of Home Prevocational Service,,T2015,,Hour,0.00,0.00,$0.00,0,0,0
,Targeted Case Management (Children's Waiver),,T2023,,Month,0.00,0.00,$0.00,0,0,0
,Fiscal Intermediary Services,,T2025,,Month,0.00,0.00,$0.00,0,0,0
,Enhanced Medical Equipment-Supplies,,T2028,,Items,1.00,1.00,$111.00,111,111,1
,Enhanced Medical Equipment-Supplies,,T2029,,Items,0.00,0.00,$0.00,0,0,0
,Crisis Intervention,,T2034,,Days,0.00,0.00,$0.00,0,0,0
,Respite Care,,T2036,,Encounter / Trip. Per session. One night = one session,0.00,0.00,$0.00,0,0,0
,Respite Care,,T2037,,Encounter / Trip  Per session. One day/partial day = one session,0.00,0.00,$0.00,0,0,0
,Housing Assistance,,T2038,,Month   Service,0.00,0.00,$0.00,0,0,0
,Enhanced Medical Equipment-Supplies,,T2039,,Items,0.00,0.00,$0.00,0,0,0
,Pharmacy (Drugs and Other Biologicals),,,,,0.00,0.00,$0.00,0,0,0
,Other,,,,,0.00,0.00,$0.00,0,0,0
,Aggregate for 'J' Codes,,ALL,,,23.00,0.00,"$109,655.00",4768,0,0
Oakland,,,,,,,,,,,
,State Psychiatric Hospital - Inpatient PT22,"0100, 0101, 0114, 0124, 0134, 0154",,PT22,Days,74.00,"16,616.00","$7,976,798.00",107795,480,225
,State Mental Retardation Facility - Inpatient (ICF/MR) PT65,"0100, 0101, 0114, 0124, 0134, 0154",,PT65,Days,0.00,0.00,$0.00,0,0,0
,Local Psychiatric Hospital/IMD PT68,"0100, 0101, 0114, 0124, 0134, 0154",,PT68,Days,919.00,"12,383.00","$5,052,553.00",5498,408,13
,Local Psychiatric Hospital - Acute Community PT73,"0100, 0101, 0114, 0124, 0134, 0154",,PT73,Days,834.00,"11,768.00","$4,461,194.00",5349,379,14
,Inpatient Hospital Ancillary Services - Leave of Absence,0183,,,Days,0.00,0.00,$0.00,0,0,0
,Inpatient Hospital Ancillary Services - Pharmacy,"0250-0254, 0257-0258 ",,,,0.00,0.00,$0.00,0,0,0
,Inpatient Hospital Ancillary Services - Medical/Surgical Supplies and Devices,0270-0272,,,# of items,0.00,0.00,$0.00,0,0,0
,Inpatient Hospital Ancillary Services - Laboratory,"0300-0302, 0305-0307",,,# of tests,0.00,0.00,$0.00,0,0,0
,Inpatient Hospital Ancillary Services - Radiology,0320,,,# of tests,0.00,0.00,$0.00,0,0,0
,ECT Anesthesia,0370,,,,0.00,0.00,$0.00,0,0,0
,Inpatient Hospital Ancillary Services - Respiratory Services,0410,,,# of treatments,0.00,0.00,$0.00,0,0,0
,Inpatient Hospital Ancillary Services -Physical Therapy,0420-0424,,,# of treatments,0.00,0.00,$0.00,0,0,0
,Inpatient Hospital Ancillary Services - Occupational Therapy,0430-0434,,,# of treatments,0.00,0.00,$0.00,0,0,0
,Inpatient Hospital Ancillary Services - Speech-Language Pathology,0440-0444,,,# of treatments,0.00,0.00,$0.00,0,0,0
,Inpatient Hospital Ancillary Services - Emergency Room,0450,,,# of visits,0.00,0.00,$0.00,0,0,0
,Inpatient Hospital Ancillary Services - Pulmonary Function,0460,,,# of tests,0.00,0.00,$0.00,0,0,0
,Inpatient Hospital Ancillary Services - Audiology,0470-0472,,,# of tests,0.00,0.00,$0.00,0,0,0
,Inpatient Hospital Ancillary Services - Magnetic Resonance Technology (MRT),0610-0611,,,# of tests,0.00,0.00,$0.00,0,0,0
,Inpatient Hospital Ancillary Services - Pharmacy,0636,,,# of units,0.00,0.00,$0.00,0,0,0
,ECT Recovery Room,0701,,,,0.00,0.00,$0.00,0,0,0
,Inpatient Hospital Ancillary Services -EKG/ECG,0730-0731,,,# of tests,0.00,0.00,$0.00,0,0,0
,Inpatient Hospital Ancillary Services - EEG,0740,,,# of tests,0.00,0.00,$0.00,0,0,0
,Crisis Observation Care,0762,,,Hour,0.00,0.00,$0.00,0,0,0
,Additional Codes-ECT Facility Charge,0901,,,Encounter,1.00,17.00,"$1,220.00",1220,72,17
,Inpatient Hospital Ancillary Services - Psychiatric/Psychological Treatments/Services,"0900, 0902-0904, 0911, 0914-0919",,,# of visits,0.00,0.00,$0.00,0,0,0
,Outpatient Partial Hospitalization,0912,,,Days,54.00,865.00,"$96,965.00",1796,112,16
,Outpatient Partial Hospitalization,0913,,,Days,0.00,0.00,$0.00,0,0,0
,Inpatient Hospital Ancillary Services - Other Diagnosis Services,0925,,,# of tests,0.00,0.00,$0.00,0,0,0
,Inpatient Hospital Ancillary Services - Other Therapeutic Services,0940-0942,,,# of visits,0.00,0.00,$0.00,0,0,0
,Additional Codes-ECT Anesthesia,,00104,,Minutes,0.00,0.00,$0.00,0,0,0
,Drug Screen for Methadone Clients Only,,80100,,Per Screen,0.00,0.00,$0.00,0,0,0
,Drug Screen for Methadone Clients Only,,80101,,Per Screen,0.00,0.00,$0.00,0,0,0
,Alcohol Breath Test for Methadone Clients Only,,82075,,Per Test,0.00,0.00,$0.00,0,0,0
,Medication Administration,,90772,,Encounter,443.00,"1,980.00","$126,357.00",285,64,4
,Assessment-Psychiatric Assessment,,90801,,Encounter,0.00,0.00,$0.00,0,0,0
,Substance Abuse: Psychiatric Evaluation,,90801,,Encounter,"6,474.00","8,204.00","$2,539,776.00",392,310,1
,Assessment-Psychiatric Assessment,,90802,,Encounter,0.00,0.00,$0.00,0,0,0
,Substance Abuse: Psychiatric Evaluation,,90802,,Encounter,0.00,0.00,$0.00,0,0,0
,Therapy-Individual Therapy,,90804,,Encounter 20-30 Min,548.00,852.00,"$61,788.00",113,73,2
,Substance Abuse: Outpatient Treatment,"0900, 0914, 0915, 0916, 0919",90804,,Encounter 20-30 Min,0.00,0.00,$0.00,0,0,0
Oakland,,,,,,,,,,,
,Therapy-Individual Therapy,,90805,,Encounter 20-30 Min,0.00,0.00,$0.00,0,0,0
,Substance Abuse: Outpatient Treatment,"0900, 0914, 0915, 0916, 0919",90805,,Encounter 20-30 Min,0.00,0.00,$0.00,0,0,0
,Therapy-Individual Therapy,,90806,,Encounter 45-50 Min,"1,288.00","7,182.00","$840,934.00",653,117,6
,Substance Abuse: Outpatient Treatment,"0900, 0914, 0915, 0916, 0919",90806,,Encounter 45-50 Min,0.00,0.00,$0.00,0,0,0
,Therapy-Individual Therapy,,90807,,Encounter 45-50 Min,0.00,0.00,$0.00,0,0,0
,Substance Abuse: Outpatient Treatment,"0900, 0914, 0915, 0916, 0919",90807,,Encounter 45-50 Min,0.00,0.00,$0.00,0,0,0
,Therapy-Individual Therapy,,90808,,Encounter 75-80 Min,300.00,780.00,"$161,256.00",538,207,3
,Substance Abuse: Outpatient Treatment,"0900, 0914, 0915, 0916, 0919",90808,,Encounter 75-80 Min,0.00,0.00,$0.00,0,0,0
,Therapy-Individual Therapy,,90809,,Encounter 75-80 Min,0.00,0.00,$0.00,0,0,0
,Substance Abuse: Outpatient Treatment,"0900, 0914, 0915, 0916, 0919",90809,,Encounter 75-80 Min,0.00,0.00,$0.00,0,0,0
,Therapy-Individual Therapy,,90810,,Encounter 20-30 Min,0.00,0.00,$0.00,0,0,0
,Substance Abuse: Outpatient Treatment,"0900, 0914, 0915, 0916, 0919",90810,,Encounter 20-30 Min,0.00,0.00,$0.00,0,0,0
,Therapy-Individual Therapy,,90811,,Encounter 20-30 Min,0.00,0.00,$0.00,0,0,0
,Substance Abuse: Outpatient Treatment,"0900, 0914, 0915, 0916, 0919",90811,,Encounter 20-30 Min,0.00,0.00,$0.00,0,0,0
,Therapy-Individual Therapy,,90812,,Encounter 45-50 Min,0.00,0.00,$0.00,0,0,0
,Substance Abuse: Outpatient Treatment,"0900, 0914, 0915, 0916, 0919",90812,,Encounter 45-50 Min,0.00,0.00,$0.00,0,0,0
,Therapy-Individual Therapy,,90813,,Encounter 45-50 Min,0.00,0.00,$0.00,0,0,0
,Substance Abuse: Outpatient Treatment,"0900, 0914, 0915, 0916, 0919",90813,,Encounter 45-50 Min,0.00,0.00,$0.00,0,0,0
,Therapy-Individual Therapy,,90814,,Encounter 75-80 Min,0.00,0.00,$0.00,0,0,0
,Substance Abuse: Outpatient Treatment,"0900, 0914, 0915, 0916, 0919",90814,,Encounter 75-80 Min,0.00,0.00,$0.00,0,0,0
,Therapy-Individual Therapy,,90815,,Encounter 75-80 Min,0.00,0.00,$0.00,0,0,0
,Substance Abuse: Outpatient Treatment,"0900, 0914, 0915, 0916, 0919",90815,,Encounter 75-80 Min,0.00,0.00,$0.00,0,0,0
,Therapy-Individual Therapy,,90816,,Encounter 20-30 Min,0.00,0.00,$0.00,0,0,0
,Therapy-Individual Therapy,,90817,,Encounter 20-30 Min,0.00,0.00,$0.00,0,0,0
,Therapy-Individual Therapy,,90818,,Encounter 45-50 Min,0.00,0.00,$0.00,0,0,0
,Therapy-Individual Therapy,,90819,,Encounter 45-50 Min,0.00,0.00,$0.00,0,0,0
,Therapy-Individual Therapy,,90821,,Encounter 75-80 Min,0.00,0.00,$0.00,0,0,0
,Therapy-Individual Therapy,,90822,,Encounter 75-80 Min,0.00,0.00,$0.00,0,0,0
,Therapy-Individual Therapy,,90823,,Encounter 20-30 Min,0.00,0.00,$0.00,0,0,0
,Therapy-Individual Therapy,,90824,,Encounter 20-30 Min,0.00,0.00,$0.00,0,0,0
,Therapy-Individual Therapy,,90826,,Encounter 45-50 Min,0.00,0.00,$0.00,0,0,0
,Substance Abuse: Psychotherapy (Individual Therapy),,90826,,Encounter 45-50 Min,0.00,0.00,$0.00,0,0,0
,Therapy-Individual Therapy,,90827,,Encounter 45-50 Min,0.00,0.00,$0.00,0,0,0
,Therapy-Individual Therapy,,90828,,Encounter 75-80 Min,0.00,0.00,$0.00,0,0,0
,Therapy-Individual Therapy,,90829,,Encounter 75-80 Min,0.00,0.00,$0.00,0,0,0
,Therapy-Family Therapy,,90846,,Encounter,11.00,31.00,"$7,222.00",657,233,3
,Therapy-Family Therapy,,90847,,Encounter,46.00,90.00,"$8,553.00",186,95,2
,Substance Abuse: Outpatient Treatment,"0900, 0906, 0914, 0915, 0916, 0919",90847,,Encounter,0.00,0.00,$0.00,0,0,0
,Therapy-Family Therapy,,90849,,Encounter,0.00,0.00,$0.00,0,0,0
,Therapy-Family Therapy,,90849,HS,Encounter,0.00,0.00,$0.00,0,0,0
Oakland,,,,,,,,,,,
,Therapy-Group Therapy,,90853,,Encounter,849.00,"9,547.00","$959,046.00",1130,100,11
,Substance Abuse: Outpatient Treatment,"0900, 0906, 0914, 0915, 0916, 0919",90853,,Encounter,0.00,0.00,$0.00,0,0,0
,Therapy-Group Therapy,,90857,,Encounter,0.00,0.00,$0.00,0,0,0
,Substance Abuse: Outpatient Treatment,"0900, 0906, 0914, 0915, 0916, 0919",90857,,Encounter,0.00,0.00,$0.00,0,0,0
,Medication Review ,,90862,,Encounter,"8,046.00","31,100.00","$3,823,794.00",475,123,4
,Substance Abuse: Medication Review,"0900, 0914, 0915, 0916, 0919",90862,,Encounter,0.00,0.00,$0.00,0,0,0
,Additional Codes-ECT Physician,,90870,,Encounter,0.00,0.00,$0.00,0,0,0
,Additional Codes-ECT Physician,0901,90870,,Encounter,0.00,0.00,$0.00,0,0,0
,Assessments-Other,,90887,,Encounter,0.00,0.00,$0.00,0,0,0
,Speech & Language Therapy ,,92506,,Encounter,0.00,0.00,$0.00,0,0,0
,Speech & Language Therapy ,,92507,,Encounter,0.00,0.00,$0.00,0,0,0
,Speech & Language Therapy ,,92508,,Encounter,0.00,0.00,$0.00,0,0,0
,Speech & Language Therapy ,,92526,,Encounter,0.00,0.00,$0.00,0,0,0
,Speech & Language Therapy ,,92610,,Encounter,0.00,0.00,$0.00,0,0,0
,Evaluation of Auditory Rehabilitation Status (Children's Waiver),,92626,,First Hour,0.00,0.00,$0.00,0,0,0
,Evaluation of Auditory Rehabiliation Status (Children's Waiver),,92627,,Each Additional 15 Minutes,0.00,0.00,$0.00,0,0,0
,Auditory Rehabilitation Preling Hearing Loss (Children's Waiver),,92630,,Encounter,0.00,0.00,$0.00,0,0,0
,Auditory Rehabilitation; Post-Lingual Hearing Loss (Children's Waiver),,92633,,Encounter,0.00,0.00,$0.00,0,0,0
,Psychological Testing PSYCH/PHYS ,,96101,,Per Hour,4.00,16.00,"$4,834.00",1209,302,4
,Psychological Testing by Technician ,,96102,,Per Hour,0.00,0.00,$0.00,0,0,0
,Psychological Testing by Comp ,,96103,,Per Hour,0.00,0.00,$0.00,0,0,0
,Assessments-Other,,96105,,Encounter,0.00,0.00,$0.00,0,0,0
,Assessments-Other,,96110,,Encounter,0.00,0.00,$0.00,0,0,0
,Assessments-Other,,96111,,Encounter,0.00,0.00,$0.00,0,0,0
,Neurobehavioral Status Exam (Children's Waiver),,96116,,Per Hour,0.00,0.00,$0.00,0,0,0
,Neuropsych test by Psych/Phys ,,96118,,Per Hour,0.00,0.00,$0.00,0,0,0
,Neuropsych test by Tech ,,96119,,Per Hour,0.00,0.00,$0.00,0,0,0
,Neuropsych test Admin w/Comp ,,96120,,Per Hour,0.00,0.00,$0.00,0,0,0
,Medication Administration,,96372,,Encounter,599.00,"4,665.00","$376,827.00",629,81,8
,Physical Therapy,,97001,,Encounter,0.00,0.00,$0.00,0,0,0
,Physical Therapy,,97002,,Encounter,0.00,0.00,$0.00,0,0,0
,Occupational Therapy,,97003,,Encounter,123.00,123.00,"$34,063.00",277,277,1
,Occupational Therapy,,97004,,Encounter,2.00,2.00,$690.00,345,345,1
,Occupational or Physical Therapy,,97110,,15 Minutes,0.00,0.00,$0.00,0,0,0
,Occupational or Physical Therapy,,97112,,15 Minutes,0.00,0.00,$0.00,0,0,0
,Occupational or Physical Therapy,,97113,,15 Minutes,0.00,0.00,$0.00,0,0,0
,Occupational or Physical Therapy,,97116,,15 Minutes,0.00,0.00,$0.00,0,0,0
,Occupational or Physical Therapy,,97124,,15 Minutes,0.00,0.00,$0.00,0,0,0
,Occupational or Physical Therapy,,97140,,15 Minutes,0.00,0.00,$0.00,0,0,0
,Occupational or Physical Therapy,,97150,,Encounter,12.00,34.00,"$2,688.00",224,79,3
,Occupational or Physical Therapy,,97530,,15 Minutes,0.00,0.00,$0.00,0,0,0
,Occupational or Physical Therapy,,97532,,15 Minutes,0.00,0.00,$0.00,0,0,0
,Occupational or Physical Therapy,,97533,,15 Minutes,0.00,0.00,$0.00,0,0,0
,Occupational or Physical Therapy,,97535,,15 Minutes,40.00,"1,147.00","$79,420.00",1986,69,29
,Occupational or Physical Therapy,,97537,,15 Minutes,47.00,"1,886.00","$94,303.00",2006,50,40
,Occupational or Physical Therapy,,97542,,15 Minutes,0.00,0.00,$0.00,0,0,0
,Occupational Therapy,,97703,,15 Minutes,0.00,0.00,$0.00,0,0,0
Oakland,,,,,,,,,,,
,Occupational Therapy,,97750,,15 Minutes,0.00,0.00,$0.00,0,0,0
,Occupational Therapy,,97755,,15 Minutes,0.00,0.00,$0.00,0,0,0
,Occupational Therapy,,97760,,15 Minutes,0.00,0.00,$0.00,0,0,0
,C/O for Orthotic/Prosth Use ,,97762,,15 minutes,0.00,0.00,$0.00,0,0,0
,Assessment or Health Services,,97802,,15 Minutes,126.00,606.00,"$26,469.00",210,44,5
,Assessment or Health Services,,97803,,15 Minutes,82.00,281.00,"$13,971.00",170,50,3
,Health Services,,97804,,30 Minutes,0.00,0.00,$0.00,0,0,0
,Additional Codes-Physician Services,,99201,,Encounter,0.00,0.00,$0.00,0,0,0
,Additional Codes-Physician Services,,99202,,Encounter,0.00,0.00,$0.00,0,0,0
,Additional Codes-Physician Services,,99203,,Encounter,0.00,0.00,$0.00,0,0,0
,Additional Codes-Physician Services,,99204,,Encounter,0.00,0.00,$0.00,0,0,0
,Additional Codes-Physician Services,,99205,,Encounter,0.00,0.00,$0.00,0,0,0
,Additional Codes-Physician Services  Medication Administration,,99211,,Encounter,119.00,230.00,"$22,368.00",188,97,2
,Additional Codes-Physician Services,,99212,,Encounter,0.00,0.00,$0.00,0,0,0
,Additional Codes-Physician Services,,99213,,Encounter,0.00,0.00,$0.00,0,0,0
,Additional Codes-Physician Services,,99214,,Encounter,0.00,0.00,$0.00,0,0,0
,Additional Codes-Physician Services,,99215,,Encounter,0.00,0.00,$0.00,0,0,0
,Additional Codes-Physician Services,,99221,,30 Minutes,0.00,0.00,$0.00,0,0,0
,Additional Codes-Physician Services,,99222,,50 Minutes,0.00,0.00,$0.00,0,0,0
,Additional Codes-Physician Services,,99223,,70 Minutes,0.00,0.00,$0.00,0,0,0
,Additional Codes-Physician Services,,99231,,15 Minutes,0.00,0.00,$0.00,0,0,0
,Additional Codes-Physician Services,,99232,,25 minutes,0.00,0.00,$0.00,0,0,0
,Additional Codes-Physician Services,,99233,,35 Minutes,0.00,0.00,$0.00,0,0,0
,Additional Codes-Physician Services,,99238,,30 Minutes or less,0.00,0.00,$0.00,0,0,0
,Additional Codes-Physician Services,,99241,,Encounter,0.00,0.00,$0.00,0,0,0
,Additional Codes-Physician Services,,99242,,Encounter,0.00,0.00,$0.00,0,0,0
,Additional Codes-Physician Services,,99243,,Encounter,0.00,0.00,$0.00,0,0,0
,Additional Codes-Physician Services,,99244,,Encounter,0.00,0.00,$0.00,0,0,0
,Additional Codes-Physician Services,,99245,,Encounter,0.00,0.00,$0.00,0,0,0
,Additional Codes-Physician Services,,99251,,Encounter,0.00,0.00,$0.00,0,0,0
,Additional Codes-Physician Services,,99252,,Encounter,7.00,9.00,$418.00,60,46,1
,Additional Codes-Physician Services,,99253,,Encounter,28.00,31.00,"$1,960.00",70,63,1
,Additional Codes-Physician Services,,99254,,Encounter,26.00,32.00,"$2,909.00",112,91,1
,Additional Codes-Physician Services,,99255,,Encounter,8.00,9.00,"$1,127.00",141,125,1
,Additional Codes-Physician Services,,99261,,Encounter,0.00,0.00,$0.00,0,0,0
,Additional Codes-Physician Services,,99262,,Encounter,0.00,0.00,$0.00,0,0,0
,Additional Codes-Physician Services,,99263,,Encounter,0.00,0.00,$0.00,0,0,0
,Additional Codes-Physician Services,,99271,,Encounter,0.00,0.00,$0.00,0,0,0
,Additional Codes-Physician Services,,99272,,Encounter,0.00,0.00,$0.00,0,0,0
,Additional Codes-Physician Services,,99273,,Encounter,0.00,0.00,$0.00,0,0,0
,Additional Codes-Physician Services,,99274,,Encounter,0.00,0.00,$0.00,0,0,0
,Additional Codes-Physician Services,,99275,,Encounter,0.00,0.00,$0.00,0,0,0
,Medication Administration,,99605,,Encounter,0.00,0.00,$0.00,0,0,0
,Transportation,,A0080,,Per mile,0.00,0.00,$0.00,0,0,0
,Transportation,,A0090,,Per mile,0.00,0.00,$0.00,0,0,0
,Transportation,,A0100,,Per one-way trip,0.00,0.00,$0.00,0,0,0
,Transportation,,A0110,,Per one-way trip,0.00,0.00,$0.00,0,0,0
,Transportation,,A0120,,Per one-way trip,0.00,0.00,$0.00,0,0,0
,Transportation,,A0130,,Per one-way trip,0.00,0.00,$0.00,0,0,0
,Transportation,,A0140,,Per one-way trip,0.00,0.00,$0.00,0,0,0
Oakland,,,,,,,,,,,
,Transportation,,A0170,,,0.00,0.00,$0.00,0,0,0
,Additional Codes-Transportation,,A0425,,Per Mile,0.00,0.00,$0.00,0,0,0
,Additional Codes-Transportation,,A0427,,Refer to code descriptions.,554.00,637.00,"$112,637.00",203,177,1
,Additional codes - Transportation,,A0428,,,0.00,0.00,$0.00,0,0,0
,Repair or Non-Routine Service for DME (Children's Waiver),,E1340,,15 Minutes,0.00,0.00,$0.00,0,0,0
,Enhanced Medical Equipment-Supplies,,E1399,,Items,0.00,0.00,$0.00,0,0,0
,Activity Therapy (Children's Waiver),,G0176,,Encounter,0.00,0.00,$0.00,0,0,0
,Family Training/Support EBP only,,G0177,,Encounter Session at least 45 min,70.00,608.00,"$181,446.00",2592,298,9
,Substance Abuse: Individual Assessment,,H0001,,Encounter,96.00,103.00,"$6,236.00",65,61,1
,Assessment ,,H0002,,Encounter,631.00,661.00,"$125,570.00",199,190,1
,Substance Abuse: Individual Assessment,,H0002,,Encounter,0.00,0.00,$0.00,0,0,0
,Substance Abuse:Laboratory,,H0003,,Encounter,0.00,0.00,$0.00,0,0,0
,Substance Abuse: Outpatient Treatment,"0900, 0906, 0914, 0915, 0916, 0919",H0004,,15 Minutes,0.00,0.00,$0.00,0,0,0
,Substance Abuse: Outpatient Treatment,"0900, 0906, 0914, 0915, 0916, 0919",H0005,,Encounter,145.00,"1,859.00","$88,149.00",608,47,13
,Substance Abuse: Case Management,,H0006,,Encounter,0.00,0.00,$0.00,0,0,0
,Substance Abuse: Sub-Acute Detoxification,1002,H0010,,Days,0.00,0.00,$0.00,0,0,0
,Substance Abuse: Sub-Acute Detoxification,1002,H0012,,Days,0.00,0.00,$0.00,0,0,0
,Substance Abuse: Sub-Acute Detoxification,1002,H0014,,Days,0.00,0.00,$0.00,0,0,0
,Substance Abuse: Outpatient Care,"0900, 0906, 0914, 0915, 0916, 0919",H0015,,Days,0.00,0.00,$0.00,0,0,0
,Crisis Residential Services,,H0018,,Days,411.00,"4,707.00","$1,707,001.00",4153,363,11
,Substance Abuse: Residential,1002,H0018,,Days,0.00,0.00,$0.00,0,0,0
,Substance Abuse: Residential,1002,H0019,,Days,0.00,0.00,$0.00,0,0,0
,Substance Abuse: Methadone,,H0020,,Encounter,0.00,0.00,$0.00,0,0,0
,Substance Abuse: Early Intervention,,H0022,,Encounter,0.00,0.00,$0.00,0,0,0
,Peer Directed and Operated Support Services,,H0023,,Encounter,566.00,"1,072.00","$58,964.00",104,55,2
,Prevention Services - Direct Model,,H0025,,Face to Face Contact,0.00,0.00,$0.00,0,0,0
,Crisis Intervention,,H0030,,Per Service,0.00,0.00,$0.00,0,0,0
,Assessment ,,H0031,,Encounter,"3,471.00","4,130.00","$877,416.00",253,212,1
,Substance Abuse: Assessment,,H0031,,Encounter,0.00,0.00,$0.00,0,0,0
,Treatment Planning,,H0032,,Encounter,"2,101.00","3,225.00","$466,334.00",222,145,2
,Monitoring of Treatment - Clinician,,H0032,TS,Encounter,9.00,9.00,"$1,304.00",145,145,1
,Substance Abuse: Pharmalogical Support - Suboxane,,H0033,,Direct Observation Encounter,0.00,0.00,$0.00,0,0,0
,Health Services,,H0034,,15 Minutes,5.00,5.00,$268.00,54,54,1
,Home Based Services,,H0036,,15 Minutes,15.00,"1,235.00","$47,686.00",3179,39,82
,Home Based Services,,H0036,ST,15 Minutes,0.00,0.00,$0.00,0,0,0
,Community Psychiatric Supportive Treatment ,,H0037,,Per diem,0.00,0.00,$0.00,0,0,0
,Peer Directed and Operated Support Services,,H0038,,15 minutes,"2,556.00","46,094.00","$1,243,447.00",486,27,18
,Peer Directed and Operated Support Services,,NA,,,491.00,0.00,"$980,354.00",1997,0,0
,Assertive Community Treatment (ACT),,H0039,,15 Minutes,541.00,"106,434.00","$6,707,185.00",12398,63,197
,Community Living Supports in Independent living/own home,,H0043,,Per diem,4.00,165.00,"$23,988.00",5997,145,41
,Community Living Supports in Independent living/own home,,H0043,TT,Per diem,0.00,0.00,$0.00,0,0,0
,Respite,,H0045,,Days,0.00,0.00,$0.00,0,0,0
,Respite (Children's Waiver),,H0045,TD,Per Diem,0.00,0.00,$0.00,0,0,0
,Respite (Children's Waiver),,H0045,TE,Per Diem,0.00,0.00,$0.00,0,0,0
,Substance Abuse:Laboratory (cells now unlocked),,H0048,,Encounter,0.00,0.00,$0.00,0,0,0
,Substance Abuse: Individual Assessment,,H0049,,Encounter,0.00,0.00,$0.00,0,0,0
,Behavior Treatment Plan Review,,H2000,,Encounter,9.00,63.00,"$6,481.00",720,103,7
,Behavior Treatment Plan Review - Monitoring Activities,,H2000,TS,Encounter,0.00,0.00,$0.00,0,0,0
Oakland,,,,,,,,,,,
,Comprehensive Medication Services - EBP only,,H2010,,15 minutes,0.00,0.00,$0.00,0,0,0
,Crisis Intervention,,H2011,,15 Minutes,"2,442.00","10,708.00","$876,700.00",359,82,4
,Skill-Building and Out of Home Non Vocational Habilitation,,H2014,,15 minutes,218.00,"113,414.00","$595,458.00",2731,5,520
,Skill-Building and Out of Home Non Vocational Habilitation,,H2014,TT,15 Minutes,72.00,"181,073.00","$212,978.00",2958,1,2515
,Community Living Supports (15 Minutes),,H2015,,15 Minutes,998.00,"2,255,438.00","$7,704,576.00",7720,3,2260
,Community Living Supports (15 Minutes),,H2015,TT,15 Minutes,106.00,"6,038.00","$26,377.00",249,4,57
,Community Living Supports (Daily),,H2016,,Per Diem,116.00,"26,963.00","$1,309,811.00",11291,49,232
,Community Living Supports (Daily),,H2016,TF,Per Diem,70.00,"16,777.00","$1,667,928.00",23828,99,240
,Community Living Supports (Daily),,H2016,TG,Per Diem,236.00,"61,458.00","$7,724,046.00",32729,126,260
,Behavior Services,,H2019,,15 Minutes,0.00,0.00,$0.00,0,0,0
,Behavior Services,,H2019,TT,15 Minutes,0.00,0.00,$0.00,0,0,0
,Crisis Intervention,,H2020,,Days,0.00,0.00,$0.00,0,0,0
,Wraparound,,H2021,,15 Minutes,1.00,12.00,$0.00,0,0,12
,Wraparound,,H2022,,Days,3.00,8.00,$0.00,0,0,3
,Supported Employment Services,,H2023,,15 minutes,68.00,"17,514.00","$172,023.00",2530,10,258
,Supported Employment Services,,H2023,TT,15 Minutes,0.00,0.00,$0.00,0,0,0
,Mental Health Therapy,,H2027,,15 Minutes,0.00,0.00,$0.00,0,0,0
,Clubhouse Psychosocial Rehabilitation Programs ,,H2030,,15 Minutes,528.00,"566,874.00","$2,560,649.00",4850,5,1074
,Home Based Services,,H2033,,15 Minutes,0.00,0.00,$0.00,0,0,0
,Substance Abuse: Outpatient Care,"0900, 0906, 0914, 0915, 0916, 0919",H2035,,Hour,0.00,0.00,$0.00,0,0,0
,Substance Abuse: Outpatient Care,"0900, 0906, 0914, 0915, 0916, 0919",H2036,,Per Diem,0.00,0.00,$0.00,0,0,0
,Medication Review ,,M0064,,"Encounter Face-to-Face, generally less than 10 minutes",0.00,0.00,$0.00,0,0,0
,Transportation,,S0209,,Per Mile,0.00,0.00,$0.00,0,0,0
,Transportation,,S0215,,Per Mile,0.00,0.00,$0.00,0,0,0
,Family Training - EBP,,S5110,,15 Minutes,26.00,391.00,"$26,197.00",1008,67,15
,Family Training,,S5111,,Encounter,49.00,333.00,"$10,322.00",211,31,7
,Family Training,,S5111,HA,Encounter,0.00,0.00,$0.00,0,0,0
,"Home Care Training, Non-Family (Children's Waiver)",,S5116,,Encounter,0.00,0.00,$0.00,0,0,0
,Chore Services,,S5120,,15 Minutes,0.00,0.00,$0.00,0,0,0
,Foster Care,,S5140,,Days,0.00,0.00,$0.00,0,0,0
,Foster Care,,S5145,,Days,0.00,0.00,$0.00,0,0,0
,Respite,,S5150,,15 Minutes,0.00,0.00,$0.00,0,0,0
,Respite,,S5151,,Per Diem,0.00,0.00,$0.00,0,0,0
,Personal Emergency Response System (PERS),,S5160,,Encounter,0.00,0.00,$0.00,0,0,0
,Personal Emergency Response System (PERS),,S5161,,Month,0.00,0.00,$0.00,0,0,0
,Environmental Modification ,,S5165,,Service,0.00,0.00,$0.00,0,0,0
,Enhanced Medical Equipment-Supplies,,S5199,,Items,0.00,0.00,$0.00,0,0,0
,Occupational or Physical Therapy,,S8990,,Encounter,0.00,0.00,$0.00,0,0,0
,Private Duty Nursing,0582,S9123,,Hour,0.00,0.00,$0.00,0,0,0
,Private Duty Nursing,,S9123,,Hour,0.00,0.00,$0.00,0,0,0
,Private Duty Nursing,,S9123,TT,Hour,0.00,0.00,$0.00,0,0,0
,Private Duty Nursing,0582,S9124,,Hour,0.00,0.00,$0.00,0,0,0
,Private Duty Nursing,,S9124,,Hour,0.00,0.00,$0.00,0,0,0
,Private Duty Nursing,,S9124,TT,Hour,0.00,0.00,$0.00,0,0,0
,Respite Care in the Home (RN) (Children's Waiver),,S9125,TD,Per Diem,0.00,0.00,$0.00,0,0,0
,Respite Care in the Home (LPN) (Children's Waiver),,S9125,TE,Per Diem,0.00,0.00,$0.00,0,0,0
,Health Services,,S9445,,Encounter,"2,894.00","9,479.00","$436,127.00",151,46,3
,Health Services,,S9446,,Encounter,23.00,40.00,"$10,280.00",447,257,2
Oakland,,,,,,,,,,,
,Health Services,,S9470,,Encounter,179.00,764.00,"$83,816.00",468,110,4
,Intensive Crisis Stabilization-Enrolled Program,,S9484,,Hour,0.00,0.00,$0.00,0,0,0
,Reidential Room and Board,,S9976,,Days,411.00,"4,707.00","$300,655.00",732,64,11
,Private Duty Nursing,,T1000,,Up to 15 min,0.00,0.00,$0.00,0,0,0
,Private Duty Nursing,,T1000,TD,Up to 15 min,0.00,0.00,$0.00,0,0,0
,Private Duty Nursing,,T1000,TE,Up to 15 min,0.00,0.00,$0.00,0,0,0
,Assessment,,T1001,,Encounter,864.00,883.00,"$200,010.00",231,227,1
,Health Services,,T1002,,Up to 15 min,"1,345.00","6,375.00","$391,768.00",291,61,5
,Respite Care,,T1005,,15 Minutes,0.00,0.00,$0.00,0,0,0
,Respite Care,,T1005,TD,15 Minutes,0.00,0.00,$0.00,0,0,0
,Respite Care,,T1005,TE,15 Minutes,0.00,0.00,$0.00,0,0,0
,Substance Abuse: Recovery Support Services,"0900, 0906, 0914, 0915, 0916, 0919",T1012,,Encounter,0.00,0.00,$0.00,0,0,0
,Family Psycho-Education - EBP,,T1015,,Encounter,38.00,68.00,"$10,270.00",270,151,2
,Supports Coordination/Wrap Facilitation,,T1016,,15 minutes,24.00,402.00,"$17,197.00",717,43,17
,Targeted Case Management ,,T1017,,15 minutes,"8,104.00","252,509.00","$16,200,770.00",1999,64,31
,Nursing Home Mental Health Monitoring,,T1017,SE,15 minutes,353.00,"7,931.00","$422,009.00",1195,53,22
,Personal Care in Licensed Specialized Residential Setting,,T1020,,Days,238.00,"60,638.00","$2,295,215.00",9644,38,255
,Personal Care in Licensed Specialized Residential Setting,,T1020,TF,Days,72.00,"17,853.00","$1,375,469.00",19104,77,248
,Personal Care in Licensed Specialized Residential Setting,,T1020,TG,Days,114.00,"26,786.00","$2,485,916.00",21806,93,235
,Assessments,,T1023,,Encounter,"2,177.00","2,807.00","$1,124,018.00",516,400,1
,Enhanced Medical Supplies or Pharmacy,,T1999,,Items,0.00,0.00,$0.00,0,0,0
,Transportation,,T2001,,Encounter,0.00,0.00,$0.00,0,0,0
,Transportation,,T2002,,Per Diem,0.00,0.00,$0.00,0,0,0
,Transportation,,T2003,,Encounter / Trip,0.00,0.00,$0.00,0,0,0
,Transportation,,T2004,,Encounter,0.00,0.00,$0.00,0,0,0
,Transportation,,T2005,,Encounter,0.00,0.00,$0.00,0,0,0
,Out of Home Prevocational Service,,T2015,,Hour,0.00,0.00,$0.00,0,0,0
,Targeted Case Management (Children's Waiver),,T2023,,Month,0.00,0.00,$0.00,0,0,0
,Fiscal Intermediary Services,,T2025,,Month,0.00,0.00,$0.00,0,0,0
,Enhanced Medical Equipment-Supplies,,T2028,,Items,0.00,0.00,$0.00,0,0,0
,Enhanced Medical Equipment-Supplies,,T2029,,Items,0.00,0.00,$0.00,0,0,0
,Crisis Intervention,,T2034,,Days,0.00,0.00,$0.00,0,0,0
,Respite Care,,T2036,,Encounter / Trip. Per session. One night = one session,0.00,0.00,$0.00,0,0,0
,Respite Care,,T2037,,Encounter / Trip  Per session. One day/partial day = one session,0.00,0.00,$0.00,0,0,0
,Housing Assistance,,T2038,,Month   Service,803.00,"3,028.00","$1,834,589.00",2285,606,4
,Enhanced Medical Equipment-Supplies,,T2039,,Items,0.00,0.00,$0.00,0,0,0
,Pharmacy (Drugs and Other Biologicals),,,,,"5,616.00",0.00,"$2,207,034.00",393,0,0
,Other,,,,,0.00,0.00,$0.00,0,0,0
,Aggregate for 'J' Codes,,ALL,,,0.00,0.00,$0.00,0,0,0
Ottawa,,,,,,,,,,,
,State Psychiatric Hospital - Inpatient PT22,"0100, 0101, 0114, 0124, 0134, 0154",,PT22,Days,2.00,46.00,"$24,478.00",12239,532,23
,State Mental Retardation Facility - Inpatient (ICF/MR) PT65,"0100, 0101, 0114, 0124, 0134, 0154",,PT65,Days,0.00,0.00,$0.00,0,0,0
,Local Psychiatric Hospital/IMD PT68,"0100, 0101, 0114, 0124, 0134, 0154",,PT68,Days,31.00,505.00,"$127,363.00",4108,252,16
,Local Psychiatric Hospital - Acute Community PT73,"0100, 0101, 0114, 0124, 0134, 0154",,PT73,Days,206.00,"1,763.00","$777,250.00",3773,441,9
,Inpatient Hospital Ancillary Services - Leave of Absence,0183,,,Days,0.00,0.00,$0.00,0,0,0
,Inpatient Hospital Ancillary Services - Pharmacy,"0250-0254, 0257-0258 ",,,,0.00,0.00,$0.00,0,0,0
,Inpatient Hospital Ancillary Services - Medical/Surgical Supplies and Devices,0270-0272,,,# of items,0.00,0.00,$0.00,0,0,0
,Inpatient Hospital Ancillary Services - Laboratory,"0300-0302, 0305-0307",,,# of tests,0.00,0.00,$0.00,0,0,0
,Inpatient Hospital Ancillary Services - Radiology,0320,,,# of tests,0.00,0.00,$0.00,0,0,0
,ECT Anesthesia,0370,,,,0.00,0.00,$0.00,0,0,0
,Inpatient Hospital Ancillary Services - Respiratory Services,0410,,,# of treatments,0.00,0.00,$0.00,0,0,0
,Inpatient Hospital Ancillary Services -Physical Therapy,0420-0424,,,# of treatments,0.00,0.00,$0.00,0,0,0
,Inpatient Hospital Ancillary Services - Occupational Therapy,0430-0434,,,# of treatments,0.00,0.00,$0.00,0,0,0
,Inpatient Hospital Ancillary Services - Speech-Language Pathology,0440-0444,,,# of treatments,0.00,0.00,$0.00,0,0,0
,Inpatient Hospital Ancillary Services - Emergency Room,0450,,,# of visits,0.00,0.00,$0.00,0,0,0
,Inpatient Hospital Ancillary Services - Pulmonary Function,0460,,,# of tests,0.00,0.00,$0.00,0,0,0
,Inpatient Hospital Ancillary Services - Audiology,0470-0472,,,# of tests,0.00,0.00,$0.00,0,0,0
,Inpatient Hospital Ancillary Services - Magnetic Resonance Technology (MRT),0610-0611,,,# of tests,0.00,0.00,$0.00,0,0,0
,Inpatient Hospital Ancillary Services - Pharmacy,0636,,,# of units,0.00,0.00,$0.00,0,0,0
,ECT Recovery Room,0701,,,,0.00,0.00,$0.00,0,0,0
,Inpatient Hospital Ancillary Services -EKG/ECG,0730-0731,,,# of tests,0.00,0.00,$0.00,0,0,0
,Inpatient Hospital Ancillary Services - EEG,0740,,,# of tests,0.00,0.00,$0.00,0,0,0
,Crisis Observation Care,0762,,,Hour,0.00,0.00,$0.00,0,0,0
,Additional Codes-ECT Facility Charge,0901,,,Encounter,3.00,6.00,"$3,774.00",1258,629,2
,Inpatient Hospital Ancillary Services - Psychiatric/Psychological Treatments/Services,"0900, 0902-0904, 0911, 0914-0919",,,# of visits,0.00,0.00,$0.00,0,0,0
,Outpatient Partial Hospitalization,0912,,,Days,8.00,36.00,"$7,467.00",933,207,5
,Outpatient Partial Hospitalization,0913,,,Days,0.00,0.00,$0.00,0,0,0
,Inpatient Hospital Ancillary Services - Other Diagnosis Services,0925,,,# of tests,0.00,0.00,$0.00,0,0,0
,Inpatient Hospital Ancillary Services - Other Therapeutic Services,0940-0942,,,# of visits,0.00,0.00,$0.00,0,0,0
,Additional Codes-ECT Anesthesia,,00104,,Minutes,0.00,0.00,$0.00,0,0,0
,Drug Screen for Methadone Clients Only,,80100,,Per Screen,0.00,0.00,$0.00,0,0,0
,Drug Screen for Methadone Clients Only,,80101,,Per Screen,0.00,0.00,$0.00,0,0,0
,Alcohol Breath Test for Methadone Clients Only,,82075,,Per Test,0.00,0.00,$0.00,0,0,0
,Medication Administration,,90772,,Encounter,64.00,286.00,"$26,066.00",407,91,4
,Assessment-Psychiatric Assessment,,90801,,Encounter,215.00,235.00,"$104,800.00",487,446,1
,Substance Abuse: Psychiatric Evaluation,,90801,,Encounter,0.00,0.00,$0.00,0,0,0
,Assessment-Psychiatric Assessment,,90802,,Encounter,0.00,0.00,$0.00,0,0,0
,Substance Abuse: Psychiatric Evaluation,,90802,,Encounter,0.00,0.00,$0.00,0,0,0
,Therapy-Individual Therapy,,90804,,Encounter 20-30 Min,285.00,710.00,"$56,865.00",200,80,2
,Substance Abuse: Outpatient Treatment,"0900, 0914, 0915, 0916, 0919",90804,,Encounter 20-30 Min,0.00,0.00,$0.00,0,0,0
Ottawa,,,,,,,,,,,
,Therapy-Individual Therapy,,90805,,Encounter 20-30 Min,0.00,0.00,$0.00,0,0,0
,Substance Abuse: Outpatient Treatment,"0900, 0914, 0915, 0916, 0919",90805,,Encounter 20-30 Min,0.00,0.00,$0.00,0,0,0
,Therapy-Individual Therapy,,90806,,Encounter 45-50 Min,618.00,"3,855.00","$511,888.00",828,133,6
,Substance Abuse: Outpatient Treatment,"0900, 0914, 0915, 0916, 0919",90806,,Encounter 45-50 Min,0.00,0.00,$0.00,0,0,0
,Therapy-Individual Therapy,,90807,,Encounter 45-50 Min,0.00,0.00,$0.00,0,0,0
,Substance Abuse: Outpatient Treatment,"0900, 0914, 0915, 0916, 0919",90807,,Encounter 45-50 Min,0.00,0.00,$0.00,0,0,0
,Therapy-Individual Therapy,,90808,,Encounter 75-80 Min,24.00,30.00,"$17,769.00",740,592,1
,Substance Abuse: Outpatient Treatment,"0900, 0914, 0915, 0916, 0919",90808,,Encounter 75-80 Min,0.00,0.00,$0.00,0,0,0
,Therapy-Individual Therapy,,90809,,Encounter 75-80 Min,0.00,0.00,$0.00,0,0,0
,Substance Abuse: Outpatient Treatment,"0900, 0914, 0915, 0916, 0919",90809,,Encounter 75-80 Min,0.00,0.00,$0.00,0,0,0
,Therapy-Individual Therapy,,90810,,Encounter 20-30 Min,0.00,0.00,$0.00,0,0,0
,Substance Abuse: Outpatient Treatment,"0900, 0914, 0915, 0916, 0919",90810,,Encounter 20-30 Min,0.00,0.00,$0.00,0,0,0
,Therapy-Individual Therapy,,90811,,Encounter 20-30 Min,0.00,0.00,$0.00,0,0,0
,Substance Abuse: Outpatient Treatment,"0900, 0914, 0915, 0916, 0919",90811,,Encounter 20-30 Min,0.00,0.00,$0.00,0,0,0
,Therapy-Individual Therapy,,90812,,Encounter 45-50 Min,0.00,0.00,$0.00,0,0,0
,Substance Abuse: Outpatient Treatment,"0900, 0914, 0915, 0916, 0919",90812,,Encounter 45-50 Min,0.00,0.00,$0.00,0,0,0
,Therapy-Individual Therapy,,90813,,Encounter 45-50 Min,0.00,0.00,$0.00,0,0,0
,Substance Abuse: Outpatient Treatment,"0900, 0914, 0915, 0916, 0919",90813,,Encounter 45-50 Min,0.00,0.00,$0.00,0,0,0
,Therapy-Individual Therapy,,90814,,Encounter 75-80 Min,0.00,0.00,$0.00,0,0,0
,Substance Abuse: Outpatient Treatment,"0900, 0914, 0915, 0916, 0919",90814,,Encounter 75-80 Min,0.00,0.00,$0.00,0,0,0
,Therapy-Individual Therapy,,90815,,Encounter 75-80 Min,0.00,0.00,$0.00,0,0,0
,Substance Abuse: Outpatient Treatment,"0900, 0914, 0915, 0916, 0919",90815,,Encounter 75-80 Min,0.00,0.00,$0.00,0,0,0
,Therapy-Individual Therapy,,90816,,Encounter 20-30 Min,0.00,0.00,$0.00,0,0,0
,Therapy-Individual Therapy,,90817,,Encounter 20-30 Min,0.00,0.00,$0.00,0,0,0
,Therapy-Individual Therapy,,90818,,Encounter 45-50 Min,0.00,0.00,$0.00,0,0,0
,Therapy-Individual Therapy,,90819,,Encounter 45-50 Min,0.00,0.00,$0.00,0,0,0
,Therapy-Individual Therapy,,90821,,Encounter 75-80 Min,0.00,0.00,$0.00,0,0,0
,Therapy-Individual Therapy,,90822,,Encounter 75-80 Min,0.00,0.00,$0.00,0,0,0
,Therapy-Individual Therapy,,90823,,Encounter 20-30 Min,0.00,0.00,$0.00,0,0,0
,Therapy-Individual Therapy,,90824,,Encounter 20-30 Min,0.00,0.00,$0.00,0,0,0
,Therapy-Individual Therapy,,90826,,Encounter 45-50 Min,0.00,0.00,$0.00,0,0,0
,Substance Abuse: Psychotherapy (Individual Therapy),,90826,,Encounter 45-50 Min,0.00,0.00,$0.00,0,0,0
,Therapy-Individual Therapy,,90827,,Encounter 45-50 Min,0.00,0.00,$0.00,0,0,0
,Therapy-Individual Therapy,,90828,,Encounter 75-80 Min,0.00,0.00,$0.00,0,0,0
,Therapy-Individual Therapy,,90829,,Encounter 75-80 Min,0.00,0.00,$0.00,0,0,0
,Therapy-Family Therapy,,90846,,Encounter,0.00,0.00,$0.00,0,0,0
,Therapy-Family Therapy,,90847,,Encounter,4.00,14.00,"$1,016.00",254,73,4
,Substance Abuse: Outpatient Treatment,"0900, 0906, 0914, 0915, 0916, 0919",90847,,Encounter,0.00,0.00,$0.00,0,0,0
,Therapy-Family Therapy,,90849,,Encounter,0.00,0.00,$0.00,0,0,0
,Therapy-Family Therapy,,90849,HS,Encounter,0.00,0.00,$0.00,0,0,0
Ottawa,,,,,,,,,,,
,Therapy-Group Therapy,,90853,,Encounter,232.00,"1,666.00","$333,495.00",1437,200,7
,Substance Abuse: Outpatient Treatment,"0900, 0906, 0914, 0915, 0916, 0919",90853,,Encounter,0.00,0.00,$0.00,0,0,0
,Therapy-Group Therapy,,90857,,Encounter,0.00,0.00,$0.00,0,0,0
,Substance Abuse: Outpatient Treatment,"0900, 0906, 0914, 0915, 0916, 0919",90857,,Encounter,0.00,0.00,$0.00,0,0,0
,Medication Review ,,90862,,Encounter,832.00,"2,980.00","$608,080.00",731,204,4
,Substance Abuse: Medication Review,"0900, 0914, 0915, 0916, 0919",90862,,Encounter,0.00,0.00,$0.00,0,0,0
,Additional Codes-ECT Physician,,90870,,Encounter,2.00,7.00,"$2,383.00",1192,340,4
,Additional Codes-ECT Physician,0901,90870,,Encounter,0.00,0.00,$0.00,0,0,0
,Assessments-Other,,90887,,Encounter,0.00,0.00,$0.00,0,0,0
,Speech & Language Therapy ,,92506,,Encounter,0.00,0.00,$0.00,0,0,0
,Speech & Language Therapy ,,92507,,Encounter,0.00,0.00,$0.00,0,0,0
,Speech & Language Therapy ,,92508,,Encounter,0.00,0.00,$0.00,0,0,0
,Speech & Language Therapy ,,92526,,Encounter,0.00,0.00,$0.00,0,0,0
,Speech & Language Therapy ,,92610,,Encounter,0.00,0.00,$0.00,0,0,0
,Evaluation of Auditory Rehabilitation Status (Children's Waiver),,92626,,First Hour,0.00,0.00,$0.00,0,0,0
,Evaluation of Auditory Rehabiliation Status (Children's Waiver),,92627,,Each Additional 15 Minutes,0.00,0.00,$0.00,0,0,0
,Auditory Rehabilitation Preling Hearing Loss (Children's Waiver),,92630,,Encounter,0.00,0.00,$0.00,0,0,0
,Auditory Rehabilitation; Post-Lingual Hearing Loss (Children's Waiver),,92633,,Encounter,0.00,0.00,$0.00,0,0,0
,Psychological Testing PSYCH/PHYS ,,96101,,Per Hour,6.00,18.00,"$6,652.00",1109,370,3
,Psychological Testing by Technician ,,96102,,Per Hour,0.00,0.00,$0.00,0,0,0
,Psychological Testing by Comp ,,96103,,Per Hour,0.00,0.00,$0.00,0,0,0
,Assessments-Other,,96105,,Encounter,0.00,0.00,$0.00,0,0,0
,Assessments-Other,,96110,,Encounter,0.00,0.00,$0.00,0,0,0
,Assessments-Other,,96111,,Encounter,0.00,0.00,$0.00,0,0,0
,Neurobehavioral Status Exam (Children's Waiver),,96116,,Per Hour,0.00,0.00,$0.00,0,0,0
,Neuropsych test by Psych/Phys ,,96118,,Per Hour,0.00,0.00,$0.00,0,0,0
,Neuropsych test by Tech ,,96119,,Per Hour,0.00,0.00,$0.00,0,0,0
,Neuropsych test Admin w/Comp ,,96120,,Per Hour,0.00,0.00,$0.00,0,0,0
,Medication Administration,,96372,,Encounter,73.00,813.00,"$70,384.00",964,87,11
,Physical Therapy,,97001,,Encounter,0.00,0.00,$0.00,0,0,0
,Physical Therapy,,97002,,Encounter,0.00,0.00,$0.00,0,0,0
,Occupational Therapy,,97003,,Encounter,0.00,0.00,$0.00,0,0,0
,Occupational Therapy,,97004,,Encounter,0.00,0.00,$0.00,0,0,0
,Occupational or Physical Therapy,,97110,,15 Minutes,0.00,0.00,$0.00,0,0,0
,Occupational or Physical Therapy,,97112,,15 Minutes,0.00,0.00,$0.00,0,0,0
,Occupational or Physical Therapy,,97113,,15 Minutes,0.00,0.00,$0.00,0,0,0
,Occupational or Physical Therapy,,97116,,15 Minutes,0.00,0.00,$0.00,0,0,0
,Occupational or Physical Therapy,,97124,,15 Minutes,0.00,0.00,$0.00,0,0,0
,Occupational or Physical Therapy,,97140,,15 Minutes,0.00,0.00,$0.00,0,0,0
,Occupational or Physical Therapy,,97150,,Encounter,0.00,0.00,$0.00,0,0,0
,Occupational or Physical Therapy,,97530,,15 Minutes,0.00,0.00,$0.00,0,0,0
,Occupational or Physical Therapy,,97532,,15 Minutes,0.00,0.00,$0.00,0,0,0
,Occupational or Physical Therapy,,97533,,15 Minutes,0.00,0.00,$0.00,0,0,0
,Occupational or Physical Therapy,,97535,,15 Minutes,0.00,0.00,$0.00,0,0,0
,Occupational or Physical Therapy,,97537,,15 Minutes,0.00,0.00,$0.00,0,0,0
,Occupational or Physical Therapy,,97542,,15 Minutes,0.00,0.00,$0.00,0,0,0
,Occupational Therapy,,97703,,15 Minutes,0.00,0.00,$0.00,0,0,0
Ottawa,,,,,,,,,,,
,Occupational Therapy,,97750,,15 Minutes,0.00,0.00,$0.00,0,0,0
,Occupational Therapy,,97755,,15 Minutes,0.00,0.00,$0.00,0,0,0
,Occupational Therapy,,97760,,15 Minutes,0.00,0.00,$0.00,0,0,0
,C/O for Orthotic/Prosth Use ,,97762,,15 minutes,0.00,0.00,$0.00,0,0,0
,Assessment or Health Services,,97802,,15 Minutes,0.00,0.00,$0.00,0,0,0
,Assessment or Health Services,,97803,,15 Minutes,0.00,0.00,$0.00,0,0,0
,Health Services,,97804,,30 Minutes,0.00,0.00,$0.00,0,0,0
,Additional Codes-Physician Services,,99201,,Encounter,0.00,0.00,$0.00,0,0,0
,Additional Codes-Physician Services,,99202,,Encounter,0.00,0.00,$0.00,0,0,0
,Additional Codes-Physician Services,,99203,,Encounter,0.00,0.00,$0.00,0,0,0
,Additional Codes-Physician Services,,99204,,Encounter,0.00,0.00,$0.00,0,0,0
,Additional Codes-Physician Services,,99205,,Encounter,0.00,0.00,$0.00,0,0,0
,Additional Codes-Physician Services  Medication Administration,,99211,,Encounter,0.00,0.00,$0.00,0,0,0
,Additional Codes-Physician Services,,99212,,Encounter,0.00,0.00,$0.00,0,0,0
,Additional Codes-Physician Services,,99213,,Encounter,0.00,0.00,$0.00,0,0,0
,Additional Codes-Physician Services,,99214,,Encounter,0.00,0.00,$0.00,0,0,0
,Additional Codes-Physician Services,,99215,,Encounter,0.00,0.00,$0.00,0,0,0
,Additional Codes-Physician Services,,99221,,30 Minutes,0.00,0.00,$0.00,0,0,0
,Additional Codes-Physician Services,,99222,,50 Minutes,1.00,1.00,$77.00,77,77,1
,Additional Codes-Physician Services,,99223,,70 Minutes,2.00,2.00,$77.00,38,38,1
,Additional Codes-Physician Services,,99231,,15 Minutes,3.00,9.00,$385.00,128,43,3
,Additional Codes-Physician Services,,99232,,25 minutes,2.00,10.00,$616.00,308,62,5
,Additional Codes-Physician Services,,99233,,35 Minutes,3.00,11.00,$693.00,231,63,4
,Additional Codes-Physician Services,,99238,,30 Minutes or less,1.00,1.00,$77.00,77,77,1
,Additional Codes-Physician Services,,99241,,Encounter,0.00,0.00,$0.00,0,0,0
,Additional Codes-Physician Services,,99242,,Encounter,0.00,0.00,$0.00,0,0,0
,Additional Codes-Physician Services,,99243,,Encounter,0.00,0.00,$0.00,0,0,0
,Additional Codes-Physician Services,,99244,,Encounter,0.00,0.00,$0.00,0,0,0
,Additional Codes-Physician Services,,99245,,Encounter,0.00,0.00,$0.00,0,0,0
,Additional Codes-Physician Services,,99251,,Encounter,0.00,0.00,$0.00,0,0,0
,Additional Codes-Physician Services,,99252,,Encounter,0.00,0.00,$0.00,0,0,0
,Additional Codes-Physician Services,,99253,,Encounter,0.00,0.00,$0.00,0,0,0
,Additional Codes-Physician Services,,99254,,Encounter,0.00,0.00,$0.00,0,0,0
,Additional Codes-Physician Services,,99255,,Encounter,0.00,0.00,$0.00,0,0,0
,Additional Codes-Physician Services,,99261,,Encounter,0.00,0.00,$0.00,0,0,0
,Additional Codes-Physician Services,,99262,,Encounter,0.00,0.00,$0.00,0,0,0
,Additional Codes-Physician Services,,99263,,Encounter,0.00,0.00,$0.00,0,0,0
,Additional Codes-Physician Services,,99271,,Encounter,0.00,0.00,$0.00,0,0,0
,Additional Codes-Physician Services,,99272,,Encounter,0.00,0.00,$0.00,0,0,0
,Additional Codes-Physician Services,,99273,,Encounter,0.00,0.00,$0.00,0,0,0
,Additional Codes-Physician Services,,99274,,Encounter,0.00,0.00,$0.00,0,0,0
,Additional Codes-Physician Services,,99275,,Encounter,0.00,0.00,$0.00,0,0,0
,Medication Administration,,99605,,Encounter,0.00,0.00,$0.00,0,0,0
,Transportation,,A0080,,Per mile,0.00,0.00,$0.00,0,0,0
,Transportation,,A0090,,Per mile,0.00,0.00,$0.00,0,0,0
,Transportation,,A0100,,Per one-way trip,75.00,116.00,"$5,983.00",80,52,2
,Transportation,,A0110,,Per one-way trip,0.00,0.00,$0.00,0,0,0
,Transportation,,A0120,,Per one-way trip,0.00,0.00,$0.00,0,0,0
,Transportation,,A0130,,Per one-way trip,0.00,0.00,$0.00,0,0,0
,Transportation,,A0140,,Per one-way trip,0.00,0.00,$0.00,0,0,0
Ottawa,,,,,,,,,,,
,Transportation,,A0170,,,0.00,0.00,$0.00,0,0,0
,Additional Codes-Transportation,,A0425,,Per Mile,2.00,12.00,$39.00,19,3,6
,Additional Codes-Transportation,,A0427,,Refer to code descriptions.,0.00,0.00,$0.00,0,0,0
,Additional codes - Transportation,,A0428,,,2.00,2.00,$229.00,114,114,1
,Repair or Non-Routine Service for DME (Children's Waiver),,E1340,,15 Minutes,0.00,0.00,$0.00,0,0,0
,Enhanced Medical Equipment-Supplies,,E1399,,Items,1.00,1.00,$95.00,95,95,1
,Activity Therapy (Children's Waiver),,G0176,,Encounter,0.00,0.00,$0.00,0,0,0
,Family Training/Support EBP only,,G0177,,Encounter Session at least 45 min,28.00,197.00,"$73,570.00",2627,373,7
,Substance Abuse: Individual Assessment,,H0001,,Encounter,0.00,0.00,$0.00,0,0,0
,Assessment ,,H0002,,Encounter,431.00,447.00,"$54,650.00",127,122,1
,Substance Abuse: Individual Assessment,,H0002,,Encounter,0.00,0.00,$0.00,0,0,0
,Substance Abuse:Laboratory,,H0003,,Encounter,0.00,0.00,$0.00,0,0,0
,Substance Abuse: Outpatient Treatment,"0900, 0906, 0914, 0915, 0916, 0919",H0004,,15 Minutes,0.00,0.00,$0.00,0,0,0
,Substance Abuse: Outpatient Treatment,"0900, 0906, 0914, 0915, 0916, 0919",H0005,,Encounter,0.00,0.00,$0.00,0,0,0
,Substance Abuse: Case Management,,H0006,,Encounter,0.00,0.00,$0.00,0,0,0
,Substance Abuse: Sub-Acute Detoxification,1002,H0010,,Days,0.00,0.00,$0.00,0,0,0
,Substance Abuse: Sub-Acute Detoxification,1002,H0012,,Days,0.00,0.00,$0.00,0,0,0
,Substance Abuse: Sub-Acute Detoxification,1002,H0014,,Days,0.00,0.00,$0.00,0,0,0
,Substance Abuse: Outpatient Care,"0900, 0906, 0914, 0915, 0916, 0919",H0015,,Days,0.00,0.00,$0.00,0,0,0
,Crisis Residential Services,,H0018,,Days,15.00,52.00,"$13,000.00",867,250,3
,Substance Abuse: Residential,1002,H0018,,Days,0.00,0.00,$0.00,0,0,0
,Substance Abuse: Residential,1002,H0019,,Days,0.00,0.00,$0.00,0,0,0
,Substance Abuse: Methadone,,H0020,,Encounter,0.00,0.00,$0.00,0,0,0
,Substance Abuse: Early Intervention,,H0022,,Encounter,0.00,0.00,$0.00,0,0,0
,Peer Directed and Operated Support Services,,H0023,,Encounter,0.00,0.00,$0.00,0,0,0
,Prevention Services - Direct Model,,H0025,,Face to Face Contact,0.00,0.00,$0.00,0,0,0
,Crisis Intervention,,H0030,,Per Service,0.00,0.00,$0.00,0,0,0
,Assessment ,,H0031,,Encounter,513.00,565.00,"$115,871.00",226,205,1
,Substance Abuse: Assessment,,H0031,,Encounter,0.00,0.00,$0.00,0,0,0
,Treatment Planning,,H0032,,Encounter,451.00,657.00,"$85,914.00",190,131,1
,Monitoring of Treatment - Clinician,,H0032,TS,Encounter,5.00,17.00,"$9,658.00",1932,568,3
,Substance Abuse: Pharmalogical Support - Suboxane,,H0033,,Direct Observation Encounter,0.00,0.00,$0.00,0,0,0
,Health Services,,H0034,,15 Minutes,0.00,0.00,$0.00,0,0,0
,Home Based Services,,H0036,,15 Minutes,0.00,0.00,$0.00,0,0,0
,Home Based Services,,H0036,ST,15 Minutes,0.00,0.00,$0.00,0,0,0
,Community Psychiatric Supportive Treatment ,,H0037,,Per diem,0.00,0.00,$0.00,0,0,0
,Peer Directed and Operated Support Services,,H0038,,15 minutes,0.00,0.00,$0.00,0,0,0
,Peer Directed and Operated Support Services,,NA,,,0.00,0.00,$0.00,0,0,0
,Assertive Community Treatment (ACT),,H0039,,15 Minutes,100.00,"7,474.00","$918,777.00",9188,123,75
,Community Living Supports in Independent living/own home,,H0043,,Per diem,0.00,0.00,$0.00,0,0,0
,Community Living Supports in Independent living/own home,,H0043,TT,Per diem,3.00,538.00,"$50,439.00",16813,94,179
,Respite,,H0045,,Days,0.00,0.00,$0.00,0,0,0
,Respite (Children's Waiver),,H0045,TD,Per Diem,0.00,0.00,$0.00,0,0,0
,Respite (Children's Waiver),,H0045,TE,Per Diem,0.00,0.00,$0.00,0,0,0
,Substance Abuse:Laboratory (cells now unlocked),,H0048,,Encounter,0.00,0.00,$0.00,0,0,0
,Substance Abuse: Individual Assessment,,H0049,,Encounter,0.00,0.00,$0.00,0,0,0
,Behavior Treatment Plan Review,,H2000,,Encounter,5.00,11.00,$746.00,149,68,2
,Behavior Treatment Plan Review - Monitoring Activities,,H2000,TS,Encounter,0.00,0.00,$0.00,0,0,0
Ottawa,,,,,,,,,,,
,Comprehensive Medication Services - EBP only,,H2010,,15 minutes,0.00,0.00,$0.00,0,0,0
,Crisis Intervention,,H2011,,15 Minutes,577.00,"2,278.00","$356,501.00",618,156,4
,Skill-Building and Out of Home Non Vocational Habilitation,,H2014,,15 minutes,0.00,0.00,$0.00,0,0,0
,Skill-Building and Out of Home Non Vocational Habilitation,,H2014,TT,15 Minutes,17.00,"45,919.00","$95,402.00",5612,2,2701
,Community Living Supports (15 Minutes),,H2015,,15 Minutes,84.00,"43,141.00","$174,721.00",2080,4,514
,Community Living Supports (15 Minutes),,H2015,TT,15 Minutes,0.00,0.00,$0.00,0,0,0
,Community Living Supports (Daily),,H2016,,Per Diem,0.00,0.00,$0.00,0,0,0
,Community Living Supports (Daily),,H2016,TF,Per Diem,1.00,365.00,"$15,046.00",15046,41,365
,Community Living Supports (Daily),,H2016,TG,Per Diem,158.00,"6,481.00","$1,613,025.00",10209,249,41
,Behavior Services,,H2019,,15 Minutes,0.00,0.00,$0.00,0,0,0
,Behavior Services,,H2019,TT,15 Minutes,0.00,0.00,$0.00,0,0,0
,Crisis Intervention,,H2020,,Days,0.00,0.00,$0.00,0,0,0
,Wraparound,,H2021,,15 Minutes,0.00,0.00,$0.00,0,0,0
,Wraparound,,H2022,,Days,0.00,0.00,$0.00,0,0,0
,Supported Employment Services,,H2023,,15 minutes,15.00,"1,915.00","$71,119.00",4741,37,128
,Supported Employment Services,,H2023,TT,15 Minutes,26.00,"17,086.00","$30,779.00",1184,2,657
,Mental Health Therapy,,H2027,,15 Minutes,0.00,0.00,$0.00,0,0,0
,Clubhouse Psychosocial Rehabilitation Programs ,,H2030,,15 Minutes,113.00,"186,621.00","$541,518.00",4792,3,1652
,Home Based Services,,H2033,,15 Minutes,0.00,0.00,$0.00,0,0,0
,Substance Abuse: Outpatient Care,"0900, 0906, 0914, 0915, 0916, 0919",H2035,,Hour,0.00,0.00,$0.00,0,0,0
,Substance Abuse: Outpatient Care,"0900, 0906, 0914, 0915, 0916, 0919",H2036,,Per Diem,0.00,0.00,$0.00,0,0,0
,Medication Review ,,M0064,,"Encounter Face-to-Face, generally less than 10 minutes",355.00,"1,070.00","$170,159.00",479,159,3
,Transportation,,S0209,,Per Mile,0.00,0.00,$0.00,0,0,0
,Transportation,,S0215,,Per Mile,0.00,0.00,$0.00,0,0,0
,Family Training - EBP,,S5110,,15 Minutes,11.00,120.00,"$4,686.00",426,39,11
,Family Training,,S5111,,Encounter,0.00,0.00,$0.00,0,0,0
,Family Training,,S5111,HA,Encounter,0.00,0.00,$0.00,0,0,0
,"Home Care Training, Non-Family (Children's Waiver)",,S5116,,Encounter,0.00,0.00,$0.00,0,0,0
,Chore Services,,S5120,,15 Minutes,0.00,0.00,$0.00,0,0,0
,Foster Care,,S5140,,Days,0.00,0.00,$0.00,0,0,0
,Foster Care,,S5145,,Days,0.00,0.00,$0.00,0,0,0
,Respite,,S5150,,15 Minutes,0.00,0.00,$0.00,0,0,0
,Respite,,S5151,,Per Diem,0.00,0.00,$0.00,0,0,0
,Personal Emergency Response System (PERS),,S5160,,Encounter,0.00,0.00,$0.00,0,0,0
,Personal Emergency Response System (PERS),,S5161,,Month,0.00,0.00,$0.00,0,0,0
,Environmental Modification ,,S5165,,Service,0.00,0.00,$0.00,0,0,0
,Enhanced Medical Equipment-Supplies,,S5199,,Items,0.00,0.00,$0.00,0,0,0
,Occupational or Physical Therapy,,S8990,,Encounter,0.00,0.00,$0.00,0,0,0
,Private Duty Nursing,0582,S9123,,Hour,0.00,0.00,$0.00,0,0,0
,Private Duty Nursing,,S9123,,Hour,0.00,0.00,$0.00,0,0,0
,Private Duty Nursing,,S9123,TT,Hour,0.00,0.00,$0.00,0,0,0
,Private Duty Nursing,0582,S9124,,Hour,0.00,0.00,$0.00,0,0,0
,Private Duty Nursing,,S9124,,Hour,0.00,0.00,$0.00,0,0,0
,Private Duty Nursing,,S9124,TT,Hour,0.00,0.00,$0.00,0,0,0
,Respite Care in the Home (RN) (Children's Waiver),,S9125,TD,Per Diem,0.00,0.00,$0.00,0,0,0
,Respite Care in the Home (LPN) (Children's Waiver),,S9125,TE,Per Diem,0.00,0.00,$0.00,0,0,0
,Health Services,,S9445,,Encounter,0.00,0.00,$0.00,0,0,0
,Health Services,,S9446,,Encounter,0.00,0.00,$0.00,0,0,0
Ottawa,,,,,,,,,,,
,Health Services,,S9470,,Encounter,0.00,0.00,$0.00,0,0,0
,Intensive Crisis Stabilization-Enrolled Program,,S9484,,Hour,0.00,0.00,$0.00,0,0,0
,Reidential Room and Board,,S9976,,Days,149.00,"1,740.00","$162,797.00",1093,94,12
,Private Duty Nursing,,T1000,,Up to 15 min,0.00,0.00,$0.00,0,0,0
,Private Duty Nursing,,T1000,TD,Up to 15 min,0.00,0.00,$0.00,0,0,0
,Private Duty Nursing,,T1000,TE,Up to 15 min,0.00,0.00,$0.00,0,0,0
,Assessment,,T1001,,Encounter,108.00,109.00,"$41,264.00",382,379,1
,Health Services,,T1002,,Up to 15 min,3.00,10.00,$888.00,296,89,3
,Respite Care,,T1005,,15 Minutes,0.00,0.00,$0.00,0,0,0
,Respite Care,,T1005,TD,15 Minutes,0.00,0.00,$0.00,0,0,0
,Respite Care,,T1005,TE,15 Minutes,0.00,0.00,$0.00,0,0,0
,Substance Abuse: Recovery Support Services,"0900, 0906, 0914, 0915, 0916, 0919",T1012,,Encounter,0.00,0.00,$0.00,0,0,0
,Family Psycho-Education - EBP,,T1015,,Encounter,4.00,4.00,$451.00,113,113,1
,Supports Coordination/Wrap Facilitation,,T1016,,15 minutes,42.00,"1,063.00","$76,345.00",1818,72,25
,Targeted Case Management ,,T1017,,15 minutes,644.00,"12,623.00","$1,028,944.00",1598,82,20
,Nursing Home Mental Health Monitoring,,T1017,SE,15 minutes,0.00,0.00,$0.00,0,0,0
,Personal Care in Licensed Specialized Residential Setting,,T1020,,Days,7.00,"1,127.00","$37,496.00",5357,33,161
,Personal Care in Licensed Specialized Residential Setting,,T1020,TF,Days,6.00,"1,590.00","$70,952.00",11825,45,265
,Personal Care in Licensed Specialized Residential Setting,,T1020,TG,Days,1.00,276.00,"$50,873.00",50873,184,276
,Assessments,,T1023,,Encounter,176.00,230.00,"$114,028.00",648,496,1
,Enhanced Medical Supplies or Pharmacy,,T1999,,Items,0.00,0.00,$0.00,0,0,0
,Transportation,,T2001,,Encounter,0.00,0.00,$0.00,0,0,0
,Transportation,,T2002,,Per Diem,0.00,0.00,$0.00,0,0,0
,Transportation,,T2003,,Encounter / Trip,0.00,0.00,$0.00,0,0,0
,Transportation,,T2004,,Encounter,0.00,0.00,$0.00,0,0,0
,Transportation,,T2005,,Encounter,0.00,0.00,$0.00,0,0,0
,Out of Home Prevocational Service,,T2015,,Hour,0.00,0.00,$0.00,0,0,0
,Targeted Case Management (Children's Waiver),,T2023,,Month,0.00,0.00,$0.00,0,0,0
,Fiscal Intermediary Services,,T2025,,Month,1.00,11.00,"$1,100.00",1100,100,11
,Enhanced Medical Equipment-Supplies,,T2028,,Items,0.00,0.00,$0.00,0,0,0
,Enhanced Medical Equipment-Supplies,,T2029,,Items,0.00,0.00,$0.00,0,0,0
,Crisis Intervention,,T2034,,Days,0.00,0.00,$0.00,0,0,0
,Respite Care,,T2036,,Encounter / Trip. Per session. One night = one session,0.00,0.00,$0.00,0,0,0
,Respite Care,,T2037,,Encounter / Trip  Per session. One day/partial day = one session,0.00,0.00,$0.00,0,0,0
,Housing Assistance,,T2038,,Month   Service,30.00,34.00,"$20,293.00",676,597,1
,Enhanced Medical Equipment-Supplies,,T2039,,Items,0.00,0.00,$0.00,0,0,0
,Pharmacy (Drugs and Other Biologicals),,,,,0.00,0.00,$0.00,0,0,0
,Other,,,,,0.00,0.00,$0.00,0,0,0
,Aggregate for 'J' Codes,,ALL,,,58.00,0.00,"$166,812.00",2876,0,0
Pathways,,,,,,,,,,,
,State Psychiatric Hospital - Inpatient PT22,"0100, 0101, 0114, 0124, 0134, 0154",,PT22,Days,3.00,439.00,"$227,771.00",75924,519,146
,State Mental Retardation Facility - Inpatient (ICF/MR) PT65,"0100, 0101, 0114, 0124, 0134, 0154",,PT65,Days,0.00,0.00,$0.00,0,0,0
,Local Psychiatric Hospital/IMD PT68,"0100, 0101, 0114, 0124, 0134, 0154",,PT68,Days,0.00,0.00,$0.00,0,0,0
,Local Psychiatric Hospital - Acute Community PT73,"0100, 0101, 0114, 0124, 0134, 0154",,PT73,Days,201.00,"1,854.00","$961,929.00",4786,519,9
,Inpatient Hospital Ancillary Services - Leave of Absence,0183,,,Days,0.00,0.00,$0.00,0,0,0
,Inpatient Hospital Ancillary Services - Pharmacy,"0250-0254, 0257-0258 ",,,,0.00,0.00,$0.00,0,0,0
,Inpatient Hospital Ancillary Services - Medical/Surgical Supplies and Devices,0270-0272,,,# of items,0.00,0.00,$0.00,0,0,0
,Inpatient Hospital Ancillary Services - Laboratory,"0300-0302, 0305-0307",,,# of tests,0.00,0.00,$0.00,0,0,0
,Inpatient Hospital Ancillary Services - Radiology,0320,,,# of tests,0.00,0.00,$0.00,0,0,0
,ECT Anesthesia,0370,,,,0.00,0.00,$0.00,0,0,0
,Inpatient Hospital Ancillary Services - Respiratory Services,0410,,,# of treatments,0.00,0.00,$0.00,0,0,0
,Inpatient Hospital Ancillary Services -Physical Therapy,0420-0424,,,# of treatments,0.00,0.00,$0.00,0,0,0
,Inpatient Hospital Ancillary Services - Occupational Therapy,0430-0434,,,# of treatments,0.00,0.00,$0.00,0,0,0
,Inpatient Hospital Ancillary Services - Speech-Language Pathology,0440-0444,,,# of treatments,0.00,0.00,$0.00,0,0,0
,Inpatient Hospital Ancillary Services - Emergency Room,0450,,,# of visits,0.00,0.00,$0.00,0,0,0
,Inpatient Hospital Ancillary Services - Pulmonary Function,0460,,,# of tests,0.00,0.00,$0.00,0,0,0
,Inpatient Hospital Ancillary Services - Audiology,0470-0472,,,# of tests,0.00,0.00,$0.00,0,0,0
,Inpatient Hospital Ancillary Services - Magnetic Resonance Technology (MRT),0610-0611,,,# of tests,0.00,0.00,$0.00,0,0,0
,Inpatient Hospital Ancillary Services - Pharmacy,0636,,,# of units,0.00,0.00,$0.00,0,0,0
,ECT Recovery Room,0701,,,,0.00,0.00,$0.00,0,0,0
,Inpatient Hospital Ancillary Services -EKG/ECG,0730-0731,,,# of tests,0.00,0.00,$0.00,0,0,0
,Inpatient Hospital Ancillary Services - EEG,0740,,,# of tests,0.00,0.00,$0.00,0,0,0
,Crisis Observation Care,0762,,,Hour,0.00,0.00,$0.00,0,0,0
,Additional Codes-ECT Facility Charge,0901,,,Encounter,0.00,0.00,$0.00,0,0,0
,Inpatient Hospital Ancillary Services - Psychiatric/Psychological Treatments/Services,"0900, 0902-0904, 0911, 0914-0919",,,# of visits,0.00,0.00,$0.00,0,0,0
,Outpatient Partial Hospitalization,0912,,,Days,0.00,0.00,$0.00,0,0,0
,Outpatient Partial Hospitalization,0913,,,Days,0.00,0.00,$0.00,0,0,0
,Inpatient Hospital Ancillary Services - Other Diagnosis Services,0925,,,# of tests,0.00,0.00,$0.00,0,0,0
,Inpatient Hospital Ancillary Services - Other Therapeutic Services,0940-0942,,,# of visits,0.00,0.00,$0.00,0,0,0
,Additional Codes-ECT Anesthesia,,00104,,Minutes,0.00,0.00,$0.00,0,0,0
,Drug Screen for Methadone Clients Only,,80100,,Per Screen,0.00,0.00,$0.00,0,0,0
,Drug Screen for Methadone Clients Only,,80101,,Per Screen,0.00,0.00,$0.00,0,0,0
,Alcohol Breath Test for Methadone Clients Only,,82075,,Per Test,0.00,0.00,$0.00,0,0,0
,Medication Administration,,90772,,Encounter,51.00,210.00,"$19,849.00",389,95,4
,Assessment-Psychiatric Assessment,,90801,,Encounter,0.00,0.00,$0.00,0,0,0
,Substance Abuse: Psychiatric Evaluation,,90801,,Encounter,108.00,114.00,"$67,319.00",623,591,1
,Assessment-Psychiatric Assessment,,90802,,Encounter,0.00,0.00,$0.00,0,0,0
,Substance Abuse: Psychiatric Evaluation,,90802,,Encounter,0.00,0.00,$0.00,0,0,0
,Therapy-Individual Therapy,,90804,,Encounter 20-30 Min,103.00,276.00,"$50,088.00",486,181,3
,Substance Abuse: Outpatient Treatment,"0900, 0914, 0915, 0916, 0919",90804,,Encounter 20-30 Min,0.00,0.00,$0.00,0,0,0
Pathways,,,,,,,,,,,
,Therapy-Individual Therapy,,90805,,Encounter 20-30 Min,41.00,41.00,"$7,678.00",187,187,1
,Substance Abuse: Outpatient Treatment,"0900, 0914, 0915, 0916, 0919",90805,,Encounter 20-30 Min,0.00,0.00,$0.00,0,0,0
,Therapy-Individual Therapy,,90806,,Encounter 45-50 Min,233.00,"1,879.00","$341,001.00",1464,181,8
,Substance Abuse: Outpatient Treatment,"0900, 0914, 0915, 0916, 0919",90806,,Encounter 45-50 Min,0.00,0.00,$0.00,0,0,0
,Therapy-Individual Therapy,,90807,,Encounter 45-50 Min,0.00,0.00,$0.00,0,0,0
,Substance Abuse: Outpatient Treatment,"0900, 0914, 0915, 0916, 0919",90807,,Encounter 45-50 Min,0.00,0.00,$0.00,0,0,0
,Therapy-Individual Therapy,,90808,,Encounter 75-80 Min,40.00,53.00,"$9,618.00",240,181,1
,Substance Abuse: Outpatient Treatment,"0900, 0914, 0915, 0916, 0919",90808,,Encounter 75-80 Min,0.00,0.00,$0.00,0,0,0
,Therapy-Individual Therapy,,90809,,Encounter 75-80 Min,0.00,0.00,$0.00,0,0,0
,Substance Abuse: Outpatient Treatment,"0900, 0914, 0915, 0916, 0919",90809,,Encounter 75-80 Min,0.00,0.00,$0.00,0,0,0
,Therapy-Individual Therapy,,90810,,Encounter 20-30 Min,0.00,0.00,$0.00,0,0,0
,Substance Abuse: Outpatient Treatment,"0900, 0914, 0915, 0916, 0919",90810,,Encounter 20-30 Min,0.00,0.00,$0.00,0,0,0
,Therapy-Individual Therapy,,90811,,Encounter 20-30 Min,0.00,0.00,$0.00,0,0,0
,Substance Abuse: Outpatient Treatment,"0900, 0914, 0915, 0916, 0919",90811,,Encounter 20-30 Min,0.00,0.00,$0.00,0,0,0
,Therapy-Individual Therapy,,90812,,Encounter 45-50 Min,0.00,0.00,$0.00,0,0,0
,Substance Abuse: Outpatient Treatment,"0900, 0914, 0915, 0916, 0919",90812,,Encounter 45-50 Min,0.00,0.00,$0.00,0,0,0
,Therapy-Individual Therapy,,90813,,Encounter 45-50 Min,0.00,0.00,$0.00,0,0,0
,Substance Abuse: Outpatient Treatment,"0900, 0914, 0915, 0916, 0919",90813,,Encounter 45-50 Min,0.00,0.00,$0.00,0,0,0
,Therapy-Individual Therapy,,90814,,Encounter 75-80 Min,0.00,0.00,$0.00,0,0,0
,Substance Abuse: Outpatient Treatment,"0900, 0914, 0915, 0916, 0919",90814,,Encounter 75-80 Min,0.00,0.00,$0.00,0,0,0
,Therapy-Individual Therapy,,90815,,Encounter 75-80 Min,0.00,0.00,$0.00,0,0,0
,Substance Abuse: Outpatient Treatment,"0900, 0914, 0915, 0916, 0919",90815,,Encounter 75-80 Min,0.00,0.00,$0.00,0,0,0
,Therapy-Individual Therapy,,90816,,Encounter 20-30 Min,0.00,0.00,$0.00,0,0,0
,Therapy-Individual Therapy,,90817,,Encounter 20-30 Min,0.00,0.00,$0.00,0,0,0
,Therapy-Individual Therapy,,90818,,Encounter 45-50 Min,0.00,0.00,$0.00,0,0,0
,Therapy-Individual Therapy,,90819,,Encounter 45-50 Min,0.00,0.00,$0.00,0,0,0
,Therapy-Individual Therapy,,90821,,Encounter 75-80 Min,0.00,0.00,$0.00,0,0,0
,Therapy-Individual Therapy,,90822,,Encounter 75-80 Min,0.00,0.00,$0.00,0,0,0
,Therapy-Individual Therapy,,90823,,Encounter 20-30 Min,0.00,0.00,$0.00,0,0,0
,Therapy-Individual Therapy,,90824,,Encounter 20-30 Min,0.00,0.00,$0.00,0,0,0
,Therapy-Individual Therapy,,90826,,Encounter 45-50 Min,0.00,0.00,$0.00,0,0,0
,Substance Abuse: Psychotherapy (Individual Therapy),,90826,,Encounter 45-50 Min,0.00,0.00,$0.00,0,0,0
,Therapy-Individual Therapy,,90827,,Encounter 45-50 Min,0.00,0.00,$0.00,0,0,0
,Therapy-Individual Therapy,,90828,,Encounter 75-80 Min,0.00,0.00,$0.00,0,0,0
,Therapy-Individual Therapy,,90829,,Encounter 75-80 Min,0.00,0.00,$0.00,0,0,0
,Therapy-Family Therapy,,90846,,Encounter,0.00,0.00,$0.00,0,0,0
,Therapy-Family Therapy,,90847,,Encounter,1.00,17.00,"$3,085.00",3085,181,17
,Substance Abuse: Outpatient Treatment,"0900, 0906, 0914, 0915, 0916, 0919",90847,,Encounter,0.00,0.00,$0.00,0,0,0
,Therapy-Family Therapy,,90849,,Encounter,0.00,0.00,$0.00,0,0,0
,Therapy-Family Therapy,,90849,HS,Encounter,0.00,0.00,$0.00,0,0,0
Pathways,,,,,,,,,,,
,Therapy-Group Therapy,,90853,,Encounter,0.00,0.00,$0.00,0,0,0
,Substance Abuse: Outpatient Treatment,"0900, 0906, 0914, 0915, 0916, 0919",90853,,Encounter,95.00,"1,112.00","$201,806.00",2124,181,12
,Therapy-Group Therapy,,90857,,Encounter,0.00,0.00,$0.00,0,0,0
,Substance Abuse: Outpatient Treatment,"0900, 0906, 0914, 0915, 0916, 0919",90857,,Encounter,0.00,0.00,$0.00,0,0,0
,Medication Review ,,90862,,Encounter,498.00,"2,226.00","$495,307.00",995,223,4
,Substance Abuse: Medication Review,"0900, 0914, 0915, 0916, 0919",90862,,Encounter,0.00,0.00,$0.00,0,0,0
,Additional Codes-ECT Physician,,90870,,Encounter,0.00,0.00,$0.00,0,0,0
,Additional Codes-ECT Physician,0901,90870,,Encounter,0.00,0.00,$0.00,0,0,0
,Assessments-Other,,90887,,Encounter,0.00,0.00,$0.00,0,0,0
,Speech & Language Therapy ,,92506,,Encounter,0.00,0.00,$0.00,0,0,0
,Speech & Language Therapy ,,92507,,Encounter,0.00,0.00,$0.00,0,0,0
,Speech & Language Therapy ,,92508,,Encounter,0.00,0.00,$0.00,0,0,0
,Speech & Language Therapy ,,92526,,Encounter,0.00,0.00,$0.00,0,0,0
,Speech & Language Therapy ,,92610,,Encounter,0.00,0.00,$0.00,0,0,0
,Evaluation of Auditory Rehabilitation Status (Children's Waiver),,92626,,First Hour,0.00,0.00,$0.00,0,0,0
,Evaluation of Auditory Rehabiliation Status (Children's Waiver),,92627,,Each Additional 15 Minutes,0.00,0.00,$0.00,0,0,0
,Auditory Rehabilitation Preling Hearing Loss (Children's Waiver),,92630,,Encounter,0.00,0.00,$0.00,0,0,0
,Auditory Rehabilitation; Post-Lingual Hearing Loss (Children's Waiver),,92633,,Encounter,0.00,0.00,$0.00,0,0,0
,Psychological Testing PSYCH/PHYS ,,96101,,Per Hour,3.00,11.00,"$3,192.00",1064,290,4
,Psychological Testing by Technician ,,96102,,Per Hour,0.00,0.00,$0.00,0,0,0
,Psychological Testing by Comp ,,96103,,Per Hour,0.00,0.00,$0.00,0,0,0
,Assessments-Other,,96105,,Encounter,0.00,0.00,$0.00,0,0,0
,Assessments-Other,,96110,,Encounter,0.00,0.00,$0.00,0,0,0
,Assessments-Other,,96111,,Encounter,0.00,0.00,$0.00,0,0,0
,Neurobehavioral Status Exam (Children's Waiver),,96116,,Per Hour,0.00,0.00,$0.00,0,0,0
,Neuropsych test by Psych/Phys ,,96118,,Per Hour,3.00,15.00,"$3,246.00",1082,216,5
,Neuropsych test by Tech ,,96119,,Per Hour,0.00,0.00,$0.00,0,0,0
,Neuropsych test Admin w/Comp ,,96120,,Per Hour,0.00,0.00,$0.00,0,0,0
,Medication Administration,,96372,,Encounter,55.00,544.00,"$52,850.00",961,97,10
,Physical Therapy,,97001,,Encounter,0.00,0.00,$0.00,0,0,0
,Physical Therapy,,97002,,Encounter,0.00,0.00,$0.00,0,0,0
,Occupational Therapy,,97003,,Encounter,2.00,2.00,"$1,387.00",693,693,1
,Occupational Therapy,,97004,,Encounter,0.00,0.00,$0.00,0,0,0
,Occupational or Physical Therapy,,97110,,15 Minutes,0.00,0.00,$0.00,0,0,0
,Occupational or Physical Therapy,,97112,,15 Minutes,0.00,0.00,$0.00,0,0,0
,Occupational or Physical Therapy,,97113,,15 Minutes,0.00,0.00,$0.00,0,0,0
,Occupational or Physical Therapy,,97116,,15 Minutes,0.00,0.00,$0.00,0,0,0
,Occupational or Physical Therapy,,97124,,15 Minutes,0.00,0.00,$0.00,0,0,0
,Occupational or Physical Therapy,,97140,,15 Minutes,1.00,12.00,$500.00,500,42,12
,Occupational or Physical Therapy,,97150,,Encounter,0.00,0.00,$0.00,0,0,0
,Occupational or Physical Therapy,,97530,,15 Minutes,0.00,0.00,$0.00,0,0,0
,Occupational or Physical Therapy,,97532,,15 Minutes,1.00,36.00,"$5,406.00",5406,150,36
,Occupational or Physical Therapy,,97533,,15 Minutes,0.00,0.00,$0.00,0,0,0
,Occupational or Physical Therapy,,97535,,15 Minutes,0.00,0.00,$0.00,0,0,0
,Occupational or Physical Therapy,,97537,,15 Minutes,0.00,0.00,$0.00,0,0,0
,Occupational or Physical Therapy,,97542,,15 Minutes,0.00,0.00,$0.00,0,0,0
,Occupational Therapy,,97703,,15 Minutes,0.00,0.00,$0.00,0,0,0
Pathways,,,,,,,,,,,
,Occupational Therapy,,97750,,15 Minutes,0.00,0.00,$0.00,0,0,0
,Occupational Therapy,,97755,,15 Minutes,0.00,0.00,$0.00,0,0,0
,Occupational Therapy,,97760,,15 Minutes,0.00,0.00,$0.00,0,0,0
,C/O for Orthotic/Prosth Use ,,97762,,15 minutes,0.00,0.00,$0.00,0,0,0
,Assessment or Health Services,,97802,,15 Minutes,2.00,10.00,$465.00,233,47,5
,Assessment or Health Services,,97803,,15 Minutes,0.00,0.00,$0.00,0,0,0
,Health Services,,97804,,30 Minutes,0.00,0.00,$0.00,0,0,0
,Additional Codes-Physician Services,,99201,,Encounter,0.00,0.00,$0.00,0,0,0
,Additional Codes-Physician Services,,99202,,Encounter,0.00,0.00,$0.00,0,0,0
,Additional Codes-Physician Services,,99203,,Encounter,0.00,0.00,$0.00,0,0,0
,Additional Codes-Physician Services,,99204,,Encounter,0.00,0.00,$0.00,0,0,0
,Additional Codes-Physician Services,,99205,,Encounter,29.00,29.00,"$17,125.00",591,591,1
,Additional Codes-Physician Services  Medication Administration,,99211,,Encounter,0.00,0.00,$0.00,0,0,0
,Additional Codes-Physician Services,,99212,,Encounter,0.00,0.00,$0.00,0,0,0
,Additional Codes-Physician Services,,99213,,Encounter,0.00,0.00,$0.00,0,0,0
,Additional Codes-Physician Services,,99214,,Encounter,0.00,0.00,$0.00,0,0,0
,Additional Codes-Physician Services,,99215,,Encounter,0.00,0.00,$0.00,0,0,0
,Additional Codes-Physician Services,,99221,,30 Minutes,41.00,47.00,"$2,820.00",69,60,1
,Additional Codes-Physician Services,,99222,,50 Minutes,0.00,0.00,$0.00,0,0,0
,Additional Codes-Physician Services,,99223,,70 Minutes,0.00,0.00,$0.00,0,0,0
,Additional Codes-Physician Services,,99231,,15 Minutes,33.00,149.00,"$8,940.00",271,60,5
,Additional Codes-Physician Services,,99232,,25 minutes,0.00,0.00,$0.00,0,0,0
,Additional Codes-Physician Services,,99233,,35 Minutes,0.00,0.00,$0.00,0,0,0
,Additional Codes-Physician Services,,99238,,30 Minutes or less,0.00,0.00,$0.00,0,0,0
,Additional Codes-Physician Services,,99241,,Encounter,0.00,0.00,$0.00,0,0,0
,Additional Codes-Physician Services,,99242,,Encounter,0.00,0.00,$0.00,0,0,0
,Additional Codes-Physician Services,,99243,,Encounter,0.00,0.00,$0.00,0,0,0
,Additional Codes-Physician Services,,99244,,Encounter,0.00,0.00,$0.00,0,0,0
,Additional Codes-Physician Services,,99245,,Encounter,0.00,0.00,$0.00,0,0,0
,Additional Codes-Physician Services,,99251,,Encounter,0.00,0.00,$0.00,0,0,0
,Additional Codes-Physician Services,,99252,,Encounter,0.00,0.00,$0.00,0,0,0
,Additional Codes-Physician Services,,99253,,Encounter,0.00,0.00,$0.00,0,0,0
,Additional Codes-Physician Services,,99254,,Encounter,0.00,0.00,$0.00,0,0,0
,Additional Codes-Physician Services,,99255,,Encounter,0.00,0.00,$0.00,0,0,0
,Additional Codes-Physician Services,,99261,,Encounter,0.00,0.00,$0.00,0,0,0
,Additional Codes-Physician Services,,99262,,Encounter,0.00,0.00,$0.00,0,0,0
,Additional Codes-Physician Services,,99263,,Encounter,0.00,0.00,$0.00,0,0,0
,Additional Codes-Physician Services,,99271,,Encounter,0.00,0.00,$0.00,0,0,0
,Additional Codes-Physician Services,,99272,,Encounter,0.00,0.00,$0.00,0,0,0
,Additional Codes-Physician Services,,99273,,Encounter,0.00,0.00,$0.00,0,0,0
,Additional Codes-Physician Services,,99274,,Encounter,0.00,0.00,$0.00,0,0,0
,Additional Codes-Physician Services,,99275,,Encounter,0.00,0.00,$0.00,0,0,0
,Medication Administration,,99605,,Encounter,0.00,0.00,$0.00,0,0,0
,Transportation,,A0080,,Per mile,0.00,0.00,$0.00,0,0,0
,Transportation,,A0090,,Per mile,0.00,0.00,$0.00,0,0,0
,Transportation,,A0100,,Per one-way trip,0.00,0.00,$0.00,0,0,0
,Transportation,,A0110,,Per one-way trip,0.00,0.00,$0.00,0,0,0
,Transportation,,A0120,,Per one-way trip,0.00,0.00,$0.00,0,0,0
,Transportation,,A0130,,Per one-way trip,0.00,0.00,$0.00,0,0,0
,Transportation,,A0140,,Per one-way trip,0.00,0.00,$0.00,0,0,0
Pathways,,,,,,,,,,,
,Transportation,,A0170,,,0.00,0.00,$0.00,0,0,0
,Additional Codes-Transportation,,A0425,,Per Mile,0.00,0.00,$0.00,0,0,0
,Additional Codes-Transportation,,A0427,,Refer to code descriptions.,0.00,0.00,$0.00,0,0,0
,Additional codes - Transportation,,A0428,,,0.00,0.00,$0.00,0,0,0
,Repair or Non-Routine Service for DME (Children's Waiver),,E1340,,15 Minutes,0.00,0.00,$0.00,0,0,0
,Enhanced Medical Equipment-Supplies,,E1399,,Items,0.00,0.00,$0.00,0,0,0
,Activity Therapy (Children's Waiver),,G0176,,Encounter,0.00,0.00,$0.00,0,0,0
,Family Training/Support EBP only,,G0177,,Encounter Session at least 45 min,20.00,91.00,"$36,281.00",1814,399,5
,Substance Abuse: Individual Assessment,,H0001,,Encounter,0.00,0.00,$0.00,0,0,0
,Assessment ,,H0002,,Encounter,0.00,0.00,$0.00,0,0,0
,Substance Abuse: Individual Assessment,,H0002,,Encounter,4.00,4.00,"$1,002.00",250,250,1
,Substance Abuse:Laboratory,,H0003,,Encounter,0.00,0.00,$0.00,0,0,0
,Substance Abuse: Outpatient Treatment,"0900, 0906, 0914, 0915, 0916, 0919",H0004,,15 Minutes,0.00,0.00,$0.00,0,0,0
,Substance Abuse: Outpatient Treatment,"0900, 0906, 0914, 0915, 0916, 0919",H0005,,Encounter,0.00,0.00,$0.00,0,0,0
,Substance Abuse: Case Management,,H0006,,Encounter,0.00,0.00,$0.00,0,0,0
,Substance Abuse: Sub-Acute Detoxification,1002,H0010,,Days,0.00,0.00,$0.00,0,0,0
,Substance Abuse: Sub-Acute Detoxification,1002,H0012,,Days,0.00,0.00,$0.00,0,0,0
,Substance Abuse: Sub-Acute Detoxification,1002,H0014,,Days,0.00,0.00,$0.00,0,0,0
,Substance Abuse: Outpatient Care,"0900, 0906, 0914, 0915, 0916, 0919",H0015,,Days,0.00,0.00,$0.00,0,0,0
,Crisis Residential Services,,H0018,,Days,0.00,0.00,$0.00,0,0,0
,Substance Abuse: Residential,1002,H0018,,Days,0.00,0.00,$0.00,0,0,0
,Substance Abuse: Residential,1002,H0019,,Days,0.00,0.00,$0.00,0,0,0
,Substance Abuse: Methadone,,H0020,,Encounter,0.00,0.00,$0.00,0,0,0
,Substance Abuse: Early Intervention,,H0022,,Encounter,0.00,0.00,$0.00,0,0,0
,Peer Directed and Operated Support Services,,H0023,,Encounter,96.00,"3,618.00","$263,282.00",2743,73,38
,Prevention Services - Direct Model,,H0025,,Face to Face Contact,0.00,0.00,$0.00,0,0,0
,Crisis Intervention,,H0030,,Per Service,0.00,0.00,$0.00,0,0,0
,Assessment ,,H0031,,Encounter,175.00,183.00,"$53,705.00",307,293,1
,Substance Abuse: Assessment,,H0031,,Encounter,0.00,0.00,$0.00,0,0,0
,Treatment Planning,,H0032,,Encounter,162.00,172.00,"$31,215.00",193,181,1
,Monitoring of Treatment - Clinician,,H0032,TS,Encounter,14.00,80.00,"$14,518.00",1037,181,6
,Substance Abuse: Pharmalogical Support - Suboxane,,H0033,,Direct Observation Encounter,0.00,0.00,$0.00,0,0,0
,Health Services,,H0034,,15 Minutes,22.00,113.00,"$172,750.00",7852,1529,5
,Home Based Services,,H0036,,15 Minutes,0.00,0.00,$0.00,0,0,0
,Home Based Services,,H0036,ST,15 Minutes,0.00,0.00,$0.00,0,0,0
,Community Psychiatric Supportive Treatment ,,H0037,,Per diem,0.00,0.00,$0.00,0,0,0
,Peer Directed and Operated Support Services,,H0038,,15 minutes,16.00,"1,009.00","$6,326.00",395,6,63
,Peer Directed and Operated Support Services,,NA,,,0.00,0.00,$0.00,0,0,0
,Assertive Community Treatment (ACT),,H0039,,15 Minutes,82.00,"28,901.00","$1,273,089.00",15525,44,352
,Community Living Supports in Independent living/own home,,H0043,,Per diem,0.00,0.00,$0.00,0,0,0
,Community Living Supports in Independent living/own home,,H0043,TT,Per diem,0.00,0.00,$0.00,0,0,0
,Respite,,H0045,,Days,0.00,0.00,$0.00,0,0,0
,Respite (Children's Waiver),,H0045,TD,Per Diem,0.00,0.00,$0.00,0,0,0
,Respite (Children's Waiver),,H0045,TE,Per Diem,0.00,0.00,$0.00,0,0,0
,Substance Abuse:Laboratory (cells now unlocked),,H0048,,Encounter,0.00,0.00,$0.00,0,0,0
,Substance Abuse: Individual Assessment,,H0049,,Encounter,0.00,0.00,$0.00,0,0,0
,Behavior Treatment Plan Review,,H2000,,Encounter,8.00,48.00,"$16,286.00",2036,339,6
,Behavior Treatment Plan Review - Monitoring Activities,,H2000,TS,Encounter,8.00,76.00,"$25,787.00",3223,339,10
Pathways,,,,,,,,,,,
,Comprehensive Medication Services - EBP only,,H2010,,15 minutes,0.00,0.00,$0.00,0,0,0
,Crisis Intervention,,H2011,,15 Minutes,640.00,"4,544.00","$268,687.00",420,59,7
,Skill-Building and Out of Home Non Vocational Habilitation,,H2014,,15 minutes,59.00,"11,287.00","$65,352.00",1108,6,191
,Skill-Building and Out of Home Non Vocational Habilitation,,H2014,TT,15 Minutes,32.00,"36,015.00","$208,527.00",6516,6,1125
,Community Living Supports (15 Minutes),,H2015,,15 Minutes,185.00,"27,191.00","$224,054.00",1211,8,147
,Community Living Supports (15 Minutes),,H2015,TT,15 Minutes,48.00,"4,299.00","$36,327.00",757,8,90
,Community Living Supports (Daily),,H2016,,Per Diem,9.00,"2,992.00","$278,824.00",30980,93,332
,Community Living Supports (Daily),,H2016,TF,Per Diem,1.00,358.00,"$33,362.00",33362,93,358
,Community Living Supports (Daily),,H2016,TG,Per Diem,27.00,"6,298.00","$586,911.00",21737,93,233
,Behavior Services,,H2019,,15 Minutes,0.00,0.00,$0.00,0,0,0
,Behavior Services,,H2019,TT,15 Minutes,0.00,0.00,$0.00,0,0,0
,Crisis Intervention,,H2020,,Days,0.00,0.00,$0.00,0,0,0
,Wraparound,,H2021,,15 Minutes,0.00,0.00,$0.00,0,0,0
,Wraparound,,H2022,,Days,0.00,0.00,$0.00,0,0,0
,Supported Employment Services,,H2023,,15 minutes,54.00,"13,760.00","$256,899.00",4757,19,255
,Supported Employment Services,,H2023,TT,15 Minutes,19.00,"9,269.00","$173,052.00",9108,19,488
,Mental Health Therapy,,H2027,,15 Minutes,0.00,0.00,$0.00,0,0,0
,Clubhouse Psychosocial Rehabilitation Programs ,,H2030,,15 Minutes,0.00,0.00,$0.00,0,0,0
,Home Based Services,,H2033,,15 Minutes,0.00,0.00,$0.00,0,0,0
,Substance Abuse: Outpatient Care,"0900, 0906, 0914, 0915, 0916, 0919",H2035,,Hour,0.00,0.00,$0.00,0,0,0
,Substance Abuse: Outpatient Care,"0900, 0906, 0914, 0915, 0916, 0919",H2036,,Per Diem,0.00,0.00,$0.00,0,0,0
,Medication Review ,,M0064,,"Encounter Face-to-Face, generally less than 10 minutes",0.00,0.00,$0.00,0,0,0
,Transportation,,S0209,,Per Mile,0.00,0.00,$0.00,0,0,0
,Transportation,,S0215,,Per Mile,0.00,0.00,$0.00,0,0,0
,Family Training - EBP,,S5110,,15 Minutes,5.00,54.00,"$5,257.00",1051,97,11
,Family Training,,S5111,,Encounter,0.00,0.00,$0.00,0,0,0
,Family Training,,S5111,HA,Encounter,0.00,0.00,$0.00,0,0,0
,"Home Care Training, Non-Family (Children's Waiver)",,S5116,,Encounter,0.00,0.00,$0.00,0,0,0
,Chore Services,,S5120,,15 Minutes,0.00,0.00,$0.00,0,0,0
,Foster Care,,S5140,,Days,0.00,0.00,$0.00,0,0,0
,Foster Care,,S5145,,Days,0.00,0.00,$0.00,0,0,0
,Respite,,S5150,,15 Minutes,0.00,0.00,$0.00,0,0,0
,Respite,,S5151,,Per Diem,0.00,0.00,$0.00,0,0,0
,Personal Emergency Response System (PERS),,S5160,,Encounter,0.00,0.00,$0.00,0,0,0
,Personal Emergency Response System (PERS),,S5161,,Month,0.00,0.00,$0.00,0,0,0
,Environmental Modification ,,S5165,,Service,0.00,0.00,$0.00,0,0,0
,Enhanced Medical Equipment-Supplies,,S5199,,Items,0.00,0.00,$0.00,0,0,0
,Occupational or Physical Therapy,,S8990,,Encounter,0.00,0.00,$0.00,0,0,0
,Private Duty Nursing,0582,S9123,,Hour,0.00,0.00,$0.00,0,0,0
,Private Duty Nursing,,S9123,,Hour,0.00,0.00,$0.00,0,0,0
,Private Duty Nursing,,S9123,TT,Hour,0.00,0.00,$0.00,0,0,0
,Private Duty Nursing,0582,S9124,,Hour,0.00,0.00,$0.00,0,0,0
,Private Duty Nursing,,S9124,,Hour,0.00,0.00,$0.00,0,0,0
,Private Duty Nursing,,S9124,TT,Hour,0.00,0.00,$0.00,0,0,0
,Respite Care in the Home (RN) (Children's Waiver),,S9125,TD,Per Diem,0.00,0.00,$0.00,0,0,0
,Respite Care in the Home (LPN) (Children's Waiver),,S9125,TE,Per Diem,0.00,0.00,$0.00,0,0,0
,Health Services,,S9445,,Encounter,0.00,0.00,$0.00,0,0,0
,Health Services,,S9446,,Encounter,0.00,0.00,$0.00,0,0,0
Pathways,,,,,,,,,,,
,Health Services,,S9470,,Encounter,9.00,119.00,"$181,955.00",20217,1529,13
,Intensive Crisis Stabilization-Enrolled Program,,S9484,,Hour,0.00,0.00,$0.00,0,0,0
,Reidential Room and Board,,S9976,,Days,0.00,0.00,$0.00,0,0,0
,Private Duty Nursing,,T1000,,Up to 15 min,0.00,0.00,$0.00,0,0,0
,Private Duty Nursing,,T1000,TD,Up to 15 min,0.00,0.00,$0.00,0,0,0
,Private Duty Nursing,,T1000,TE,Up to 15 min,0.00,0.00,$0.00,0,0,0
,Assessment,,T1001,,Encounter,1.00,1.00,$269.00,269,269,1
,Health Services,,T1002,,Up to 15 min,1.00,4.00,"$6,114.00",6114,1529,4
,Respite Care,,T1005,,15 Minutes,0.00,0.00,$0.00,0,0,0
,Respite Care,,T1005,TD,15 Minutes,0.00,0.00,$0.00,0,0,0
,Respite Care,,T1005,TE,15 Minutes,0.00,0.00,$0.00,0,0,0
,Substance Abuse: Recovery Support Services,"0900, 0906, 0914, 0915, 0916, 0919",T1012,,Encounter,0.00,0.00,$0.00,0,0,0
,Family Psycho-Education - EBP,,T1015,,Encounter,4.00,4.00,"$3,001.00",750,750,1
,Supports Coordination/Wrap Facilitation,,T1016,,15 minutes,304.00,"6,864.00","$735,203.00",2418,107,23
,Targeted Case Management ,,T1017,,15 minutes,307.00,"12,835.00","$993,814.00",3237,77,42
,Nursing Home Mental Health Monitoring,,T1017,SE,15 minutes,3.00,48.00,"$3,714.00",1238,77,16
,Personal Care in Licensed Specialized Residential Setting,,T1020,,Days,29.00,"6,902.00","$643,197.00",22179,93,238
,Personal Care in Licensed Specialized Residential Setting,,T1020,TF,Days,13.00,"2,129.00","$198,402.00",15262,93,164
,Personal Care in Licensed Specialized Residential Setting,,T1020,TG,Days,6.00,617.00,"$57,498.00",9583,93,103
,Assessments,,T1023,,Encounter,521.00,769.00,"$355,109.00",682,462,1
,Enhanced Medical Supplies or Pharmacy,,T1999,,Items,0.00,0.00,$0.00,0,0,0
,Transportation,,T2001,,Encounter,0.00,0.00,$0.00,0,0,0
,Transportation,,T2002,,Per Diem,0.00,0.00,$0.00,0,0,0
,Transportation,,T2003,,Encounter / Trip,0.00,0.00,$0.00,0,0,0
,Transportation,,T2004,,Encounter,0.00,0.00,$0.00,0,0,0
,Transportation,,T2005,,Encounter,0.00,0.00,$0.00,0,0,0
,Out of Home Prevocational Service,,T2015,,Hour,0.00,0.00,$0.00,0,0,0
,Targeted Case Management (Children's Waiver),,T2023,,Month,0.00,0.00,$0.00,0,0,0
,Fiscal Intermediary Services,,T2025,,Month,0.00,0.00,$0.00,0,0,0
,Enhanced Medical Equipment-Supplies,,T2028,,Items,0.00,0.00,$0.00,0,0,0
,Enhanced Medical Equipment-Supplies,,T2029,,Items,0.00,0.00,$0.00,0,0,0
,Crisis Intervention,,T2034,,Days,0.00,0.00,$0.00,0,0,0
,Respite Care,,T2036,,Encounter / Trip. Per session. One night = one session,0.00,0.00,$0.00,0,0,0
,Respite Care,,T2037,,Encounter / Trip  Per session. One day/partial day = one session,0.00,0.00,$0.00,0,0,0
,Housing Assistance,,T2038,,Month   Service,0.00,0.00,$0.00,0,0,0
,Enhanced Medical Equipment-Supplies,,T2039,,Items,0.00,0.00,$0.00,0,0,0
,Pharmacy (Drugs and Other Biologicals),,,,,0.00,0.00,$0.00,0,0,0
,Other,,,,,0.00,0.00,$0.00,0,0,0
,Aggregate for 'J' Codes,,ALL,,,0.00,0.00,$0.00,0,0,0
Pines,,,,,,,,,,,
,State Psychiatric Hospital - Inpatient PT22,"0100, 0101, 0114, 0124, 0134, 0154",,PT22,Days,4.00,122.00,"$43,066.00",10767,353,31
,State Mental Retardation Facility - Inpatient (ICF/MR) PT65,"0100, 0101, 0114, 0124, 0134, 0154",,PT65,Days,0.00,0.00,$0.00,0,0,0
,Local Psychiatric Hospital/IMD PT68,"0100, 0101, 0114, 0124, 0134, 0154",,PT68,Days,1.00,6.00,"$4,818.00",4818,803,6
,Local Psychiatric Hospital - Acute Community PT73,"0100, 0101, 0114, 0124, 0134, 0154",,PT73,Days,87.00,465.00,"$273,033.00",3138,587,5
,Inpatient Hospital Ancillary Services - Leave of Absence,0183,,,Days,0.00,0.00,$0.00,0,0,0
,Inpatient Hospital Ancillary Services - Pharmacy,"0250-0254, 0257-0258 ",,,,0.00,0.00,$0.00,0,0,0
,Inpatient Hospital Ancillary Services - Medical/Surgical Supplies and Devices,0270-0272,,,# of items,0.00,0.00,$0.00,0,0,0
,Inpatient Hospital Ancillary Services - Laboratory,"0300-0302, 0305-0307",,,# of tests,0.00,0.00,$0.00,0,0,0
,Inpatient Hospital Ancillary Services - Radiology,0320,,,# of tests,0.00,0.00,$0.00,0,0,0
,ECT Anesthesia,0370,,,,0.00,0.00,$0.00,0,0,0
,Inpatient Hospital Ancillary Services - Respiratory Services,0410,,,# of treatments,0.00,0.00,$0.00,0,0,0
,Inpatient Hospital Ancillary Services -Physical Therapy,0420-0424,,,# of treatments,0.00,0.00,$0.00,0,0,0
,Inpatient Hospital Ancillary Services - Occupational Therapy,0430-0434,,,# of treatments,0.00,0.00,$0.00,0,0,0
,Inpatient Hospital Ancillary Services - Speech-Language Pathology,0440-0444,,,# of treatments,0.00,0.00,$0.00,0,0,0
,Inpatient Hospital Ancillary Services - Emergency Room,0450,,,# of visits,0.00,0.00,$0.00,0,0,0
,Inpatient Hospital Ancillary Services - Pulmonary Function,0460,,,# of tests,0.00,0.00,$0.00,0,0,0
,Inpatient Hospital Ancillary Services - Audiology,0470-0472,,,# of tests,0.00,0.00,$0.00,0,0,0
,Inpatient Hospital Ancillary Services - Magnetic Resonance Technology (MRT),0610-0611,,,# of tests,0.00,0.00,$0.00,0,0,0
,Inpatient Hospital Ancillary Services - Pharmacy,0636,,,# of units,0.00,0.00,$0.00,0,0,0
,ECT Recovery Room,0701,,,,0.00,0.00,$0.00,0,0,0
,Inpatient Hospital Ancillary Services -EKG/ECG,0730-0731,,,# of tests,0.00,0.00,$0.00,0,0,0
,Inpatient Hospital Ancillary Services - EEG,0740,,,# of tests,0.00,0.00,$0.00,0,0,0
,Crisis Observation Care,0762,,,Hour,0.00,0.00,$0.00,0,0,0
,Additional Codes-ECT Facility Charge,0901,,,Encounter,0.00,0.00,$0.00,0,0,0
,Inpatient Hospital Ancillary Services - Psychiatric/Psychological Treatments/Services,"0900, 0902-0904, 0911, 0914-0919",,,# of visits,0.00,0.00,$0.00,0,0,0
,Outpatient Partial Hospitalization,0912,,,Days,0.00,0.00,$0.00,0,0,0
,Outpatient Partial Hospitalization,0913,,,Days,0.00,0.00,$0.00,0,0,0
,Inpatient Hospital Ancillary Services - Other Diagnosis Services,0925,,,# of tests,0.00,0.00,$0.00,0,0,0
,Inpatient Hospital Ancillary Services - Other Therapeutic Services,0940-0942,,,# of visits,0.00,0.00,$0.00,0,0,0
,Additional Codes-ECT Anesthesia,,00104,,Minutes,0.00,0.00,$0.00,0,0,0
,Drug Screen for Methadone Clients Only,,80100,,Per Screen,0.00,0.00,$0.00,0,0,0
,Drug Screen for Methadone Clients Only,,80101,,Per Screen,0.00,0.00,$0.00,0,0,0
,Alcohol Breath Test for Methadone Clients Only,,82075,,Per Test,0.00,0.00,$0.00,0,0,0
,Medication Administration,,90772,,Encounter,0.00,0.00,$0.00,0,0,0
,Assessment-Psychiatric Assessment,,90801,,Encounter,417.00,461.00,"$106,229.00",255,230,1
,Substance Abuse: Psychiatric Evaluation,,90801,,Encounter,0.00,0.00,$0.00,0,0,0
,Assessment-Psychiatric Assessment,,90802,,Encounter,0.00,0.00,$0.00,0,0,0
,Substance Abuse: Psychiatric Evaluation,,90802,,Encounter,0.00,0.00,$0.00,0,0,0
,Therapy-Individual Therapy,,90804,,Encounter 20-30 Min,165.00,307.00,"$23,998.00",145,78,2
,Substance Abuse: Outpatient Treatment,"0900, 0914, 0915, 0916, 0919",90804,,Encounter 20-30 Min,0.00,0.00,$0.00,0,0,0
Pines,,,,,,,,,,,
,Therapy-Individual Therapy,,90805,,Encounter 20-30 Min,0.00,0.00,$0.00,0,0,0
,Substance Abuse: Outpatient Treatment,"0900, 0914, 0915, 0916, 0919",90805,,Encounter 20-30 Min,0.00,0.00,$0.00,0,0,0
,Therapy-Individual Therapy,,90806,,Encounter 45-50 Min,616.00,"2,863.00","$536,541.00",871,187,5
,Substance Abuse: Outpatient Treatment,"0900, 0914, 0915, 0916, 0919",90806,,Encounter 45-50 Min,0.00,0.00,$0.00,0,0,0
,Therapy-Individual Therapy,,90807,,Encounter 45-50 Min,0.00,0.00,$0.00,0,0,0
,Substance Abuse: Outpatient Treatment,"0900, 0914, 0915, 0916, 0919",90807,,Encounter 45-50 Min,0.00,0.00,$0.00,0,0,0
,Therapy-Individual Therapy,,90808,,Encounter 75-80 Min,10.00,13.00,"$3,477.00",348,267,1
,Substance Abuse: Outpatient Treatment,"0900, 0914, 0915, 0916, 0919",90808,,Encounter 75-80 Min,0.00,0.00,$0.00,0,0,0
,Therapy-Individual Therapy,,90809,,Encounter 75-80 Min,0.00,0.00,$0.00,0,0,0
,Substance Abuse: Outpatient Treatment,"0900, 0914, 0915, 0916, 0919",90809,,Encounter 75-80 Min,0.00,0.00,$0.00,0,0,0
,Therapy-Individual Therapy,,90810,,Encounter 20-30 Min,0.00,0.00,$0.00,0,0,0
,Substance Abuse: Outpatient Treatment,"0900, 0914, 0915, 0916, 0919",90810,,Encounter 20-30 Min,0.00,0.00,$0.00,0,0,0
,Therapy-Individual Therapy,,90811,,Encounter 20-30 Min,0.00,0.00,$0.00,0,0,0
,Substance Abuse: Outpatient Treatment,"0900, 0914, 0915, 0916, 0919",90811,,Encounter 20-30 Min,0.00,0.00,$0.00,0,0,0
,Therapy-Individual Therapy,,90812,,Encounter 45-50 Min,0.00,0.00,$0.00,0,0,0
,Substance Abuse: Outpatient Treatment,"0900, 0914, 0915, 0916, 0919",90812,,Encounter 45-50 Min,0.00,0.00,$0.00,0,0,0
,Therapy-Individual Therapy,,90813,,Encounter 45-50 Min,0.00,0.00,$0.00,0,0,0
,Substance Abuse: Outpatient Treatment,"0900, 0914, 0915, 0916, 0919",90813,,Encounter 45-50 Min,0.00,0.00,$0.00,0,0,0
,Therapy-Individual Therapy,,90814,,Encounter 75-80 Min,0.00,0.00,$0.00,0,0,0
,Substance Abuse: Outpatient Treatment,"0900, 0914, 0915, 0916, 0919",90814,,Encounter 75-80 Min,0.00,0.00,$0.00,0,0,0
,Therapy-Individual Therapy,,90815,,Encounter 75-80 Min,0.00,0.00,$0.00,0,0,0
,Substance Abuse: Outpatient Treatment,"0900, 0914, 0915, 0916, 0919",90815,,Encounter 75-80 Min,0.00,0.00,$0.00,0,0,0
,Therapy-Individual Therapy,,90816,,Encounter 20-30 Min,0.00,0.00,$0.00,0,0,0
,Therapy-Individual Therapy,,90817,,Encounter 20-30 Min,0.00,0.00,$0.00,0,0,0
,Therapy-Individual Therapy,,90818,,Encounter 45-50 Min,0.00,0.00,$0.00,0,0,0
,Therapy-Individual Therapy,,90819,,Encounter 45-50 Min,0.00,0.00,$0.00,0,0,0
,Therapy-Individual Therapy,,90821,,Encounter 75-80 Min,0.00,0.00,$0.00,0,0,0
,Therapy-Individual Therapy,,90822,,Encounter 75-80 Min,0.00,0.00,$0.00,0,0,0
,Therapy-Individual Therapy,,90823,,Encounter 20-30 Min,0.00,0.00,$0.00,0,0,0
,Therapy-Individual Therapy,,90824,,Encounter 20-30 Min,0.00,0.00,$0.00,0,0,0
,Therapy-Individual Therapy,,90826,,Encounter 45-50 Min,0.00,0.00,$0.00,0,0,0
,Substance Abuse: Psychotherapy (Individual Therapy),,90826,,Encounter 45-50 Min,0.00,0.00,$0.00,0,0,0
,Therapy-Individual Therapy,,90827,,Encounter 45-50 Min,0.00,0.00,$0.00,0,0,0
,Therapy-Individual Therapy,,90828,,Encounter 75-80 Min,0.00,0.00,$0.00,0,0,0
,Therapy-Individual Therapy,,90829,,Encounter 75-80 Min,0.00,0.00,$0.00,0,0,0
,Therapy-Family Therapy,,90846,,Encounter,0.00,0.00,$0.00,0,0,0
,Therapy-Family Therapy,,90847,,Encounter,25.00,85.00,"$16,884.00",675,199,3
,Substance Abuse: Outpatient Treatment,"0900, 0906, 0914, 0915, 0916, 0919",90847,,Encounter,0.00,0.00,$0.00,0,0,0
,Therapy-Family Therapy,,90849,,Encounter,0.00,0.00,$0.00,0,0,0
,Therapy-Family Therapy,,90849,HS,Encounter,0.00,0.00,$0.00,0,0,0
Pines,,,,,,,,,,,
,Therapy-Group Therapy,,90853,,Encounter,121.00,"1,291.00","$104,651.00",865,81,11
,Substance Abuse: Outpatient Treatment,"0900, 0906, 0914, 0915, 0916, 0919",90853,,Encounter,0.00,0.00,$0.00,0,0,0
,Therapy-Group Therapy,,90857,,Encounter,5.00,23.00,"$1,384.00",277,60,5
,Substance Abuse: Outpatient Treatment,"0900, 0906, 0914, 0915, 0916, 0919",90857,,Encounter,0.00,0.00,$0.00,0,0,0
,Medication Review ,,90862,,Encounter,547.00,"1,787.00","$166,704.00",305,93,3
,Substance Abuse: Medication Review,"0900, 0914, 0915, 0916, 0919",90862,,Encounter,0.00,0.00,$0.00,0,0,0
,Additional Codes-ECT Physician,,90870,,Encounter,0.00,0.00,$0.00,0,0,0
,Additional Codes-ECT Physician,0901,90870,,Encounter,0.00,0.00,$0.00,0,0,0
,Assessments-Other,,90887,,Encounter,0.00,0.00,$0.00,0,0,0
,Speech & Language Therapy ,,92506,,Encounter,0.00,0.00,$0.00,0,0,0
,Speech & Language Therapy ,,92507,,Encounter,0.00,0.00,$0.00,0,0,0
,Speech & Language Therapy ,,92508,,Encounter,0.00,0.00,$0.00,0,0,0
,Speech & Language Therapy ,,92526,,Encounter,0.00,0.00,$0.00,0,0,0
,Speech & Language Therapy ,,92610,,Encounter,0.00,0.00,$0.00,0,0,0
,Evaluation of Auditory Rehabilitation Status (Children's Waiver),,92626,,First Hour,0.00,0.00,$0.00,0,0,0
,Evaluation of Auditory Rehabiliation Status (Children's Waiver),,92627,,Each Additional 15 Minutes,0.00,0.00,$0.00,0,0,0
,Auditory Rehabilitation Preling Hearing Loss (Children's Waiver),,92630,,Encounter,0.00,0.00,$0.00,0,0,0
,Auditory Rehabilitation; Post-Lingual Hearing Loss (Children's Waiver),,92633,,Encounter,0.00,0.00,$0.00,0,0,0
,Psychological Testing PSYCH/PHYS ,,96101,,Per Hour,2.00,2.00,$599.00,300,300,1
,Psychological Testing by Technician ,,96102,,Per Hour,0.00,0.00,$0.00,0,0,0
,Psychological Testing by Comp ,,96103,,Per Hour,0.00,0.00,$0.00,0,0,0
,Assessments-Other,,96105,,Encounter,0.00,0.00,$0.00,0,0,0
,Assessments-Other,,96110,,Encounter,0.00,0.00,$0.00,0,0,0
,Assessments-Other,,96111,,Encounter,0.00,0.00,$0.00,0,0,0
,Neurobehavioral Status Exam (Children's Waiver),,96116,,Per Hour,0.00,0.00,$0.00,0,0,0
,Neuropsych test by Psych/Phys ,,96118,,Per Hour,0.00,0.00,$0.00,0,0,0
,Neuropsych test by Tech ,,96119,,Per Hour,0.00,0.00,$0.00,0,0,0
,Neuropsych test Admin w/Comp ,,96120,,Per Hour,0.00,0.00,$0.00,0,0,0
,Medication Administration,,96372,,Encounter,0.00,0.00,$0.00,0,0,0
,Physical Therapy,,97001,,Encounter,2.00,2.00,$120.00,60,60,1
,Physical Therapy,,97002,,Encounter,0.00,0.00,$0.00,0,0,0
,Occupational Therapy,,97003,,Encounter,0.00,0.00,$0.00,0,0,0
,Occupational Therapy,,97004,,Encounter,0.00,0.00,$0.00,0,0,0
,Occupational or Physical Therapy,,97110,,15 Minutes,1.00,1.00,$20.00,20,20,1
,Occupational or Physical Therapy,,97112,,15 Minutes,0.00,0.00,$0.00,0,0,0
,Occupational or Physical Therapy,,97113,,15 Minutes,0.00,0.00,$0.00,0,0,0
,Occupational or Physical Therapy,,97116,,15 Minutes,0.00,0.00,$0.00,0,0,0
,Occupational or Physical Therapy,,97124,,15 Minutes,0.00,0.00,$0.00,0,0,0
,Occupational or Physical Therapy,,97140,,15 Minutes,0.00,0.00,$0.00,0,0,0
,Occupational or Physical Therapy,,97150,,Encounter,0.00,0.00,$0.00,0,0,0
,Occupational or Physical Therapy,,97530,,15 Minutes,0.00,0.00,$0.00,0,0,0
,Occupational or Physical Therapy,,97532,,15 Minutes,0.00,0.00,$0.00,0,0,0
,Occupational or Physical Therapy,,97533,,15 Minutes,0.00,0.00,$0.00,0,0,0
,Occupational or Physical Therapy,,97535,,15 Minutes,0.00,0.00,$0.00,0,0,0
,Occupational or Physical Therapy,,97537,,15 Minutes,0.00,0.00,$0.00,0,0,0
,Occupational or Physical Therapy,,97542,,15 Minutes,0.00,0.00,$0.00,0,0,0
,Occupational Therapy,,97703,,15 Minutes,0.00,0.00,$0.00,0,0,0
Pines,,,,,,,,,,,
,Occupational Therapy,,97750,,15 Minutes,0.00,0.00,$0.00,0,0,0
,Occupational Therapy,,97755,,15 Minutes,0.00,0.00,$0.00,0,0,0
,Occupational Therapy,,97760,,15 Minutes,0.00,0.00,$0.00,0,0,0
,C/O for Orthotic/Prosth Use ,,97762,,15 minutes,0.00,0.00,$0.00,0,0,0
,Assessment or Health Services,,97802,,15 Minutes,10.00,26.00,$780.00,78,30,3
,Assessment or Health Services,,97803,,15 Minutes,3.00,8.00,$240.00,80,30,3
,Health Services,,97804,,30 Minutes,0.00,0.00,$0.00,0,0,0
,Additional Codes-Physician Services,,99201,,Encounter,0.00,0.00,$0.00,0,0,0
,Additional Codes-Physician Services,,99202,,Encounter,0.00,0.00,$0.00,0,0,0
,Additional Codes-Physician Services,,99203,,Encounter,0.00,0.00,$0.00,0,0,0
,Additional Codes-Physician Services,,99204,,Encounter,0.00,0.00,$0.00,0,0,0
,Additional Codes-Physician Services,,99205,,Encounter,0.00,0.00,$0.00,0,0,0
,Additional Codes-Physician Services  Medication Administration,,99211,,Encounter,0.00,0.00,$0.00,0,0,0
,Additional Codes-Physician Services,,99212,,Encounter,0.00,0.00,$0.00,0,0,0
,Additional Codes-Physician Services,,99213,,Encounter,1.00,1.00,$35.00,35,35,1
,Additional Codes-Physician Services,,99214,,Encounter,0.00,0.00,$0.00,0,0,0
,Additional Codes-Physician Services,,99215,,Encounter,0.00,0.00,$0.00,0,0,0
,Additional Codes-Physician Services,,99221,,30 Minutes,0.00,0.00,$0.00,0,0,0
,Additional Codes-Physician Services,,99222,,50 Minutes,0.00,0.00,$0.00,0,0,0
,Additional Codes-Physician Services,,99223,,70 Minutes,0.00,0.00,$0.00,0,0,0
,Additional Codes-Physician Services,,99231,,15 Minutes,0.00,0.00,$0.00,0,0,0
,Additional Codes-Physician Services,,99232,,25 minutes,0.00,0.00,$0.00,0,0,0
,Additional Codes-Physician Services,,99233,,35 Minutes,0.00,0.00,$0.00,0,0,0
,Additional Codes-Physician Services,,99238,,30 Minutes or less,0.00,0.00,$0.00,0,0,0
,Additional Codes-Physician Services,,99241,,Encounter,0.00,0.00,$0.00,0,0,0
,Additional Codes-Physician Services,,99242,,Encounter,0.00,0.00,$0.00,0,0,0
,Additional Codes-Physician Services,,99243,,Encounter,0.00,0.00,$0.00,0,0,0
,Additional Codes-Physician Services,,99244,,Encounter,0.00,0.00,$0.00,0,0,0
,Additional Codes-Physician Services,,99245,,Encounter,0.00,0.00,$0.00,0,0,0
,Additional Codes-Physician Services,,99251,,Encounter,0.00,0.00,$0.00,0,0,0
,Additional Codes-Physician Services,,99252,,Encounter,0.00,0.00,$0.00,0,0,0
,Additional Codes-Physician Services,,99253,,Encounter,0.00,0.00,$0.00,0,0,0
,Additional Codes-Physician Services,,99254,,Encounter,0.00,0.00,$0.00,0,0,0
,Additional Codes-Physician Services,,99255,,Encounter,0.00,0.00,$0.00,0,0,0
,Additional Codes-Physician Services,,99261,,Encounter,0.00,0.00,$0.00,0,0,0
,Additional Codes-Physician Services,,99262,,Encounter,0.00,0.00,$0.00,0,0,0
,Additional Codes-Physician Services,,99263,,Encounter,0.00,0.00,$0.00,0,0,0
,Additional Codes-Physician Services,,99271,,Encounter,0.00,0.00,$0.00,0,0,0
,Additional Codes-Physician Services,,99272,,Encounter,0.00,0.00,$0.00,0,0,0
,Additional Codes-Physician Services,,99273,,Encounter,0.00,0.00,$0.00,0,0,0
,Additional Codes-Physician Services,,99274,,Encounter,0.00,0.00,$0.00,0,0,0
,Additional Codes-Physician Services,,99275,,Encounter,0.00,0.00,$0.00,0,0,0
,Medication Administration,,99605,,Encounter,0.00,0.00,$0.00,0,0,0
,Transportation,,A0080,,Per mile,0.00,0.00,$0.00,0,0,0
,Transportation,,A0090,,Per mile,0.00,0.00,$0.00,0,0,0
,Transportation,,A0100,,Per one-way trip,0.00,0.00,$0.00,0,0,0
,Transportation,,A0110,,Per one-way trip,0.00,0.00,$0.00,0,0,0
,Transportation,,A0120,,Per one-way trip,0.00,0.00,$0.00,0,0,0
,Transportation,,A0130,,Per one-way trip,0.00,0.00,$0.00,0,0,0
,Transportation,,A0140,,Per one-way trip,0.00,0.00,$0.00,0,0,0
Pines,,,,,,,,,,,
,Transportation,,A0170,,,0.00,0.00,$0.00,0,0,0
,Additional Codes-Transportation,,A0425,,Per Mile,1.00,1.00,$796.00,796,796,1
,Additional Codes-Transportation,,A0427,,Refer to code descriptions.,0.00,0.00,$0.00,0,0,0
,Additional codes - Transportation,,A0428,,,1.00,1.00,$475.00,475,475,1
,Repair or Non-Routine Service for DME (Children's Waiver),,E1340,,15 Minutes,0.00,0.00,$0.00,0,0,0
,Enhanced Medical Equipment-Supplies,,E1399,,Items,0.00,0.00,$0.00,0,0,0
,Activity Therapy (Children's Waiver),,G0176,,Encounter,0.00,0.00,$0.00,0,0,0
,Family Training/Support EBP only,,G0177,,Encounter Session at least 45 min,8.00,32.00,"$2,198.00",275,69,4
,Substance Abuse: Individual Assessment,,H0001,,Encounter,5.00,5.00,$841.00,168,168,1
,Assessment ,,H0002,,Encounter,845.00,877.00,"$104,165.00",123,119,1
,Substance Abuse: Individual Assessment,,H0002,,Encounter,0.00,0.00,$0.00,0,0,0
,Substance Abuse:Laboratory,,H0003,,Encounter,0.00,0.00,$0.00,0,0,0
,Substance Abuse: Outpatient Treatment,"0900, 0906, 0914, 0915, 0916, 0919",H0004,,15 Minutes,0.00,0.00,$0.00,0,0,0
,Substance Abuse: Outpatient Treatment,"0900, 0906, 0914, 0915, 0916, 0919",H0005,,Encounter,0.00,0.00,$0.00,0,0,0
,Substance Abuse: Case Management,,H0006,,Encounter,0.00,0.00,$0.00,0,0,0
,Substance Abuse: Sub-Acute Detoxification,1002,H0010,,Days,0.00,0.00,$0.00,0,0,0
,Substance Abuse: Sub-Acute Detoxification,1002,H0012,,Days,0.00,0.00,$0.00,0,0,0
,Substance Abuse: Sub-Acute Detoxification,1002,H0014,,Days,0.00,0.00,$0.00,0,0,0
,Substance Abuse: Outpatient Care,"0900, 0906, 0914, 0915, 0916, 0919",H0015,,Days,0.00,0.00,$0.00,0,0,0
,Crisis Residential Services,,H0018,,Days,0.00,0.00,$0.00,0,0,0
,Substance Abuse: Residential,1002,H0018,,Days,0.00,0.00,$0.00,0,0,0
,Substance Abuse: Residential,1002,H0019,,Days,0.00,0.00,$0.00,0,0,0
,Substance Abuse: Methadone,,H0020,,Encounter,0.00,0.00,$0.00,0,0,0
,Substance Abuse: Early Intervention,,H0022,,Encounter,0.00,0.00,$0.00,0,0,0
,Peer Directed and Operated Support Services,,H0023,,Encounter,0.00,0.00,$0.00,0,0,0
,Prevention Services - Direct Model,,H0025,,Face to Face Contact,15.00,74.00,$569.00,38,8,5
,Crisis Intervention,,H0030,,Per Service,0.00,0.00,$0.00,0,0,0
,Assessment ,,H0031,,Encounter,458.00,480.00,"$87,838.00",192,183,1
,Substance Abuse: Assessment,,H0031,,Encounter,0.00,0.00,$0.00,0,0,0
,Treatment Planning,,H0032,,Encounter,625.00,681.00,"$109,047.00",174,160,1
,Monitoring of Treatment - Clinician,,H0032,TS,Encounter,131.00,171.00,"$27,227.00",208,159,1
,Substance Abuse: Pharmalogical Support - Suboxane,,H0033,,Direct Observation Encounter,0.00,0.00,$0.00,0,0,0
,Health Services,,H0034,,15 Minutes,0.00,0.00,$0.00,0,0,0
,Home Based Services,,H0036,,15 Minutes,1.00,18.00,$899.00,899,50,18
,Home Based Services,,H0036,ST,15 Minutes,0.00,0.00,$0.00,0,0,0
,Community Psychiatric Supportive Treatment ,,H0037,,Per diem,0.00,0.00,$0.00,0,0,0
,Peer Directed and Operated Support Services,,H0038,,15 minutes,22.00,476.00,"$6,341.00",288,13,22
,Peer Directed and Operated Support Services,,NA,,,0.00,0.00,"$61,000.00",0,0,0
,Assertive Community Treatment (ACT),,H0039,,15 Minutes,49.00,"8,515.00","$425,342.00",8680,50,174
,Community Living Supports in Independent living/own home,,H0043,,Per diem,1.00,365.00,"$36,768.00",36768,101,365
,Community Living Supports in Independent living/own home,,H0043,TT,Per diem,1.00,365.00,"$36,768.00",36768,101,365
,Respite,,H0045,,Days,0.00,0.00,$0.00,0,0,0
,Respite (Children's Waiver),,H0045,TD,Per Diem,0.00,0.00,$0.00,0,0,0
,Respite (Children's Waiver),,H0045,TE,Per Diem,0.00,0.00,$0.00,0,0,0
,Substance Abuse:Laboratory (cells now unlocked),,H0048,,Encounter,0.00,0.00,$0.00,0,0,0
,Substance Abuse: Individual Assessment,,H0049,,Encounter,0.00,0.00,$0.00,0,0,0
,Behavior Treatment Plan Review,,H2000,,Encounter,3.00,7.00,$446.00,149,64,2
,Behavior Treatment Plan Review - Monitoring Activities,,H2000,TS,Encounter,0.00,0.00,$0.00,0,0,0
Pines,,,,,,,,,,,
,Comprehensive Medication Services - EBP only,,H2010,,15 minutes,0.00,0.00,$0.00,0,0,0
,Crisis Intervention,,H2011,,15 Minutes,205.00,"1,155.00","$57,695.00",281,50,6
,Skill-Building and Out of Home Non Vocational Habilitation,,H2014,,15 minutes,0.00,0.00,$0.00,0,0,0
,Skill-Building and Out of Home Non Vocational Habilitation,,H2014,TT,15 Minutes,0.00,0.00,$0.00,0,0,0
,Community Living Supports (15 Minutes),,H2015,,15 Minutes,29.00,"25,116.00","$74,849.00",2581,3,866
,Community Living Supports (15 Minutes),,H2015,TT,15 Minutes,18.00,"7,766.00","$32,458.00",1803,4,431
,Community Living Supports (Daily),,H2016,,Per Diem,0.00,0.00,$0.00,0,0,0
,Community Living Supports (Daily),,H2016,TF,Per Diem,2.00,730.00,"$36,505.00",18253,50,365
,Community Living Supports (Daily),,H2016,TG,Per Diem,10.00,"3,417.00","$354,256.00",35426,104,342
,Behavior Services,,H2019,,15 Minutes,0.00,0.00,$0.00,0,0,0
,Behavior Services,,H2019,TT,15 Minutes,0.00,0.00,$0.00,0,0,0
,Crisis Intervention,,H2020,,Days,0.00,0.00,$0.00,0,0,0
,Wraparound,,H2021,,15 Minutes,0.00,0.00,$0.00,0,0,0
,Wraparound,,H2022,,Days,0.00,0.00,$0.00,0,0,0
,Supported Employment Services,,H2023,,15 minutes,18.00,"1,495.00","$21,109.00",1173,14,83
,Supported Employment Services,,H2023,TT,15 Minutes,0.00,0.00,$0.00,0,0,0
,Mental Health Therapy,,H2027,,15 Minutes,0.00,0.00,$0.00,0,0,0
,Clubhouse Psychosocial Rehabilitation Programs ,,H2030,,15 Minutes,32.00,"74,664.00","$168,741.00",5273,2,2333
,Home Based Services,,H2033,,15 Minutes,0.00,0.00,$0.00,0,0,0
,Substance Abuse: Outpatient Care,"0900, 0906, 0914, 0915, 0916, 0919",H2035,,Hour,0.00,0.00,$0.00,0,0,0
,Substance Abuse: Outpatient Care,"0900, 0906, 0914, 0915, 0916, 0919",H2036,,Per Diem,0.00,0.00,$0.00,0,0,0
,Medication Review ,,M0064,,"Encounter Face-to-Face, generally less than 10 minutes",14.00,218.00,"$11,602.00",829,53,16
,Transportation,,S0209,,Per Mile,0.00,0.00,$0.00,0,0,0
,Transportation,,S0215,,Per Mile,0.00,0.00,$0.00,0,0,0
,Family Training - EBP,,S5110,,15 Minutes,0.00,0.00,$0.00,0,0,0
,Family Training,,S5111,,Encounter,0.00,0.00,$0.00,0,0,0
,Family Training,,S5111,HA,Encounter,0.00,0.00,$0.00,0,0,0
,"Home Care Training, Non-Family (Children's Waiver)",,S5116,,Encounter,0.00,0.00,$0.00,0,0,0
,Chore Services,,S5120,,15 Minutes,0.00,0.00,$0.00,0,0,0
,Foster Care,,S5140,,Days,0.00,0.00,$0.00,0,0,0
,Foster Care,,S5145,,Days,0.00,0.00,$0.00,0,0,0
,Respite,,S5150,,15 Minutes,0.00,0.00,$0.00,0,0,0
,Respite,,S5151,,Per Diem,0.00,0.00,$0.00,0,0,0
,Personal Emergency Response System (PERS),,S5160,,Encounter,0.00,0.00,$0.00,0,0,0
,Personal Emergency Response System (PERS),,S5161,,Month,0.00,0.00,$0.00,0,0,0
,Environmental Modification ,,S5165,,Service,0.00,0.00,$0.00,0,0,0
,Enhanced Medical Equipment-Supplies,,S5199,,Items,0.00,0.00,$0.00,0,0,0
,Occupational or Physical Therapy,,S8990,,Encounter,0.00,0.00,$0.00,0,0,0
,Private Duty Nursing,0582,S9123,,Hour,0.00,0.00,$0.00,0,0,0
,Private Duty Nursing,,S9123,,Hour,0.00,0.00,$0.00,0,0,0
,Private Duty Nursing,,S9123,TT,Hour,0.00,0.00,$0.00,0,0,0
,Private Duty Nursing,0582,S9124,,Hour,0.00,0.00,$0.00,0,0,0
,Private Duty Nursing,,S9124,,Hour,0.00,0.00,$0.00,0,0,0
,Private Duty Nursing,,S9124,TT,Hour,0.00,0.00,$0.00,0,0,0
,Respite Care in the Home (RN) (Children's Waiver),,S9125,TD,Per Diem,0.00,0.00,$0.00,0,0,0
,Respite Care in the Home (LPN) (Children's Waiver),,S9125,TE,Per Diem,0.00,0.00,$0.00,0,0,0
,Health Services,,S9445,,Encounter,0.00,0.00,$0.00,0,0,0
,Health Services,,S9446,,Encounter,0.00,0.00,$0.00,0,0,0
Pines,,,,,,,,,,,
,Health Services,,S9470,,Encounter,0.00,0.00,$0.00,0,0,0
,Intensive Crisis Stabilization-Enrolled Program,,S9484,,Hour,6.00,7.00,"$1,049.00",175,150,1
,Reidential Room and Board,,S9976,,Days,0.00,0.00,$0.00,0,0,0
,Private Duty Nursing,,T1000,,Up to 15 min,0.00,0.00,$0.00,0,0,0
,Private Duty Nursing,,T1000,TD,Up to 15 min,0.00,0.00,$0.00,0,0,0
,Private Duty Nursing,,T1000,TE,Up to 15 min,0.00,0.00,$0.00,0,0,0
,Assessment,,T1001,,Encounter,220.00,222.00,"$15,838.00",72,71,1
,Health Services,,T1002,,Up to 15 min,329.00,495.00,"$25,660.00",78,52,2
,Respite Care,,T1005,,15 Minutes,34.00,"36,616.00","$198,938.00",5851,5,1077
,Respite Care,,T1005,TD,15 Minutes,0.00,0.00,$0.00,0,0,0
,Respite Care,,T1005,TE,15 Minutes,0.00,0.00,$0.00,0,0,0
,Substance Abuse: Recovery Support Services,"0900, 0906, 0914, 0915, 0916, 0919",T1012,,Encounter,0.00,0.00,$0.00,0,0,0
,Family Psycho-Education - EBP,,T1015,,Encounter,0.00,0.00,$0.00,0,0,0
,Supports Coordination/Wrap Facilitation,,T1016,,15 minutes,40.00,908.00,"$54,428.00",1361,60,23
,Targeted Case Management ,,T1017,,15 minutes,216.00,"5,709.00","$342,241.00",1584,60,26
,Nursing Home Mental Health Monitoring,,T1017,SE,15 minutes,0.00,0.00,$0.00,0,0,0
,Personal Care in Licensed Specialized Residential Setting,,T1020,,Days,2.00,543.00,"$16,463.00",8232,30,272
,Personal Care in Licensed Specialized Residential Setting,,T1020,TF,Days,2.00,705.00,"$29,731.00",14866,42,353
,Personal Care in Licensed Specialized Residential Setting,,T1020,TG,Days,8.00,"2,899.00","$289,436.00",36180,100,362
,Assessments,,T1023,,Encounter,0.00,0.00,$0.00,0,0,0
,Enhanced Medical Supplies or Pharmacy,,T1999,,Items,0.00,0.00,$0.00,0,0,0
,Transportation,,T2001,,Encounter,0.00,0.00,$0.00,0,0,0
,Transportation,,T2002,,Per Diem,0.00,0.00,$0.00,0,0,0
,Transportation,,T2003,,Encounter / Trip,0.00,0.00,$0.00,0,0,0
,Transportation,,T2004,,Encounter,0.00,0.00,$0.00,0,0,0
,Transportation,,T2005,,Encounter,0.00,0.00,$0.00,0,0,0
,Out of Home Prevocational Service,,T2015,,Hour,0.00,0.00,$0.00,0,0,0
,Targeted Case Management (Children's Waiver),,T2023,,Month,0.00,0.00,$0.00,0,0,0
,Fiscal Intermediary Services,,T2025,,Month,0.00,0.00,$0.00,0,0,0
,Enhanced Medical Equipment-Supplies,,T2028,,Items,0.00,0.00,$0.00,0,0,0
,Enhanced Medical Equipment-Supplies,,T2029,,Items,0.00,0.00,$0.00,0,0,0
,Crisis Intervention,,T2034,,Days,0.00,0.00,$0.00,0,0,0
,Respite Care,,T2036,,Encounter / Trip. Per session. One night = one session,0.00,0.00,$0.00,0,0,0
,Respite Care,,T2037,,Encounter / Trip  Per session. One day/partial day = one session,0.00,0.00,$0.00,0,0,0
,Housing Assistance,,T2038,,Month   Service,1.00,4.00,$600.00,600,150,4
,Enhanced Medical Equipment-Supplies,,T2039,,Items,0.00,0.00,$0.00,0,0,0
,Pharmacy (Drugs and Other Biologicals),,,,,0.00,0.00,$0.00,0,0,0
,Other,,,,,0.00,0.00,$0.00,0,0,0
,Aggregate for 'J' Codes,,ALL,,,0.00,0.00,$0.00,0,0,0
Saginaw,,,,,,,,,,,
,State Psychiatric Hospital - Inpatient PT22,"0100, 0101, 0114, 0124, 0134, 0154",,PT22,Days,28.00,"5,223.00","$2,225,042.00",79466,426,187
,State Mental Retardation Facility - Inpatient (ICF/MR) PT65,"0100, 0101, 0114, 0124, 0134, 0154",,PT65,Days,0.00,0.00,$0.00,0,0,0
,Local Psychiatric Hospital/IMD PT68,"0100, 0101, 0114, 0124, 0134, 0154",,PT68,Days,22.00,229.00,"$175,332.00",7970,766,10
,Local Psychiatric Hospital - Acute Community PT73,"0100, 0101, 0114, 0124, 0134, 0154",,PT73,Days,428.00,"3,907.00","$2,326,306.00",5435,595,9
,Inpatient Hospital Ancillary Services - Leave of Absence,0183,,,Days,0.00,0.00,$0.00,0,0,0
,Inpatient Hospital Ancillary Services - Pharmacy,"0250-0254, 0257-0258 ",,,,0.00,0.00,$0.00,0,0,0
,Inpatient Hospital Ancillary Services - Medical/Surgical Supplies and Devices,0270-0272,,,# of items,0.00,0.00,$0.00,0,0,0
,Inpatient Hospital Ancillary Services - Laboratory,"0300-0302, 0305-0307",,,# of tests,0.00,0.00,$0.00,0,0,0
,Inpatient Hospital Ancillary Services - Radiology,0320,,,# of tests,0.00,0.00,$0.00,0,0,0
,ECT Anesthesia,0370,,,,0.00,0.00,$0.00,0,0,0
,Inpatient Hospital Ancillary Services - Respiratory Services,0410,,,# of treatments,0.00,0.00,$0.00,0,0,0
,Inpatient Hospital Ancillary Services -Physical Therapy,0420-0424,,,# of treatments,0.00,0.00,$0.00,0,0,0
,Inpatient Hospital Ancillary Services - Occupational Therapy,0430-0434,,,# of treatments,0.00,0.00,$0.00,0,0,0
,Inpatient Hospital Ancillary Services - Speech-Language Pathology,0440-0444,,,# of treatments,0.00,0.00,$0.00,0,0,0
,Inpatient Hospital Ancillary Services - Emergency Room,0450,,,# of visits,0.00,0.00,$0.00,0,0,0
,Inpatient Hospital Ancillary Services - Pulmonary Function,0460,,,# of tests,0.00,0.00,$0.00,0,0,0
,Inpatient Hospital Ancillary Services - Audiology,0470-0472,,,# of tests,0.00,0.00,$0.00,0,0,0
,Inpatient Hospital Ancillary Services - Magnetic Resonance Technology (MRT),0610-0611,,,# of tests,0.00,0.00,$0.00,0,0,0
,Inpatient Hospital Ancillary Services - Pharmacy,0636,,,# of units,0.00,0.00,$0.00,0,0,0
,ECT Recovery Room,0701,,,,0.00,0.00,$0.00,0,0,0
,Inpatient Hospital Ancillary Services -EKG/ECG,0730-0731,,,# of tests,0.00,0.00,$0.00,0,0,0
,Inpatient Hospital Ancillary Services - EEG,0740,,,# of tests,0.00,0.00,$0.00,0,0,0
,Crisis Observation Care,0762,,,Hour,0.00,0.00,$0.00,0,0,0
,Additional Codes-ECT Facility Charge,0901,,,Encounter,0.00,0.00,$0.00,0,0,0
,Inpatient Hospital Ancillary Services - Psychiatric/Psychological Treatments/Services,"0900, 0902-0904, 0911, 0914-0919",,,# of visits,0.00,0.00,$0.00,0,0,0
,Outpatient Partial Hospitalization,0912,,,Days,0.00,0.00,$0.00,0,0,0
,Outpatient Partial Hospitalization,0913,,,Days,0.00,0.00,$0.00,0,0,0
,Inpatient Hospital Ancillary Services - Other Diagnosis Services,0925,,,# of tests,0.00,0.00,$0.00,0,0,0
,Inpatient Hospital Ancillary Services - Other Therapeutic Services,0940-0942,,,# of visits,0.00,0.00,$0.00,0,0,0
,Additional Codes-ECT Anesthesia,,00104,,Minutes,0.00,0.00,$0.00,0,0,0
,Drug Screen for Methadone Clients Only,,80100,,Per Screen,0.00,0.00,$0.00,0,0,0
,Drug Screen for Methadone Clients Only,,80101,,Per Screen,2.00,8.00,$121.00,61,15,4
,Alcohol Breath Test for Methadone Clients Only,,82075,,Per Test,0.00,0.00,$0.00,0,0,0
,Medication Administration,,90772,,Encounter,128.00,535.00,"$51,414.00",402,96,4
,Assessment-Psychiatric Assessment,,90801,,Encounter,0.00,0.00,$0.00,0,0,0
,Substance Abuse: Psychiatric Evaluation,,90801,,Encounter,394.00,416.00,"$229,220.00",582,551,1
,Assessment-Psychiatric Assessment,,90802,,Encounter,0.00,0.00,$0.00,0,0,0
,Substance Abuse: Psychiatric Evaluation,,90802,,Encounter,0.00,0.00,$0.00,0,0,0
,Therapy-Individual Therapy,,90804,,Encounter 20-30 Min,46.00,163.00,"$17,796.00",387,109,4
,Substance Abuse: Outpatient Treatment,"0900, 0914, 0915, 0916, 0919",90804,,Encounter 20-30 Min,0.00,0.00,$0.00,0,0,0
Saginaw,,,,,,,,,,,
,Therapy-Individual Therapy,,90805,,Encounter 20-30 Min,0.00,0.00,$0.00,0,0,0
,Substance Abuse: Outpatient Treatment,"0900, 0914, 0915, 0916, 0919",90805,,Encounter 20-30 Min,0.00,0.00,$0.00,0,0,0
,Therapy-Individual Therapy,,90806,,Encounter 45-50 Min,193.00,"1,174.00","$291,950.00",1513,249,6
,Substance Abuse: Outpatient Treatment,"0900, 0914, 0915, 0916, 0919",90806,,Encounter 45-50 Min,0.00,0.00,$0.00,0,0,0
,Therapy-Individual Therapy,,90807,,Encounter 45-50 Min,0.00,0.00,$0.00,0,0,0
,Substance Abuse: Outpatient Treatment,"0900, 0914, 0915, 0916, 0919",90807,,Encounter 45-50 Min,0.00,0.00,$0.00,0,0,0
,Therapy-Individual Therapy,,90808,,Encounter 75-80 Min,16.00,58.00,"$19,831.00",1239,342,4
,Substance Abuse: Outpatient Treatment,"0900, 0914, 0915, 0916, 0919",90808,,Encounter 75-80 Min,0.00,0.00,$0.00,0,0,0
,Therapy-Individual Therapy,,90809,,Encounter 75-80 Min,0.00,0.00,$0.00,0,0,0
,Substance Abuse: Outpatient Treatment,"0900, 0914, 0915, 0916, 0919",90809,,Encounter 75-80 Min,0.00,0.00,$0.00,0,0,0
,Therapy-Individual Therapy,,90810,,Encounter 20-30 Min,0.00,0.00,$0.00,0,0,0
,Substance Abuse: Outpatient Treatment,"0900, 0914, 0915, 0916, 0919",90810,,Encounter 20-30 Min,0.00,0.00,$0.00,0,0,0
,Therapy-Individual Therapy,,90811,,Encounter 20-30 Min,0.00,0.00,$0.00,0,0,0
,Substance Abuse: Outpatient Treatment,"0900, 0914, 0915, 0916, 0919",90811,,Encounter 20-30 Min,0.00,0.00,$0.00,0,0,0
,Therapy-Individual Therapy,,90812,,Encounter 45-50 Min,1.00,1.00,$227.00,227,227,1
,Substance Abuse: Outpatient Treatment,"0900, 0914, 0915, 0916, 0919",90812,,Encounter 45-50 Min,0.00,0.00,$0.00,0,0,0
,Therapy-Individual Therapy,,90813,,Encounter 45-50 Min,0.00,0.00,$0.00,0,0,0
,Substance Abuse: Outpatient Treatment,"0900, 0914, 0915, 0916, 0919",90813,,Encounter 45-50 Min,0.00,0.00,$0.00,0,0,0
,Therapy-Individual Therapy,,90814,,Encounter 75-80 Min,0.00,0.00,$0.00,0,0,0
,Substance Abuse: Outpatient Treatment,"0900, 0914, 0915, 0916, 0919",90814,,Encounter 75-80 Min,0.00,0.00,$0.00,0,0,0
,Therapy-Individual Therapy,,90815,,Encounter 75-80 Min,0.00,0.00,$0.00,0,0,0
,Substance Abuse: Outpatient Treatment,"0900, 0914, 0915, 0916, 0919",90815,,Encounter 75-80 Min,0.00,0.00,$0.00,0,0,0
,Therapy-Individual Therapy,,90816,,Encounter 20-30 Min,0.00,0.00,$0.00,0,0,0
,Therapy-Individual Therapy,,90817,,Encounter 20-30 Min,0.00,0.00,$0.00,0,0,0
,Therapy-Individual Therapy,,90818,,Encounter 45-50 Min,1.00,29.00,"$7,653.00",7653,264,29
,Therapy-Individual Therapy,,90819,,Encounter 45-50 Min,0.00,0.00,$0.00,0,0,0
,Therapy-Individual Therapy,,90821,,Encounter 75-80 Min,0.00,0.00,$0.00,0,0,0
,Therapy-Individual Therapy,,90822,,Encounter 75-80 Min,0.00,0.00,$0.00,0,0,0
,Therapy-Individual Therapy,,90823,,Encounter 20-30 Min,0.00,0.00,$0.00,0,0,0
,Therapy-Individual Therapy,,90824,,Encounter 20-30 Min,0.00,0.00,$0.00,0,0,0
,Therapy-Individual Therapy,,90826,,Encounter 45-50 Min,0.00,0.00,$0.00,0,0,0
,Substance Abuse: Psychotherapy (Individual Therapy),,90826,,Encounter 45-50 Min,0.00,0.00,$0.00,0,0,0
,Therapy-Individual Therapy,,90827,,Encounter 45-50 Min,0.00,0.00,$0.00,0,0,0
,Therapy-Individual Therapy,,90828,,Encounter 75-80 Min,0.00,0.00,$0.00,0,0,0
,Therapy-Individual Therapy,,90829,,Encounter 75-80 Min,0.00,0.00,$0.00,0,0,0
,Therapy-Family Therapy,,90846,,Encounter,2.00,5.00,$936.00,468,187,3
,Therapy-Family Therapy,,90847,,Encounter,6.00,15.00,$309.00,52,21,3
,Substance Abuse: Outpatient Treatment,"0900, 0906, 0914, 0915, 0916, 0919",90847,,Encounter,0.00,0.00,$0.00,0,0,0
,Therapy-Family Therapy,,90849,,Encounter,0.00,0.00,$0.00,0,0,0
,Therapy-Family Therapy,,90849,HS,Encounter,0.00,0.00,$0.00,0,0,0
Saginaw,,,,,,,,,,,
,Therapy-Group Therapy,,90853,,Encounter,93.00,"1,067.00","$343,798.00",3697,322,11
,Substance Abuse: Outpatient Treatment,"0900, 0906, 0914, 0915, 0916, 0919",90853,,Encounter,0.00,0.00,$0.00,0,0,0
,Therapy-Group Therapy,,90857,,Encounter,1.00,39.00,"$1,488.00",1488,38,39
,Substance Abuse: Outpatient Treatment,"0900, 0906, 0914, 0915, 0916, 0919",90857,,Encounter,0.00,0.00,$0.00,0,0,0
,Medication Review ,,90862,,Encounter,"1,011.00","3,471.00","$748,764.00",741,216,3
,Substance Abuse: Medication Review,"0900, 0914, 0915, 0916, 0919",90862,,Encounter,0.00,0.00,$0.00,0,0,0
,Additional Codes-ECT Physician,,90870,,Encounter,0.00,0.00,$0.00,0,0,0
,Additional Codes-ECT Physician,0901,90870,,Encounter,0.00,0.00,$0.00,0,0,0
,Assessments-Other,,90887,,Encounter,0.00,0.00,$0.00,0,0,0
,Speech & Language Therapy ,,92506,,Encounter,0.00,0.00,$0.00,0,0,0
,Speech & Language Therapy ,,92507,,Encounter,0.00,0.00,$0.00,0,0,0
,Speech & Language Therapy ,,92508,,Encounter,0.00,0.00,$0.00,0,0,0
,Speech & Language Therapy ,,92526,,Encounter,0.00,0.00,$0.00,0,0,0
,Speech & Language Therapy ,,92610,,Encounter,0.00,0.00,$0.00,0,0,0
,Evaluation of Auditory Rehabilitation Status (Children's Waiver),,92626,,First Hour,0.00,0.00,$0.00,0,0,0
,Evaluation of Auditory Rehabiliation Status (Children's Waiver),,92627,,Each Additional 15 Minutes,0.00,0.00,$0.00,0,0,0
,Auditory Rehabilitation Preling Hearing Loss (Children's Waiver),,92630,,Encounter,0.00,0.00,$0.00,0,0,0
,Auditory Rehabilitation; Post-Lingual Hearing Loss (Children's Waiver),,92633,,Encounter,0.00,0.00,$0.00,0,0,0
,Psychological Testing PSYCH/PHYS ,,96101,,Per Hour,14.00,59.00,"$5,743.00",410,97,4
,Psychological Testing by Technician ,,96102,,Per Hour,0.00,0.00,$0.00,0,0,0
,Psychological Testing by Comp ,,96103,,Per Hour,0.00,0.00,$0.00,0,0,0
,Assessments-Other,,96105,,Encounter,0.00,0.00,$0.00,0,0,0
,Assessments-Other,,96110,,Encounter,0.00,0.00,$0.00,0,0,0
,Assessments-Other,,96111,,Encounter,0.00,0.00,$0.00,0,0,0
,Neurobehavioral Status Exam (Children's Waiver),,96116,,Per Hour,0.00,0.00,$0.00,0,0,0
,Neuropsych test by Psych/Phys ,,96118,,Per Hour,0.00,0.00,$0.00,0,0,0
,Neuropsych test by Tech ,,96119,,Per Hour,0.00,0.00,$0.00,0,0,0
,Neuropsych test Admin w/Comp ,,96120,,Per Hour,0.00,0.00,$0.00,0,0,0
,Medication Administration,,96372,,Encounter,167.00,"1,550.00","$160,425.00",961,104,9
,Physical Therapy,,97001,,Encounter,0.00,0.00,$0.00,0,0,0
,Physical Therapy,,97002,,Encounter,1.00,1.00,$47.00,47,47,1
,Occupational Therapy,,97003,,Encounter,2.00,2.00,$102.00,51,51,1
,Occupational Therapy,,97004,,Encounter,2.00,2.00,$56.00,28,28,1
,Occupational or Physical Therapy,,97110,,15 Minutes,1.00,15.00,$355.00,355,24,15
,Occupational or Physical Therapy,,97112,,15 Minutes,0.00,0.00,$0.00,0,0,0
,Occupational or Physical Therapy,,97113,,15 Minutes,0.00,0.00,$0.00,0,0,0
,Occupational or Physical Therapy,,97116,,15 Minutes,0.00,0.00,$0.00,0,0,0
,Occupational or Physical Therapy,,97124,,15 Minutes,0.00,0.00,$0.00,0,0,0
,Occupational or Physical Therapy,,97140,,15 Minutes,0.00,0.00,$0.00,0,0,0
,Occupational or Physical Therapy,,97150,,Encounter,0.00,0.00,$0.00,0,0,0
,Occupational or Physical Therapy,,97530,,15 Minutes,0.00,0.00,$0.00,0,0,0
,Occupational or Physical Therapy,,97532,,15 Minutes,0.00,0.00,$0.00,0,0,0
,Occupational or Physical Therapy,,97533,,15 Minutes,0.00,0.00,$0.00,0,0,0
,Occupational or Physical Therapy,,97535,,15 Minutes,0.00,0.00,$0.00,0,0,0
,Occupational or Physical Therapy,,97537,,15 Minutes,0.00,0.00,$0.00,0,0,0
,Occupational or Physical Therapy,,97542,,15 Minutes,0.00,0.00,$0.00,0,0,0
,Occupational Therapy,,97703,,15 Minutes,0.00,0.00,$0.00,0,0,0
Saginaw,,,,,,,,,,,
,Occupational Therapy,,97750,,15 Minutes,0.00,0.00,$0.00,0,0,0
,Occupational Therapy,,97755,,15 Minutes,0.00,0.00,$0.00,0,0,0
,Occupational Therapy,,97760,,15 Minutes,0.00,0.00,$0.00,0,0,0
,C/O for Orthotic/Prosth Use ,,97762,,15 minutes,0.00,0.00,$0.00,0,0,0
,Assessment or Health Services,,97802,,15 Minutes,1.00,4.00,$95.00,95,24,4
,Assessment or Health Services,,97803,,15 Minutes,1.00,3.00,$71.00,71,24,3
,Health Services,,97804,,30 Minutes,0.00,0.00,$0.00,0,0,0
,Additional Codes-Physician Services,,99201,,Encounter,0.00,0.00,$0.00,0,0,0
,Additional Codes-Physician Services,,99202,,Encounter,0.00,0.00,$0.00,0,0,0
,Additional Codes-Physician Services,,99203,,Encounter,0.00,0.00,$0.00,0,0,0
,Additional Codes-Physician Services,,99204,,Encounter,0.00,0.00,$0.00,0,0,0
,Additional Codes-Physician Services,,99205,,Encounter,0.00,0.00,$0.00,0,0,0
,Additional Codes-Physician Services  Medication Administration,,99211,,Encounter,0.00,0.00,$0.00,0,0,0
,Additional Codes-Physician Services,,99212,,Encounter,0.00,0.00,$0.00,0,0,0
,Additional Codes-Physician Services,,99213,,Encounter,0.00,0.00,$0.00,0,0,0
,Additional Codes-Physician Services,,99214,,Encounter,0.00,0.00,$0.00,0,0,0
,Additional Codes-Physician Services,,99215,,Encounter,0.00,0.00,$0.00,0,0,0
,Additional Codes-Physician Services,,99221,,30 Minutes,84.00,88.00,"$10,734.00",128,122,1
,Additional Codes-Physician Services,,99222,,50 Minutes,196.00,226.00,"$20,962.00",107,93,1
,Additional Codes-Physician Services,,99223,,70 Minutes,87.00,94.00,"$16,064.00",185,171,1
,Additional Codes-Physician Services,,99231,,15 Minutes,371.00,"1,686.00","$49,450.00",133,29,5
,Additional Codes-Physician Services,,99232,,25 minutes,382.00,"1,584.00","$86,772.00",227,55,4
,Additional Codes-Physician Services,,99233,,35 Minutes,125.00,180.00,"$14,666.00",117,81,1
,Additional Codes-Physician Services,,99238,,30 Minutes or less,25.00,27.00,"$1,785.00",71,66,1
,Additional Codes-Physician Services,,99241,,Encounter,0.00,0.00,$0.00,0,0,0
,Additional Codes-Physician Services,,99242,,Encounter,0.00,0.00,$0.00,0,0,0
,Additional Codes-Physician Services,,99243,,Encounter,0.00,0.00,$0.00,0,0,0
,Additional Codes-Physician Services,,99244,,Encounter,0.00,0.00,$0.00,0,0,0
,Additional Codes-Physician Services,,99245,,Encounter,0.00,0.00,$0.00,0,0,0
,Additional Codes-Physician Services,,99251,,Encounter,0.00,0.00,$0.00,0,0,0
,Additional Codes-Physician Services,,99252,,Encounter,1.00,1.00,$59.00,59,59,1
,Additional Codes-Physician Services,,99253,,Encounter,0.00,0.00,$0.00,0,0,0
,Additional Codes-Physician Services,,99254,,Encounter,0.00,0.00,$0.00,0,0,0
,Additional Codes-Physician Services,,99255,,Encounter,0.00,0.00,$0.00,0,0,0
,Additional Codes-Physician Services,,99261,,Encounter,0.00,0.00,$0.00,0,0,0
,Additional Codes-Physician Services,,99262,,Encounter,0.00,0.00,$0.00,0,0,0
,Additional Codes-Physician Services,,99263,,Encounter,0.00,0.00,$0.00,0,0,0
,Additional Codes-Physician Services,,99271,,Encounter,0.00,0.00,$0.00,0,0,0
,Additional Codes-Physician Services,,99272,,Encounter,0.00,0.00,$0.00,0,0,0
,Additional Codes-Physician Services,,99273,,Encounter,0.00,0.00,$0.00,0,0,0
,Additional Codes-Physician Services,,99274,,Encounter,0.00,0.00,$0.00,0,0,0
,Additional Codes-Physician Services,,99275,,Encounter,0.00,0.00,$0.00,0,0,0
,Medication Administration,,99605,,Encounter,0.00,0.00,$0.00,0,0,0
,Transportation,,A0080,,Per mile,0.00,0.00,$0.00,0,0,0
,Transportation,,A0090,,Per mile,0.00,0.00,$0.00,0,0,0
,Transportation,,A0100,,Per one-way trip,2.00,2.00,$164.00,82,82,1
,Transportation,,A0110,,Per one-way trip,2.00,2.00,$526.00,263,263,1
,Transportation,,A0120,,Per one-way trip,0.00,0.00,$0.00,0,0,0
,Transportation,,A0130,,Per one-way trip,2.00,111.00,"$14,893.00",7447,134,56
,Transportation,,A0140,,Per one-way trip,0.00,0.00,$0.00,0,0,0
Saginaw,,,,,,,,,,,
,Transportation,,A0170,,,0.00,0.00,$0.00,0,0,0
,Additional Codes-Transportation,,A0425,,Per Mile,112.00,"2,145.00","$22,952.00",205,11,19
,Additional Codes-Transportation,,A0427,,Refer to code descriptions.,0.00,0.00,$0.00,0,0,0
,Additional codes - Transportation,,A0428,,,112.00,123.00,"$2,034.00",18,17,1
,Repair or Non-Routine Service for DME (Children's Waiver),,E1340,,15 Minutes,0.00,0.00,$0.00,0,0,0
,Enhanced Medical Equipment-Supplies,,E1399,,Items,0.00,0.00,$0.00,0,0,0
,Activity Therapy (Children's Waiver),,G0176,,Encounter,0.00,0.00,$0.00,0,0,0
,Family Training/Support EBP only,,G0177,,Encounter Session at least 45 min,25.00,239.00,"$49,391.00",1976,207,10
,Substance Abuse: Individual Assessment,,H0001,,Encounter,338.00,537.00,"$48,330.00",143,90,2
,Assessment ,,H0002,,Encounter,6.00,6.00,"$2,945.00",491,491,1
,Substance Abuse: Individual Assessment,,H0002,,Encounter,0.00,0.00,$0.00,0,0,0
,Substance Abuse:Laboratory,,H0003,,Encounter,0.00,0.00,$0.00,0,0,0
,Substance Abuse: Outpatient Treatment,"0900, 0906, 0914, 0915, 0916, 0919",H0004,,15 Minutes,162.00,454.00,"$22,700.00",140,50,3
,Substance Abuse: Outpatient Treatment,"0900, 0906, 0914, 0915, 0916, 0919",H0005,,Encounter,132.00,905.00,"$81,450.00",617,90,7
,Substance Abuse: Case Management,,H0006,,Encounter,0.00,0.00,$0.00,0,0,0
,Substance Abuse: Sub-Acute Detoxification,1002,H0010,,Days,37.00,122.00,"$30,500.00",824,250,3
,Substance Abuse: Sub-Acute Detoxification,1002,H0012,,Days,47.00,214.00,"$42,800.00",911,200,5
,Substance Abuse: Sub-Acute Detoxification,1002,H0014,,Days,0.00,0.00,$0.00,0,0,0
,Substance Abuse: Outpatient Care,"0900, 0906, 0914, 0915, 0916, 0919",H0015,,Days,0.00,0.00,$0.00,0,0,0
,Crisis Residential Services,,H0018,,Days,305.00,"1,920.00","$404,486.00",1326,211,6
,Substance Abuse: Residential,1002,H0018,,Days,88.00,"1,236.00","$148,320.00",1685,120,14
,Substance Abuse: Residential,1002,H0019,,Days,36.00,"1,829.00","$284,755.00",7910,156,51
,Substance Abuse: Methadone,,H0020,,Encounter,33.00,938.00,"$70,350.00",2132,75,28
,Substance Abuse: Early Intervention,,H0022,,Encounter,0.00,0.00,$0.00,0,0,0
,Peer Directed and Operated Support Services,,H0023,,Encounter,0.00,0.00,$0.00,0,0,0
,Prevention Services - Direct Model,,H0025,,Face to Face Contact,1.00,4.00,"$1,212.00",1212,303,4
,Crisis Intervention,,H0030,,Per Service,0.00,0.00,$0.00,0,0,0
,Assessment ,,H0031,,Encounter,503.00,524.00,"$203,674.00",405,389,1
,Substance Abuse: Assessment,,H0031,,Encounter,0.00,0.00,$0.00,0,0,0
,Treatment Planning,,H0032,,Encounter,18.00,121.00,"$13,536.00",752,112,7
,Monitoring of Treatment - Clinician,,H0032,TS,Encounter,0.00,0.00,$0.00,0,0,0
,Substance Abuse: Pharmalogical Support - Suboxane,,H0033,,Direct Observation Encounter,0.00,0.00,$0.00,0,0,0
,Health Services,,H0034,,15 Minutes,0.00,0.00,$0.00,0,0,0
,Home Based Services,,H0036,,15 Minutes,75.00,"7,837.00","$557,838.00",7438,71,104
,Home Based Services,,H0036,ST,15 Minutes,0.00,0.00,$0.00,0,0,0
,Community Psychiatric Supportive Treatment ,,H0037,,Per diem,0.00,0.00,$0.00,0,0,0
,Peer Directed and Operated Support Services,,H0038,,15 minutes,238.00,"5,998.00","$177,301.00",745,30,25
,Peer Directed and Operated Support Services,,NA,,,0.00,0.00,$0.00,0,0,0
,Assertive Community Treatment (ACT),,H0039,,15 Minutes,85.00,"21,375.00","$855,000.00",10059,40,251
,Community Living Supports in Independent living/own home,,H0043,,Per diem,66.00,"14,709.00","$789,285.00",11959,54,223
,Community Living Supports in Independent living/own home,,H0043,TT,Per diem,2.00,112.00,"$6,010.00",3005,54,56
,Respite,,H0045,,Days,0.00,0.00,$0.00,0,0,0
,Respite (Children's Waiver),,H0045,TD,Per Diem,0.00,0.00,$0.00,0,0,0
,Respite (Children's Waiver),,H0045,TE,Per Diem,0.00,0.00,$0.00,0,0,0
,Substance Abuse:Laboratory (cells now unlocked),,H0048,,Encounter,0.00,0.00,$0.00,0,0,0
,Substance Abuse: Individual Assessment,,H0049,,Encounter,0.00,0.00,$0.00,0,0,0
,Behavior Treatment Plan Review,,H2000,,Encounter,14.00,55.00,"$1,630.00",116,30,4
,Behavior Treatment Plan Review - Monitoring Activities,,H2000,TS,Encounter,0.00,0.00,$0.00,0,0,0
Saginaw,,,,,,,,,,,
,Comprehensive Medication Services - EBP only,,H2010,,15 minutes,0.00,0.00,$0.00,0,0,0
,Crisis Intervention,,H2011,,15 Minutes,"1,262.00","5,390.00","$781,011.00",619,145,4
,Skill-Building and Out of Home Non Vocational Habilitation,,H2014,,15 minutes,12.00,"19,624.00","$83,206.00",6934,4,1635
,Skill-Building and Out of Home Non Vocational Habilitation,,H2014,TT,15 Minutes,0.00,0.00,$0.00,0,0,0
,Community Living Supports (15 Minutes),,H2015,,15 Minutes,52.00,"158,502.00","$1,100,004.00",21154,7,3048
,Community Living Supports (15 Minutes),,H2015,TT,15 Minutes,1.00,930.00,"$2,372.00",2372,3,930
,Community Living Supports (Daily),,H2016,,Per Diem,13.00,"3,150.00","$72,545.00",5580,23,242
,Community Living Supports (Daily),,H2016,TF,Per Diem,5.00,"1,764.00","$83,896.00",16779,48,353
,Community Living Supports (Daily),,H2016,TG,Per Diem,118.00,"29,226.00","$3,125,428.00",26487,107,248
,Behavior Services,,H2019,,15 Minutes,0.00,0.00,$0.00,0,0,0
,Behavior Services,,H2019,TT,15 Minutes,0.00,0.00,$0.00,0,0,0
,Crisis Intervention,,H2020,,Days,0.00,0.00,$0.00,0,0,0
,Wraparound,,H2021,,15 Minutes,6.00,66.00,"$12,548.00",2091,190,11
,Wraparound,,H2022,,Days,2.00,4.00,"$1,426.00",713,357,2
,Supported Employment Services,,H2023,,15 minutes,62.00,"19,957.00","$150,875.00",2433,8,322
,Supported Employment Services,,H2023,TT,15 Minutes,0.00,0.00,$0.00,0,0,0
,Mental Health Therapy,,H2027,,15 Minutes,0.00,0.00,$0.00,0,0,0
,Clubhouse Psychosocial Rehabilitation Programs ,,H2030,,15 Minutes,78.00,"121,463.00","$342,526.00",4391,3,1557
,Home Based Services,,H2033,,15 Minutes,0.00,0.00,$0.00,0,0,0
,Substance Abuse: Outpatient Care,"0900, 0906, 0914, 0915, 0916, 0919",H2035,,Hour,0.00,0.00,$0.00,0,0,0
,Substance Abuse: Outpatient Care,"0900, 0906, 0914, 0915, 0916, 0919",H2036,,Per Diem,63.00,356.00,"$56,960.00",904,160,6
,Medication Review ,,M0064,,"Encounter Face-to-Face, generally less than 10 minutes",295.00,424.00,"$67,458.00",229,159,1
,Transportation,,S0209,,Per Mile,0.00,0.00,$0.00,0,0,0
,Transportation,,S0215,,Per Mile,0.00,0.00,$0.00,0,0,0
,Family Training - EBP,,S5110,,15 Minutes,1.00,16.00,"$2,186.00",2186,137,16
,Family Training,,S5111,,Encounter,11.00,110.00,"$16,151.00",1468,147,10
,Family Training,,S5111,HA,Encounter,0.00,0.00,$0.00,0,0,0
,"Home Care Training, Non-Family (Children's Waiver)",,S5116,,Encounter,0.00,0.00,$0.00,0,0,0
,Chore Services,,S5120,,15 Minutes,0.00,0.00,$0.00,0,0,0
,Foster Care,,S5140,,Days,0.00,0.00,$0.00,0,0,0
,Foster Care,,S5145,,Days,0.00,0.00,$0.00,0,0,0
,Respite,,S5150,,15 Minutes,0.00,0.00,$0.00,0,0,0
,Respite,,S5151,,Per Diem,0.00,0.00,$0.00,0,0,0
,Personal Emergency Response System (PERS),,S5160,,Encounter,0.00,0.00,$0.00,0,0,0
,Personal Emergency Response System (PERS),,S5161,,Month,0.00,0.00,$0.00,0,0,0
,Environmental Modification ,,S5165,,Service,0.00,0.00,$0.00,0,0,0
,Enhanced Medical Equipment-Supplies,,S5199,,Items,0.00,0.00,$0.00,0,0,0
,Occupational or Physical Therapy,,S8990,,Encounter,0.00,0.00,$0.00,0,0,0
,Private Duty Nursing,0582,S9123,,Hour,0.00,0.00,$0.00,0,0,0
,Private Duty Nursing,,S9123,,Hour,0.00,0.00,$0.00,0,0,0
,Private Duty Nursing,,S9123,TT,Hour,0.00,0.00,$0.00,0,0,0
,Private Duty Nursing,0582,S9124,,Hour,0.00,0.00,$0.00,0,0,0
,Private Duty Nursing,,S9124,,Hour,0.00,0.00,$0.00,0,0,0
,Private Duty Nursing,,S9124,TT,Hour,0.00,0.00,$0.00,0,0,0
,Respite Care in the Home (RN) (Children's Waiver),,S9125,TD,Per Diem,0.00,0.00,$0.00,0,0,0
,Respite Care in the Home (LPN) (Children's Waiver),,S9125,TE,Per Diem,0.00,0.00,$0.00,0,0,0
,Health Services,,S9445,,Encounter,0.00,0.00,$0.00,0,0,0
,Health Services,,S9446,,Encounter,1.00,1.00,$58.00,58,58,1
Saginaw,,,,,,,,,,,
,Health Services,,S9470,,Encounter,0.00,0.00,$0.00,0,0,0
,Intensive Crisis Stabilization-Enrolled Program,,S9484,,Hour,0.00,0.00,$0.00,0,0,0
,Reidential Room and Board,,S9976,,Days,158.00,"3,658.00","$197,020.00",1247,54,23
,Private Duty Nursing,,T1000,,Up to 15 min,0.00,0.00,$0.00,0,0,0
,Private Duty Nursing,,T1000,TD,Up to 15 min,0.00,0.00,$0.00,0,0,0
,Private Duty Nursing,,T1000,TE,Up to 15 min,0.00,0.00,$0.00,0,0,0
,Assessment,,T1001,,Encounter,272.00,280.00,"$106,638.00",392,381,1
,Health Services,,T1002,,Up to 15 min,285.00,404.00,"$44,545.00",156,110,1
,Respite Care,,T1005,,15 Minutes,1.00,796.00,"$3,096.00",3096,4,796
,Respite Care,,T1005,TD,15 Minutes,0.00,0.00,$0.00,0,0,0
,Respite Care,,T1005,TE,15 Minutes,0.00,0.00,$0.00,0,0,0
,Substance Abuse: Recovery Support Services,"0900, 0906, 0914, 0915, 0916, 0919",T1012,,Encounter,12.00,28.00,$840.00,70,30,2
,Family Psycho-Education - EBP,,T1015,,Encounter,0.00,0.00,$0.00,0,0,0
,Supports Coordination/Wrap Facilitation,,T1016,,15 minutes,14.00,197.00,"$16,028.00",1145,81,14
,Targeted Case Management ,,T1017,,15 minutes,"1,045.00","58,474.00","$1,363,614.00",1305,23,56
,Nursing Home Mental Health Monitoring,,T1017,SE,15 minutes,12.00,530.00,"$12,360.00",1030,23,44
,Personal Care in Licensed Specialized Residential Setting,,T1020,,Days,86.00,"21,052.00","$213,678.00",2485,10,245
,Personal Care in Licensed Specialized Residential Setting,,T1020,TF,Days,41.00,"9,639.00","$340,546.00",8306,35,235
,Personal Care in Licensed Specialized Residential Setting,,T1020,TG,Days,13.00,"3,393.00","$216,134.00",16626,64,261
,Assessments,,T1023,,Encounter,"1,185.00","1,603.00","$731,096.00",617,456,1
,Enhanced Medical Supplies or Pharmacy,,T1999,,Items,0.00,0.00,$0.00,0,0,0
,Transportation,,T2001,,Encounter,0.00,0.00,$0.00,0,0,0
,Transportation,,T2002,,Per Diem,0.00,0.00,$0.00,0,0,0
,Transportation,,T2003,,Encounter / Trip,0.00,0.00,$0.00,0,0,0
,Transportation,,T2004,,Encounter,0.00,0.00,$0.00,0,0,0
,Transportation,,T2005,,Encounter,0.00,0.00,$0.00,0,0,0
,Out of Home Prevocational Service,,T2015,,Hour,0.00,0.00,$0.00,0,0,0
,Targeted Case Management (Children's Waiver),,T2023,,Month,0.00,0.00,$0.00,0,0,0
,Fiscal Intermediary Services,,T2025,,Month,8.00,59.00,"$11,235.00",1404,190,7
,Enhanced Medical Equipment-Supplies,,T2028,,Items,0.00,0.00,$0.00,0,0,0
,Enhanced Medical Equipment-Supplies,,T2029,,Items,0.00,0.00,$0.00,0,0,0
,Crisis Intervention,,T2034,,Days,0.00,0.00,$0.00,0,0,0
,Respite Care,,T2036,,Encounter / Trip. Per session. One night = one session,0.00,0.00,$0.00,0,0,0
,Respite Care,,T2037,,Encounter / Trip  Per session. One day/partial day = one session,0.00,0.00,$0.00,0,0,0
,Housing Assistance,,T2038,,Month   Service,115.00,590.00,"$118,295.00",1029,201,5
,Enhanced Medical Equipment-Supplies,,T2039,,Items,0.00,0.00,$0.00,0,0,0
,Pharmacy (Drugs and Other Biologicals),,,,,0.00,0.00,"$299,360.00",0,0,0
,Other,,,,,0.00,0.00,$0.00,0,0,0
,Aggregate for 'J' Codes,,ALL,,,0.00,0.00,$0.00,0,0,0
Sanilac,,,,,,,,,,,
,State Psychiatric Hospital - Inpatient PT22,"0100, 0101, 0114, 0124, 0134, 0154",,PT22,Days,1.00,42.00,"$33,053.00",33053,787,42
,State Mental Retardation Facility - Inpatient (ICF/MR) PT65,"0100, 0101, 0114, 0124, 0134, 0154",,PT65,Days,0.00,0.00,$0.00,0,0,0
,Local Psychiatric Hospital/IMD PT68,"0100, 0101, 0114, 0124, 0134, 0154",,PT68,Days,9.00,63.00,"$44,924.00",4992,713,7
,Local Psychiatric Hospital - Acute Community PT73,"0100, 0101, 0114, 0124, 0134, 0154",,PT73,Days,72.00,573.00,"$408,590.00",5675,713,8
,Inpatient Hospital Ancillary Services - Leave of Absence,0183,,,Days,0.00,0.00,$0.00,0,0,0
,Inpatient Hospital Ancillary Services - Pharmacy,"0250-0254, 0257-0258 ",,,,0.00,0.00,$0.00,0,0,0
,Inpatient Hospital Ancillary Services - Medical/Surgical Supplies and Devices,0270-0272,,,# of items,0.00,0.00,$0.00,0,0,0
,Inpatient Hospital Ancillary Services - Laboratory,"0300-0302, 0305-0307",,,# of tests,0.00,0.00,$0.00,0,0,0
,Inpatient Hospital Ancillary Services - Radiology,0320,,,# of tests,0.00,0.00,$0.00,0,0,0
,ECT Anesthesia,0370,,,,0.00,0.00,$0.00,0,0,0
,Inpatient Hospital Ancillary Services - Respiratory Services,0410,,,# of treatments,0.00,0.00,$0.00,0,0,0
,Inpatient Hospital Ancillary Services -Physical Therapy,0420-0424,,,# of treatments,0.00,0.00,$0.00,0,0,0
,Inpatient Hospital Ancillary Services - Occupational Therapy,0430-0434,,,# of treatments,0.00,0.00,$0.00,0,0,0
,Inpatient Hospital Ancillary Services - Speech-Language Pathology,0440-0444,,,# of treatments,0.00,0.00,$0.00,0,0,0
,Inpatient Hospital Ancillary Services - Emergency Room,0450,,,# of visits,0.00,0.00,$0.00,0,0,0
,Inpatient Hospital Ancillary Services - Pulmonary Function,0460,,,# of tests,0.00,0.00,$0.00,0,0,0
,Inpatient Hospital Ancillary Services - Audiology,0470-0472,,,# of tests,0.00,0.00,$0.00,0,0,0
,Inpatient Hospital Ancillary Services - Magnetic Resonance Technology (MRT),0610-0611,,,# of tests,0.00,0.00,$0.00,0,0,0
,Inpatient Hospital Ancillary Services - Pharmacy,0636,,,# of units,0.00,0.00,$0.00,0,0,0
,ECT Recovery Room,0701,,,,0.00,0.00,$0.00,0,0,0
,Inpatient Hospital Ancillary Services -EKG/ECG,0730-0731,,,# of tests,0.00,0.00,$0.00,0,0,0
,Inpatient Hospital Ancillary Services - EEG,0740,,,# of tests,0.00,0.00,$0.00,0,0,0
,Crisis Observation Care,0762,,,Hour,0.00,0.00,$0.00,0,0,0
,Additional Codes-ECT Facility Charge,0901,,,Encounter,0.00,0.00,$0.00,0,0,0
,Inpatient Hospital Ancillary Services - Psychiatric/Psychological Treatments/Services,"0900, 0902-0904, 0911, 0914-0919",,,# of visits,0.00,0.00,$0.00,0,0,0
,Outpatient Partial Hospitalization,0912,,,Days,1.00,3.00,"$2,244.00",2244,748,3
,Outpatient Partial Hospitalization,0913,,,Days,0.00,0.00,$0.00,0,0,0
,Inpatient Hospital Ancillary Services - Other Diagnosis Services,0925,,,# of tests,0.00,0.00,$0.00,0,0,0
,Inpatient Hospital Ancillary Services - Other Therapeutic Services,0940-0942,,,# of visits,0.00,0.00,$0.00,0,0,0
,Additional Codes-ECT Anesthesia,,00104,,Minutes,0.00,0.00,$0.00,0,0,0
,Drug Screen for Methadone Clients Only,,80100,,Per Screen,0.00,0.00,$0.00,0,0,0
,Drug Screen for Methadone Clients Only,,80101,,Per Screen,0.00,0.00,$0.00,0,0,0
,Alcohol Breath Test for Methadone Clients Only,,82075,,Per Test,0.00,0.00,$0.00,0,0,0
,Medication Administration,,90772,,Encounter,1.00,1.00,$81.00,81,81,1
,Assessment-Psychiatric Assessment,,90801,,Encounter,157.00,157.00,"$97,033.00",618,618,1
,Substance Abuse: Psychiatric Evaluation,,90801,,Encounter,0.00,0.00,$0.00,0,0,0
,Assessment-Psychiatric Assessment,,90802,,Encounter,0.00,0.00,$0.00,0,0,0
,Substance Abuse: Psychiatric Evaluation,,90802,,Encounter,0.00,0.00,$0.00,0,0,0
,Therapy-Individual Therapy,,90804,,Encounter 20-30 Min,68.00,84.00,"$9,703.00",143,116,1
,Substance Abuse: Outpatient Treatment,"0900, 0914, 0915, 0916, 0919",90804,,Encounter 20-30 Min,0.00,0.00,$0.00,0,0,0
Sanilac,,,,,,,,,,,
,Therapy-Individual Therapy,,90805,,Encounter 20-30 Min,0.00,0.00,$0.00,0,0,0
,Substance Abuse: Outpatient Treatment,"0900, 0914, 0915, 0916, 0919",90805,,Encounter 20-30 Min,0.00,0.00,$0.00,0,0,0
,Therapy-Individual Therapy,,90806,,Encounter 45-50 Min,371.00,"2,654.00","$384,268.00",1036,145,7
,Substance Abuse: Outpatient Treatment,"0900, 0914, 0915, 0916, 0919",90806,,Encounter 45-50 Min,0.00,0.00,$0.00,0,0,0
,Therapy-Individual Therapy,,90807,,Encounter 45-50 Min,0.00,0.00,$0.00,0,0,0
,Substance Abuse: Outpatient Treatment,"0900, 0914, 0915, 0916, 0919",90807,,Encounter 45-50 Min,0.00,0.00,$0.00,0,0,0
,Therapy-Individual Therapy,,90808,,Encounter 75-80 Min,9.00,35.00,"$9,646.00",1072,276,4
,Substance Abuse: Outpatient Treatment,"0900, 0914, 0915, 0916, 0919",90808,,Encounter 75-80 Min,0.00,0.00,$0.00,0,0,0
,Therapy-Individual Therapy,,90809,,Encounter 75-80 Min,0.00,0.00,$0.00,0,0,0
,Substance Abuse: Outpatient Treatment,"0900, 0914, 0915, 0916, 0919",90809,,Encounter 75-80 Min,0.00,0.00,$0.00,0,0,0
,Therapy-Individual Therapy,,90810,,Encounter 20-30 Min,0.00,0.00,$0.00,0,0,0
,Substance Abuse: Outpatient Treatment,"0900, 0914, 0915, 0916, 0919",90810,,Encounter 20-30 Min,0.00,0.00,$0.00,0,0,0
,Therapy-Individual Therapy,,90811,,Encounter 20-30 Min,0.00,0.00,$0.00,0,0,0
,Substance Abuse: Outpatient Treatment,"0900, 0914, 0915, 0916, 0919",90811,,Encounter 20-30 Min,0.00,0.00,$0.00,0,0,0
,Therapy-Individual Therapy,,90812,,Encounter 45-50 Min,0.00,0.00,$0.00,0,0,0
,Substance Abuse: Outpatient Treatment,"0900, 0914, 0915, 0916, 0919",90812,,Encounter 45-50 Min,0.00,0.00,$0.00,0,0,0
,Therapy-Individual Therapy,,90813,,Encounter 45-50 Min,0.00,0.00,$0.00,0,0,0
,Substance Abuse: Outpatient Treatment,"0900, 0914, 0915, 0916, 0919",90813,,Encounter 45-50 Min,0.00,0.00,$0.00,0,0,0
,Therapy-Individual Therapy,,90814,,Encounter 75-80 Min,0.00,0.00,$0.00,0,0,0
,Substance Abuse: Outpatient Treatment,"0900, 0914, 0915, 0916, 0919",90814,,Encounter 75-80 Min,0.00,0.00,$0.00,0,0,0
,Therapy-Individual Therapy,,90815,,Encounter 75-80 Min,0.00,0.00,$0.00,0,0,0
,Substance Abuse: Outpatient Treatment,"0900, 0914, 0915, 0916, 0919",90815,,Encounter 75-80 Min,0.00,0.00,$0.00,0,0,0
,Therapy-Individual Therapy,,90816,,Encounter 20-30 Min,0.00,0.00,$0.00,0,0,0
,Therapy-Individual Therapy,,90817,,Encounter 20-30 Min,0.00,0.00,$0.00,0,0,0
,Therapy-Individual Therapy,,90818,,Encounter 45-50 Min,0.00,0.00,$0.00,0,0,0
,Therapy-Individual Therapy,,90819,,Encounter 45-50 Min,0.00,0.00,$0.00,0,0,0
,Therapy-Individual Therapy,,90821,,Encounter 75-80 Min,0.00,0.00,$0.00,0,0,0
,Therapy-Individual Therapy,,90822,,Encounter 75-80 Min,0.00,0.00,$0.00,0,0,0
,Therapy-Individual Therapy,,90823,,Encounter 20-30 Min,0.00,0.00,$0.00,0,0,0
,Therapy-Individual Therapy,,90824,,Encounter 20-30 Min,0.00,0.00,$0.00,0,0,0
,Therapy-Individual Therapy,,90826,,Encounter 45-50 Min,0.00,0.00,$0.00,0,0,0
,Substance Abuse: Psychotherapy (Individual Therapy),,90826,,Encounter 45-50 Min,0.00,0.00,$0.00,0,0,0
,Therapy-Individual Therapy,,90827,,Encounter 45-50 Min,0.00,0.00,$0.00,0,0,0
,Therapy-Individual Therapy,,90828,,Encounter 75-80 Min,0.00,0.00,$0.00,0,0,0
,Therapy-Individual Therapy,,90829,,Encounter 75-80 Min,0.00,0.00,$0.00,0,0,0
,Therapy-Family Therapy,,90846,,Encounter,1.00,1.00,$160.00,160,160,1
,Therapy-Family Therapy,,90847,,Encounter,15.00,46.00,"$7,968.00",531,173,3
,Substance Abuse: Outpatient Treatment,"0900, 0906, 0914, 0915, 0916, 0919",90847,,Encounter,0.00,0.00,$0.00,0,0,0
,Therapy-Family Therapy,,90849,,Encounter,0.00,0.00,$0.00,0,0,0
,Therapy-Family Therapy,,90849,HS,Encounter,0.00,0.00,$0.00,0,0,0
Sanilac,,,,,,,,,,,
,Therapy-Group Therapy,,90853,,Encounter,45.00,824.00,"$43,569.00",968,53,18
,Substance Abuse: Outpatient Treatment,"0900, 0906, 0914, 0915, 0916, 0919",90853,,Encounter,0.00,0.00,$0.00,0,0,0
,Therapy-Group Therapy,,90857,,Encounter,0.00,0.00,$0.00,0,0,0
,Substance Abuse: Outpatient Treatment,"0900, 0906, 0914, 0915, 0916, 0919",90857,,Encounter,0.00,0.00,$0.00,0,0,0
,Medication Review ,,90862,,Encounter,471.00,"2,081.00","$440,646.00",936,212,4
,Substance Abuse: Medication Review,"0900, 0914, 0915, 0916, 0919",90862,,Encounter,0.00,0.00,$0.00,0,0,0
,Additional Codes-ECT Physician,,90870,,Encounter,0.00,0.00,$0.00,0,0,0
,Additional Codes-ECT Physician,0901,90870,,Encounter,0.00,0.00,$0.00,0,0,0
,Assessments-Other,,90887,,Encounter,0.00,0.00,$0.00,0,0,0
,Speech & Language Therapy ,,92506,,Encounter,0.00,0.00,$0.00,0,0,0
,Speech & Language Therapy ,,92507,,Encounter,0.00,0.00,$0.00,0,0,0
,Speech & Language Therapy ,,92508,,Encounter,0.00,0.00,$0.00,0,0,0
,Speech & Language Therapy ,,92526,,Encounter,0.00,0.00,$0.00,0,0,0
,Speech & Language Therapy ,,92610,,Encounter,0.00,0.00,$0.00,0,0,0
,Evaluation of Auditory Rehabilitation Status (Children's Waiver),,92626,,First Hour,0.00,0.00,$0.00,0,0,0
,Evaluation of Auditory Rehabiliation Status (Children's Waiver),,92627,,Each Additional 15 Minutes,0.00,0.00,$0.00,0,0,0
,Auditory Rehabilitation Preling Hearing Loss (Children's Waiver),,92630,,Encounter,0.00,0.00,$0.00,0,0,0
,Auditory Rehabilitation; Post-Lingual Hearing Loss (Children's Waiver),,92633,,Encounter,0.00,0.00,$0.00,0,0,0
,Psychological Testing PSYCH/PHYS ,,96101,,Per Hour,2.00,3.00,$547.00,273,182,2
,Psychological Testing by Technician ,,96102,,Per Hour,0.00,0.00,$0.00,0,0,0
,Psychological Testing by Comp ,,96103,,Per Hour,0.00,0.00,$0.00,0,0,0
,Assessments-Other,,96105,,Encounter,0.00,0.00,$0.00,0,0,0
,Assessments-Other,,96110,,Encounter,0.00,0.00,$0.00,0,0,0
,Assessments-Other,,96111,,Encounter,0.00,0.00,$0.00,0,0,0
,Neurobehavioral Status Exam (Children's Waiver),,96116,,Per Hour,0.00,0.00,$0.00,0,0,0
,Neuropsych test by Psych/Phys ,,96118,,Per Hour,0.00,0.00,$0.00,0,0,0
,Neuropsych test by Tech ,,96119,,Per Hour,0.00,0.00,$0.00,0,0,0
,Neuropsych test Admin w/Comp ,,96120,,Per Hour,0.00,0.00,$0.00,0,0,0
,Medication Administration,,96372,,Encounter,0.00,0.00,$0.00,0,0,0
,Physical Therapy,,97001,,Encounter,0.00,0.00,$0.00,0,0,0
,Physical Therapy,,97002,,Encounter,0.00,0.00,$0.00,0,0,0
,Occupational Therapy,,97003,,Encounter,0.00,0.00,$0.00,0,0,0
,Occupational Therapy,,97004,,Encounter,0.00,0.00,$0.00,0,0,0
,Occupational or Physical Therapy,,97110,,15 Minutes,0.00,0.00,$0.00,0,0,0
,Occupational or Physical Therapy,,97112,,15 Minutes,0.00,0.00,$0.00,0,0,0
,Occupational or Physical Therapy,,97113,,15 Minutes,0.00,0.00,$0.00,0,0,0
,Occupational or Physical Therapy,,97116,,15 Minutes,0.00,0.00,$0.00,0,0,0
,Occupational or Physical Therapy,,97124,,15 Minutes,0.00,0.00,$0.00,0,0,0
,Occupational or Physical Therapy,,97140,,15 Minutes,0.00,0.00,$0.00,0,0,0
,Occupational or Physical Therapy,,97150,,Encounter,0.00,0.00,$0.00,0,0,0
,Occupational or Physical Therapy,,97530,,15 Minutes,0.00,0.00,$0.00,0,0,0
,Occupational or Physical Therapy,,97532,,15 Minutes,0.00,0.00,$0.00,0,0,0
,Occupational or Physical Therapy,,97533,,15 Minutes,0.00,0.00,$0.00,0,0,0
,Occupational or Physical Therapy,,97535,,15 Minutes,0.00,0.00,$0.00,0,0,0
,Occupational or Physical Therapy,,97537,,15 Minutes,0.00,0.00,$0.00,0,0,0
,Occupational or Physical Therapy,,97542,,15 Minutes,0.00,0.00,$0.00,0,0,0
,Occupational Therapy,,97703,,15 Minutes,0.00,0.00,$0.00,0,0,0
Sanilac,,,,,,,,,,,
,Occupational Therapy,,97750,,15 Minutes,0.00,0.00,$0.00,0,0,0
,Occupational Therapy,,97755,,15 Minutes,0.00,0.00,$0.00,0,0,0
,Occupational Therapy,,97760,,15 Minutes,0.00,0.00,$0.00,0,0,0
,C/O for Orthotic/Prosth Use ,,97762,,15 minutes,0.00,0.00,$0.00,0,0,0
,Assessment or Health Services,,97802,,15 Minutes,0.00,0.00,$0.00,0,0,0
,Assessment or Health Services,,97803,,15 Minutes,0.00,0.00,$0.00,0,0,0
,Health Services,,97804,,30 Minutes,0.00,0.00,$0.00,0,0,0
,Additional Codes-Physician Services,,99201,,Encounter,0.00,0.00,$0.00,0,0,0
,Additional Codes-Physician Services,,99202,,Encounter,0.00,0.00,$0.00,0,0,0
,Additional Codes-Physician Services,,99203,,Encounter,0.00,0.00,$0.00,0,0,0
,Additional Codes-Physician Services,,99204,,Encounter,0.00,0.00,$0.00,0,0,0
,Additional Codes-Physician Services,,99205,,Encounter,0.00,0.00,$0.00,0,0,0
,Additional Codes-Physician Services  Medication Administration,,99211,,Encounter,21.00,386.00,"$21,194.00",1009,55,18
,Additional Codes-Physician Services,,99212,,Encounter,0.00,0.00,$0.00,0,0,0
,Additional Codes-Physician Services,,99213,,Encounter,0.00,0.00,$0.00,0,0,0
,Additional Codes-Physician Services,,99214,,Encounter,0.00,0.00,$0.00,0,0,0
,Additional Codes-Physician Services,,99215,,Encounter,0.00,0.00,$0.00,0,0,0
,Additional Codes-Physician Services,,99221,,30 Minutes,0.00,0.00,$0.00,0,0,0
,Additional Codes-Physician Services,,99222,,50 Minutes,0.00,0.00,$0.00,0,0,0
,Additional Codes-Physician Services,,99223,,70 Minutes,0.00,0.00,$0.00,0,0,0
,Additional Codes-Physician Services,,99231,,15 Minutes,0.00,0.00,$0.00,0,0,0
,Additional Codes-Physician Services,,99232,,25 minutes,0.00,0.00,$0.00,0,0,0
,Additional Codes-Physician Services,,99233,,35 Minutes,0.00,0.00,$0.00,0,0,0
,Additional Codes-Physician Services,,99238,,30 Minutes or less,0.00,0.00,$0.00,0,0,0
,Additional Codes-Physician Services,,99241,,Encounter,0.00,0.00,$0.00,0,0,0
,Additional Codes-Physician Services,,99242,,Encounter,0.00,0.00,$0.00,0,0,0
,Additional Codes-Physician Services,,99243,,Encounter,0.00,0.00,$0.00,0,0,0
,Additional Codes-Physician Services,,99244,,Encounter,0.00,0.00,$0.00,0,0,0
,Additional Codes-Physician Services,,99245,,Encounter,0.00,0.00,$0.00,0,0,0
,Additional Codes-Physician Services,,99251,,Encounter,0.00,0.00,$0.00,0,0,0
,Additional Codes-Physician Services,,99252,,Encounter,0.00,0.00,$0.00,0,0,0
,Additional Codes-Physician Services,,99253,,Encounter,0.00,0.00,$0.00,0,0,0
,Additional Codes-Physician Services,,99254,,Encounter,0.00,0.00,$0.00,0,0,0
,Additional Codes-Physician Services,,99255,,Encounter,0.00,0.00,$0.00,0,0,0
,Additional Codes-Physician Services,,99261,,Encounter,0.00,0.00,$0.00,0,0,0
,Additional Codes-Physician Services,,99262,,Encounter,0.00,0.00,$0.00,0,0,0
,Additional Codes-Physician Services,,99263,,Encounter,0.00,0.00,$0.00,0,0,0
,Additional Codes-Physician Services,,99271,,Encounter,0.00,0.00,$0.00,0,0,0
,Additional Codes-Physician Services,,99272,,Encounter,0.00,0.00,$0.00,0,0,0
,Additional Codes-Physician Services,,99273,,Encounter,0.00,0.00,$0.00,0,0,0
,Additional Codes-Physician Services,,99274,,Encounter,0.00,0.00,$0.00,0,0,0
,Additional Codes-Physician Services,,99275,,Encounter,0.00,0.00,$0.00,0,0,0
,Medication Administration,,99605,,Encounter,0.00,0.00,$0.00,0,0,0
,Transportation,,A0080,,Per mile,0.00,0.00,$0.00,0,0,0
,Transportation,,A0090,,Per mile,0.00,0.00,$0.00,0,0,0
,Transportation,,A0100,,Per one-way trip,0.00,0.00,$0.00,0,0,0
,Transportation,,A0110,,Per one-way trip,0.00,0.00,$0.00,0,0,0
,Transportation,,A0120,,Per one-way trip,0.00,0.00,$0.00,0,0,0
,Transportation,,A0130,,Per one-way trip,0.00,0.00,$0.00,0,0,0
,Transportation,,A0140,,Per one-way trip,0.00,0.00,$0.00,0,0,0
Sanilac,,,,,,,,,,,
,Transportation,,A0170,,,0.00,0.00,$0.00,0,0,0
,Additional Codes-Transportation,,A0425,,Per Mile,0.00,0.00,$0.00,0,0,0
,Additional Codes-Transportation,,A0427,,Refer to code descriptions.,0.00,0.00,$0.00,0,0,0
,Additional codes - Transportation,,A0428,,,0.00,0.00,$0.00,0,0,0
,Repair or Non-Routine Service for DME (Children's Waiver),,E1340,,15 Minutes,0.00,0.00,$0.00,0,0,0
,Enhanced Medical Equipment-Supplies,,E1399,,Items,0.00,0.00,$0.00,0,0,0
,Activity Therapy (Children's Waiver),,G0176,,Encounter,0.00,0.00,$0.00,0,0,0
,Family Training/Support EBP only,,G0177,,Encounter Session at least 45 min,0.00,0.00,$0.00,0,0,0
,Substance Abuse: Individual Assessment,,H0001,,Encounter,0.00,0.00,$0.00,0,0,0
,Assessment ,,H0002,,Encounter,0.00,0.00,$0.00,0,0,0
,Substance Abuse: Individual Assessment,,H0002,,Encounter,0.00,0.00,$0.00,0,0,0
,Substance Abuse:Laboratory,,H0003,,Encounter,0.00,0.00,$0.00,0,0,0
,Substance Abuse: Outpatient Treatment,"0900, 0906, 0914, 0915, 0916, 0919",H0004,,15 Minutes,0.00,0.00,$0.00,0,0,0
,Substance Abuse: Outpatient Treatment,"0900, 0906, 0914, 0915, 0916, 0919",H0005,,Encounter,0.00,0.00,$0.00,0,0,0
,Substance Abuse: Case Management,,H0006,,Encounter,0.00,0.00,$0.00,0,0,0
,Substance Abuse: Sub-Acute Detoxification,1002,H0010,,Days,0.00,0.00,$0.00,0,0,0
,Substance Abuse: Sub-Acute Detoxification,1002,H0012,,Days,0.00,0.00,$0.00,0,0,0
,Substance Abuse: Sub-Acute Detoxification,1002,H0014,,Days,0.00,0.00,$0.00,0,0,0
,Substance Abuse: Outpatient Care,"0900, 0906, 0914, 0915, 0916, 0919",H0015,,Days,0.00,0.00,$0.00,0,0,0
,Crisis Residential Services,,H0018,,Days,11.00,148.00,"$46,189.00",4199,312,13
,Substance Abuse: Residential,1002,H0018,,Days,0.00,0.00,$0.00,0,0,0
,Substance Abuse: Residential,1002,H0019,,Days,0.00,0.00,$0.00,0,0,0
,Substance Abuse: Methadone,,H0020,,Encounter,0.00,0.00,$0.00,0,0,0
,Substance Abuse: Early Intervention,,H0022,,Encounter,0.00,0.00,$0.00,0,0,0
,Peer Directed and Operated Support Services,,H0023,,Encounter,0.00,0.00,$0.00,0,0,0
,Prevention Services - Direct Model,,H0025,,Face to Face Contact,5.00,132.00,"$45,174.00",9035,342,26
,Crisis Intervention,,H0030,,Per Service,0.00,0.00,$0.00,0,0,0
,Assessment ,,H0031,,Encounter,372.00,403.00,"$102,309.00",275,254,1
,Substance Abuse: Assessment,,H0031,,Encounter,0.00,0.00,$0.00,0,0,0
,Treatment Planning,,H0032,,Encounter,300.00,347.00,"$101,393.00",338,292,1
,Monitoring of Treatment - Clinician,,H0032,TS,Encounter,0.00,0.00,$0.00,0,0,0
,Substance Abuse: Pharmalogical Support - Suboxane,,H0033,,Direct Observation Encounter,0.00,0.00,$0.00,0,0,0
,Health Services,,H0034,,15 Minutes,235.00,876.00,"$70,537.00",300,81,4
,Home Based Services,,H0036,,15 Minutes,0.00,0.00,$0.00,0,0,0
,Home Based Services,,H0036,ST,15 Minutes,0.00,0.00,$0.00,0,0,0
,Community Psychiatric Supportive Treatment ,,H0037,,Per diem,0.00,0.00,$0.00,0,0,0
,Peer Directed and Operated Support Services,,H0038,,15 minutes,8.00,119.00,"$9,755.00",1219,82,15
,Peer Directed and Operated Support Services,,NA,,,96.00,0.00,"$109,397.00",1140,0,0
,Assertive Community Treatment (ACT),,H0039,,15 Minutes,52.00,"7,946.00","$562,620.00",10820,71,153
,Community Living Supports in Independent living/own home,,H0043,,Per diem,1.00,354.00,"$38,611.00",38611,109,354
,Community Living Supports in Independent living/own home,,H0043,TT,Per diem,0.00,0.00,$0.00,0,0,0
,Respite,,H0045,,Days,0.00,0.00,$0.00,0,0,0
,Respite (Children's Waiver),,H0045,TD,Per Diem,0.00,0.00,$0.00,0,0,0
,Respite (Children's Waiver),,H0045,TE,Per Diem,0.00,0.00,$0.00,0,0,0
,Substance Abuse:Laboratory (cells now unlocked),,H0048,,Encounter,0.00,0.00,$0.00,0,0,0
,Substance Abuse: Individual Assessment,,H0049,,Encounter,0.00,0.00,$0.00,0,0,0
,Behavior Treatment Plan Review,,H2000,,Encounter,6.00,11.00,$448.00,75,41,2
,Behavior Treatment Plan Review - Monitoring Activities,,H2000,TS,Encounter,0.00,0.00,$0.00,0,0,0
Sanilac,,,,,,,,,,,
,Comprehensive Medication Services - EBP only,,H2010,,15 minutes,0.00,0.00,$0.00,0,0,0
,Crisis Intervention,,H2011,,15 Minutes,97.00,672.00,"$45,852.00",473,68,7
,Skill-Building and Out of Home Non Vocational Habilitation,,H2014,,15 minutes,57.00,"44,495.00","$286,993.00",5035,6,781
,Skill-Building and Out of Home Non Vocational Habilitation,,H2014,TT,15 Minutes,0.00,0.00,$0.00,0,0,0
,Community Living Supports (15 Minutes),,H2015,,15 Minutes,80.00,"41,273.00","$270,819.00",3385,7,516
,Community Living Supports (15 Minutes),,H2015,TT,15 Minutes,0.00,0.00,$0.00,0,0,0
,Community Living Supports (Daily),,H2016,,Per Diem,1.00,219.00,"$7,982.00",7982,36,219
,Community Living Supports (Daily),,H2016,TF,Per Diem,3.00,"1,095.00","$68,616.00",22872,63,365
,Community Living Supports (Daily),,H2016,TG,Per Diem,9.00,"2,520.00","$322,140.00",35793,128,280
,Behavior Services,,H2019,,15 Minutes,0.00,0.00,$0.00,0,0,0
,Behavior Services,,H2019,TT,15 Minutes,0.00,0.00,$0.00,0,0,0
,Crisis Intervention,,H2020,,Days,0.00,0.00,$0.00,0,0,0
,Wraparound,,H2021,,15 Minutes,0.00,0.00,$0.00,0,0,0
,Wraparound,,H2022,,Days,0.00,0.00,$0.00,0,0,0
,Supported Employment Services,,H2023,,15 minutes,1.00,96.00,$318.00,318,3,96
,Supported Employment Services,,H2023,TT,15 Minutes,0.00,0.00,$0.00,0,0,0
,Mental Health Therapy,,H2027,,15 Minutes,0.00,0.00,$0.00,0,0,0
,Clubhouse Psychosocial Rehabilitation Programs ,,H2030,,15 Minutes,0.00,0.00,$0.00,0,0,0
,Home Based Services,,H2033,,15 Minutes,0.00,0.00,$0.00,0,0,0
,Substance Abuse: Outpatient Care,"0900, 0906, 0914, 0915, 0916, 0919",H2035,,Hour,0.00,0.00,$0.00,0,0,0
,Substance Abuse: Outpatient Care,"0900, 0906, 0914, 0915, 0916, 0919",H2036,,Per Diem,0.00,0.00,$0.00,0,0,0
,Medication Review ,,M0064,,"Encounter Face-to-Face, generally less than 10 minutes",0.00,0.00,$0.00,0,0,0
,Transportation,,S0209,,Per Mile,0.00,0.00,$0.00,0,0,0
,Transportation,,S0215,,Per Mile,0.00,0.00,$0.00,0,0,0
,Family Training - EBP,,S5110,,15 Minutes,0.00,0.00,$0.00,0,0,0
,Family Training,,S5111,,Encounter,0.00,0.00,$0.00,0,0,0
,Family Training,,S5111,HA,Encounter,0.00,0.00,$0.00,0,0,0
,"Home Care Training, Non-Family (Children's Waiver)",,S5116,,Encounter,0.00,0.00,$0.00,0,0,0
,Chore Services,,S5120,,15 Minutes,0.00,0.00,$0.00,0,0,0
,Foster Care,,S5140,,Days,0.00,0.00,$0.00,0,0,0
,Foster Care,,S5145,,Days,0.00,0.00,$0.00,0,0,0
,Respite,,S5150,,15 Minutes,0.00,0.00,$0.00,0,0,0
,Respite,,S5151,,Per Diem,0.00,0.00,$0.00,0,0,0
,Personal Emergency Response System (PERS),,S5160,,Encounter,0.00,0.00,$0.00,0,0,0
,Personal Emergency Response System (PERS),,S5161,,Month,0.00,0.00,$0.00,0,0,0
,Environmental Modification ,,S5165,,Service,1.00,2.00,"$12,918.00",12918,6459,2
,Enhanced Medical Equipment-Supplies,,S5199,,Items,0.00,0.00,$0.00,0,0,0
,Occupational or Physical Therapy,,S8990,,Encounter,0.00,0.00,$0.00,0,0,0
,Private Duty Nursing,0582,S9123,,Hour,0.00,0.00,$0.00,0,0,0
,Private Duty Nursing,,S9123,,Hour,0.00,0.00,$0.00,0,0,0
,Private Duty Nursing,,S9123,TT,Hour,0.00,0.00,$0.00,0,0,0
,Private Duty Nursing,0582,S9124,,Hour,0.00,0.00,$0.00,0,0,0
,Private Duty Nursing,,S9124,,Hour,0.00,0.00,$0.00,0,0,0
,Private Duty Nursing,,S9124,TT,Hour,0.00,0.00,$0.00,0,0,0
,Respite Care in the Home (RN) (Children's Waiver),,S9125,TD,Per Diem,0.00,0.00,$0.00,0,0,0
,Respite Care in the Home (LPN) (Children's Waiver),,S9125,TE,Per Diem,0.00,0.00,$0.00,0,0,0
,Health Services,,S9445,,Encounter,0.00,0.00,$0.00,0,0,0
,Health Services,,S9446,,Encounter,0.00,0.00,$0.00,0,0,0
Sanilac,,,,,,,,,,,
,Health Services,,S9470,,Encounter,0.00,0.00,$0.00,0,0,0
,Intensive Crisis Stabilization-Enrolled Program,,S9484,,Hour,0.00,0.00,$0.00,0,0,0
,Reidential Room and Board,,S9976,,Days,0.00,0.00,$0.00,0,0,0
,Private Duty Nursing,,T1000,,Up to 15 min,0.00,0.00,$0.00,0,0,0
,Private Duty Nursing,,T1000,TD,Up to 15 min,0.00,0.00,$0.00,0,0,0
,Private Duty Nursing,,T1000,TE,Up to 15 min,0.00,0.00,$0.00,0,0,0
,Assessment,,T1001,,Encounter,0.00,0.00,$0.00,0,0,0
,Health Services,,T1002,,Up to 15 min,600.00,"2,764.00","$254,839.00",425,92,5
,Respite Care,,T1005,,15 Minutes,1.00,792.00,"$2,481.00",2481,3,792
,Respite Care,,T1005,TD,15 Minutes,0.00,0.00,$0.00,0,0,0
,Respite Care,,T1005,TE,15 Minutes,0.00,0.00,$0.00,0,0,0
,Substance Abuse: Recovery Support Services,"0900, 0906, 0914, 0915, 0916, 0919",T1012,,Encounter,0.00,0.00,$0.00,0,0,0
,Family Psycho-Education - EBP,,T1015,,Encounter,1.00,2.00,$221.00,221,111,2
,Supports Coordination/Wrap Facilitation,,T1016,,15 minutes,352.00,"9,010.00","$999,144.00",2838,111,26
,Targeted Case Management ,,T1017,,15 minutes,0.00,0.00,$0.00,0,0,0
,Nursing Home Mental Health Monitoring,,T1017,SE,15 minutes,2.00,19.00,"$3,681.00",1841,194,10
,Personal Care in Licensed Specialized Residential Setting,,T1020,,Days,15.00,"3,750.00","$80,105.00",5340,21,250
,Personal Care in Licensed Specialized Residential Setting,,T1020,TF,Days,7.00,324.00,"$16,928.00",2418,52,46
,Personal Care in Licensed Specialized Residential Setting,,T1020,TG,Days,0.00,0.00,$0.00,0,0,0
,Assessments,,T1023,,Encounter,50.00,60.00,"$29,655.00",593,494,1
,Enhanced Medical Supplies or Pharmacy,,T1999,,Items,0.00,0.00,$0.00,0,0,0
,Transportation,,T2001,,Encounter,0.00,0.00,$0.00,0,0,0
,Transportation,,T2002,,Per Diem,0.00,0.00,$0.00,0,0,0
,Transportation,,T2003,,Encounter / Trip,0.00,0.00,$0.00,0,0,0
,Transportation,,T2004,,Encounter,0.00,0.00,$0.00,0,0,0
,Transportation,,T2005,,Encounter,0.00,0.00,$0.00,0,0,0
,Out of Home Prevocational Service,,T2015,,Hour,0.00,0.00,$0.00,0,0,0
,Targeted Case Management (Children's Waiver),,T2023,,Month,0.00,0.00,$0.00,0,0,0
,Fiscal Intermediary Services,,T2025,,Month,0.00,0.00,$0.00,0,0,0
,Enhanced Medical Equipment-Supplies,,T2028,,Items,0.00,0.00,$0.00,0,0,0
,Enhanced Medical Equipment-Supplies,,T2029,,Items,0.00,0.00,$0.00,0,0,0
,Crisis Intervention,,T2034,,Days,0.00,0.00,$0.00,0,0,0
,Respite Care,,T2036,,Encounter / Trip. Per session. One night = one session,0.00,0.00,$0.00,0,0,0
,Respite Care,,T2037,,Encounter / Trip  Per session. One day/partial day = one session,0.00,0.00,$0.00,0,0,0
,Housing Assistance,,T2038,,Month   Service,0.00,0.00,$0.00,0,0,0
,Enhanced Medical Equipment-Supplies,,T2039,,Items,0.00,0.00,$0.00,0,0,0
,Pharmacy (Drugs and Other Biologicals),,,,,0.00,0.00,"$160,541.00",0,0,0
,Other,,,,,0.00,0.00,$0.00,0,0,0
,Aggregate for 'J' Codes,,ALL,,,0.00,0.00,$0.00,0,0,0
Shiawassee,,,,,,,,,,,
,State Psychiatric Hospital - Inpatient PT22,"0100, 0101, 0114, 0124, 0134, 0154",,PT22,Days,5.00,496.00,"$246,998.00",49400,498,99
,State Mental Retardation Facility - Inpatient (ICF/MR) PT65,"0100, 0101, 0114, 0124, 0134, 0154",,PT65,Days,0.00,0.00,$0.00,0,0,0
,Local Psychiatric Hospital/IMD PT68,"0100, 0101, 0114, 0124, 0134, 0154",,PT68,Days,6.00,53.00,"$34,519.00",5753,651,9
,Local Psychiatric Hospital - Acute Community PT73,"0100, 0101, 0114, 0124, 0134, 0154",,PT73,Days,142.00,"1,108.00","$694,207.00",4889,627,8
,Inpatient Hospital Ancillary Services - Leave of Absence,0183,,,Days,0.00,0.00,$0.00,0,0,0
,Inpatient Hospital Ancillary Services - Pharmacy,"0250-0254, 0257-0258 ",,,,0.00,0.00,$0.00,0,0,0
,Inpatient Hospital Ancillary Services - Medical/Surgical Supplies and Devices,0270-0272,,,# of items,0.00,0.00,$0.00,0,0,0
,Inpatient Hospital Ancillary Services - Laboratory,"0300-0302, 0305-0307",,,# of tests,0.00,0.00,$0.00,0,0,0
,Inpatient Hospital Ancillary Services - Radiology,0320,,,# of tests,0.00,0.00,$0.00,0,0,0
,ECT Anesthesia,0370,,,,0.00,0.00,$0.00,0,0,0
,Inpatient Hospital Ancillary Services - Respiratory Services,0410,,,# of treatments,0.00,0.00,$0.00,0,0,0
,Inpatient Hospital Ancillary Services -Physical Therapy,0420-0424,,,# of treatments,0.00,0.00,$0.00,0,0,0
,Inpatient Hospital Ancillary Services - Occupational Therapy,0430-0434,,,# of treatments,0.00,0.00,$0.00,0,0,0
,Inpatient Hospital Ancillary Services - Speech-Language Pathology,0440-0444,,,# of treatments,0.00,0.00,$0.00,0,0,0
,Inpatient Hospital Ancillary Services - Emergency Room,0450,,,# of visits,0.00,0.00,$0.00,0,0,0
,Inpatient Hospital Ancillary Services - Pulmonary Function,0460,,,# of tests,0.00,0.00,$0.00,0,0,0
,Inpatient Hospital Ancillary Services - Audiology,0470-0472,,,# of tests,0.00,0.00,$0.00,0,0,0
,Inpatient Hospital Ancillary Services - Magnetic Resonance Technology (MRT),0610-0611,,,# of tests,0.00,0.00,$0.00,0,0,0
,Inpatient Hospital Ancillary Services - Pharmacy,0636,,,# of units,0.00,0.00,$0.00,0,0,0
,ECT Recovery Room,0701,,,,0.00,0.00,$0.00,0,0,0
,Inpatient Hospital Ancillary Services -EKG/ECG,0730-0731,,,# of tests,0.00,0.00,$0.00,0,0,0
,Inpatient Hospital Ancillary Services - EEG,0740,,,# of tests,0.00,0.00,$0.00,0,0,0
,Crisis Observation Care,0762,,,Hour,0.00,0.00,$0.00,0,0,0
,Additional Codes-ECT Facility Charge,0901,,,Encounter,0.00,0.00,$0.00,0,0,0
,Inpatient Hospital Ancillary Services - Psychiatric/Psychological Treatments/Services,"0900, 0902-0904, 0911, 0914-0919",,,# of visits,0.00,0.00,$0.00,0,0,0
,Outpatient Partial Hospitalization,0912,,,Days,0.00,0.00,$0.00,0,0,0
,Outpatient Partial Hospitalization,0913,,,Days,0.00,0.00,$0.00,0,0,0
,Inpatient Hospital Ancillary Services - Other Diagnosis Services,0925,,,# of tests,0.00,0.00,$0.00,0,0,0
,Inpatient Hospital Ancillary Services - Other Therapeutic Services,0940-0942,,,# of visits,0.00,0.00,$0.00,0,0,0
,Additional Codes-ECT Anesthesia,,00104,,Minutes,0.00,0.00,$0.00,0,0,0
,Drug Screen for Methadone Clients Only,,80100,,Per Screen,0.00,0.00,$0.00,0,0,0
,Drug Screen for Methadone Clients Only,,80101,,Per Screen,0.00,0.00,$0.00,0,0,0
,Alcohol Breath Test for Methadone Clients Only,,82075,,Per Test,0.00,0.00,$0.00,0,0,0
,Medication Administration,,90772,,Encounter,8.00,24.00,"$1,188.00",149,50,3
,Assessment-Psychiatric Assessment,,90801,,Encounter,184.00,185.00,"$72,851.00",396,394,1
,Substance Abuse: Psychiatric Evaluation,,90801,,Encounter,0.00,0.00,$0.00,0,0,0
,Assessment-Psychiatric Assessment,,90802,,Encounter,0.00,0.00,$0.00,0,0,0
,Substance Abuse: Psychiatric Evaluation,,90802,,Encounter,0.00,0.00,$0.00,0,0,0
,Therapy-Individual Therapy,,90804,,Encounter 20-30 Min,156.00,288.00,"$22,730.00",146,79,2
,Substance Abuse: Outpatient Treatment,"0900, 0914, 0915, 0916, 0919",90804,,Encounter 20-30 Min,0.00,0.00,$0.00,0,0,0
Shiawassee,,,,,,,,,,,
,Therapy-Individual Therapy,,90805,,Encounter 20-30 Min,0.00,0.00,$0.00,0,0,0
,Substance Abuse: Outpatient Treatment,"0900, 0914, 0915, 0916, 0919",90805,,Encounter 20-30 Min,0.00,0.00,$0.00,0,0,0
,Therapy-Individual Therapy,,90806,,Encounter 45-50 Min,419.00,"2,822.00","$411,582.00",982,146,7
,Substance Abuse: Outpatient Treatment,"0900, 0914, 0915, 0916, 0919",90806,,Encounter 45-50 Min,0.00,0.00,$0.00,0,0,0
,Therapy-Individual Therapy,,90807,,Encounter 45-50 Min,0.00,0.00,$0.00,0,0,0
,Substance Abuse: Outpatient Treatment,"0900, 0914, 0915, 0916, 0919",90807,,Encounter 45-50 Min,0.00,0.00,$0.00,0,0,0
,Therapy-Individual Therapy,,90808,,Encounter 75-80 Min,4.00,5.00,"$1,249.00",312,250,1
,Substance Abuse: Outpatient Treatment,"0900, 0914, 0915, 0916, 0919",90808,,Encounter 75-80 Min,0.00,0.00,$0.00,0,0,0
,Therapy-Individual Therapy,,90809,,Encounter 75-80 Min,0.00,0.00,$0.00,0,0,0
,Substance Abuse: Outpatient Treatment,"0900, 0914, 0915, 0916, 0919",90809,,Encounter 75-80 Min,0.00,0.00,$0.00,0,0,0
,Therapy-Individual Therapy,,90810,,Encounter 20-30 Min,0.00,0.00,$0.00,0,0,0
,Substance Abuse: Outpatient Treatment,"0900, 0914, 0915, 0916, 0919",90810,,Encounter 20-30 Min,0.00,0.00,$0.00,0,0,0
,Therapy-Individual Therapy,,90811,,Encounter 20-30 Min,0.00,0.00,$0.00,0,0,0
,Substance Abuse: Outpatient Treatment,"0900, 0914, 0915, 0916, 0919",90811,,Encounter 20-30 Min,0.00,0.00,$0.00,0,0,0
,Therapy-Individual Therapy,,90812,,Encounter 45-50 Min,0.00,0.00,$0.00,0,0,0
,Substance Abuse: Outpatient Treatment,"0900, 0914, 0915, 0916, 0919",90812,,Encounter 45-50 Min,0.00,0.00,$0.00,0,0,0
,Therapy-Individual Therapy,,90813,,Encounter 45-50 Min,0.00,0.00,$0.00,0,0,0
,Substance Abuse: Outpatient Treatment,"0900, 0914, 0915, 0916, 0919",90813,,Encounter 45-50 Min,0.00,0.00,$0.00,0,0,0
,Therapy-Individual Therapy,,90814,,Encounter 75-80 Min,0.00,0.00,$0.00,0,0,0
,Substance Abuse: Outpatient Treatment,"0900, 0914, 0915, 0916, 0919",90814,,Encounter 75-80 Min,0.00,0.00,$0.00,0,0,0
,Therapy-Individual Therapy,,90815,,Encounter 75-80 Min,0.00,0.00,$0.00,0,0,0
,Substance Abuse: Outpatient Treatment,"0900, 0914, 0915, 0916, 0919",90815,,Encounter 75-80 Min,0.00,0.00,$0.00,0,0,0
,Therapy-Individual Therapy,,90816,,Encounter 20-30 Min,0.00,0.00,$0.00,0,0,0
,Therapy-Individual Therapy,,90817,,Encounter 20-30 Min,0.00,0.00,$0.00,0,0,0
,Therapy-Individual Therapy,,90818,,Encounter 45-50 Min,1.00,18.00,"$3,460.00",3460,192,18
,Therapy-Individual Therapy,,90819,,Encounter 45-50 Min,0.00,0.00,$0.00,0,0,0
,Therapy-Individual Therapy,,90821,,Encounter 75-80 Min,0.00,0.00,$0.00,0,0,0
,Therapy-Individual Therapy,,90822,,Encounter 75-80 Min,0.00,0.00,$0.00,0,0,0
,Therapy-Individual Therapy,,90823,,Encounter 20-30 Min,0.00,0.00,$0.00,0,0,0
,Therapy-Individual Therapy,,90824,,Encounter 20-30 Min,0.00,0.00,$0.00,0,0,0
,Therapy-Individual Therapy,,90826,,Encounter 45-50 Min,0.00,0.00,$0.00,0,0,0
,Substance Abuse: Psychotherapy (Individual Therapy),,90826,,Encounter 45-50 Min,0.00,0.00,$0.00,0,0,0
,Therapy-Individual Therapy,,90827,,Encounter 45-50 Min,0.00,0.00,$0.00,0,0,0
,Therapy-Individual Therapy,,90828,,Encounter 75-80 Min,0.00,0.00,$0.00,0,0,0
,Therapy-Individual Therapy,,90829,,Encounter 75-80 Min,0.00,0.00,$0.00,0,0,0
,Therapy-Family Therapy,,90846,,Encounter,0.00,0.00,$0.00,0,0,0
,Therapy-Family Therapy,,90847,,Encounter,37.00,110.00,"$21,547.00",582,196,3
,Substance Abuse: Outpatient Treatment,"0900, 0906, 0914, 0915, 0916, 0919",90847,,Encounter,0.00,0.00,$0.00,0,0,0
,Therapy-Family Therapy,,90849,,Encounter,0.00,0.00,$0.00,0,0,0
,Therapy-Family Therapy,,90849,HS,Encounter,0.00,0.00,$0.00,0,0,0
Shiawassee,,,,,,,,,,,
,Therapy-Group Therapy,,90853,,Encounter,16.00,110.00,"$7,066.00",442,64,7
,Substance Abuse: Outpatient Treatment,"0900, 0906, 0914, 0915, 0916, 0919",90853,,Encounter,0.00,0.00,$0.00,0,0,0
,Therapy-Group Therapy,,90857,,Encounter,0.00,0.00,$0.00,0,0,0
,Substance Abuse: Outpatient Treatment,"0900, 0906, 0914, 0915, 0916, 0919",90857,,Encounter,0.00,0.00,$0.00,0,0,0
,Medication Review ,,90862,,Encounter,355.00,994.00,"$85,860.00",242,86,3
,Substance Abuse: Medication Review,"0900, 0914, 0915, 0916, 0919",90862,,Encounter,0.00,0.00,$0.00,0,0,0
,Additional Codes-ECT Physician,,90870,,Encounter,0.00,0.00,$0.00,0,0,0
,Additional Codes-ECT Physician,0901,90870,,Encounter,0.00,0.00,$0.00,0,0,0
,Assessments-Other,,90887,,Encounter,0.00,0.00,$0.00,0,0,0
,Speech & Language Therapy ,,92506,,Encounter,0.00,0.00,$0.00,0,0,0
,Speech & Language Therapy ,,92507,,Encounter,0.00,0.00,$0.00,0,0,0
,Speech & Language Therapy ,,92508,,Encounter,0.00,0.00,$0.00,0,0,0
,Speech & Language Therapy ,,92526,,Encounter,0.00,0.00,$0.00,0,0,0
,Speech & Language Therapy ,,92610,,Encounter,0.00,0.00,$0.00,0,0,0
,Evaluation of Auditory Rehabilitation Status (Children's Waiver),,92626,,First Hour,0.00,0.00,$0.00,0,0,0
,Evaluation of Auditory Rehabiliation Status (Children's Waiver),,92627,,Each Additional 15 Minutes,0.00,0.00,$0.00,0,0,0
,Auditory Rehabilitation Preling Hearing Loss (Children's Waiver),,92630,,Encounter,0.00,0.00,$0.00,0,0,0
,Auditory Rehabilitation; Post-Lingual Hearing Loss (Children's Waiver),,92633,,Encounter,0.00,0.00,$0.00,0,0,0
,Psychological Testing PSYCH/PHYS ,,96101,,Per Hour,2.00,12.00,"$2,798.00",1399,233,6
,Psychological Testing by Technician ,,96102,,Per Hour,0.00,0.00,$0.00,0,0,0
,Psychological Testing by Comp ,,96103,,Per Hour,0.00,0.00,$0.00,0,0,0
,Assessments-Other,,96105,,Encounter,0.00,0.00,$0.00,0,0,0
,Assessments-Other,,96110,,Encounter,0.00,0.00,$0.00,0,0,0
,Assessments-Other,,96111,,Encounter,0.00,0.00,$0.00,0,0,0
,Neurobehavioral Status Exam (Children's Waiver),,96116,,Per Hour,0.00,0.00,$0.00,0,0,0
,Neuropsych test by Psych/Phys ,,96118,,Per Hour,0.00,0.00,$0.00,0,0,0
,Neuropsych test by Tech ,,96119,,Per Hour,0.00,0.00,$0.00,0,0,0
,Neuropsych test Admin w/Comp ,,96120,,Per Hour,0.00,0.00,$0.00,0,0,0
,Medication Administration,,96372,,Encounter,13.00,102.00,"$2,533.00",195,25,8
,Physical Therapy,,97001,,Encounter,0.00,0.00,$0.00,0,0,0
,Physical Therapy,,97002,,Encounter,0.00,0.00,$0.00,0,0,0
,Occupational Therapy,,97003,,Encounter,0.00,0.00,$0.00,0,0,0
,Occupational Therapy,,97004,,Encounter,0.00,0.00,$0.00,0,0,0
,Occupational or Physical Therapy,,97110,,15 Minutes,0.00,0.00,$0.00,0,0,0
,Occupational or Physical Therapy,,97112,,15 Minutes,0.00,0.00,$0.00,0,0,0
,Occupational or Physical Therapy,,97113,,15 Minutes,0.00,0.00,$0.00,0,0,0
,Occupational or Physical Therapy,,97116,,15 Minutes,0.00,0.00,$0.00,0,0,0
,Occupational or Physical Therapy,,97124,,15 Minutes,0.00,0.00,$0.00,0,0,0
,Occupational or Physical Therapy,,97140,,15 Minutes,0.00,0.00,$0.00,0,0,0
,Occupational or Physical Therapy,,97150,,Encounter,0.00,0.00,$0.00,0,0,0
,Occupational or Physical Therapy,,97530,,15 Minutes,0.00,0.00,$0.00,0,0,0
,Occupational or Physical Therapy,,97532,,15 Minutes,0.00,0.00,$0.00,0,0,0
,Occupational or Physical Therapy,,97533,,15 Minutes,0.00,0.00,$0.00,0,0,0
,Occupational or Physical Therapy,,97535,,15 Minutes,0.00,0.00,$0.00,0,0,0
,Occupational or Physical Therapy,,97537,,15 Minutes,0.00,0.00,$0.00,0,0,0
,Occupational or Physical Therapy,,97542,,15 Minutes,0.00,0.00,$0.00,0,0,0
,Occupational Therapy,,97703,,15 Minutes,0.00,0.00,$0.00,0,0,0
Shiawassee,,,,,,,,,,,
,Occupational Therapy,,97750,,15 Minutes,0.00,0.00,$0.00,0,0,0
,Occupational Therapy,,97755,,15 Minutes,0.00,0.00,$0.00,0,0,0
,Occupational Therapy,,97760,,15 Minutes,0.00,0.00,$0.00,0,0,0
,C/O for Orthotic/Prosth Use ,,97762,,15 minutes,0.00,0.00,$0.00,0,0,0
,Assessment or Health Services,,97802,,15 Minutes,0.00,0.00,$0.00,0,0,0
,Assessment or Health Services,,97803,,15 Minutes,0.00,0.00,$0.00,0,0,0
,Health Services,,97804,,30 Minutes,0.00,0.00,$0.00,0,0,0
,Additional Codes-Physician Services,,99201,,Encounter,0.00,0.00,$0.00,0,0,0
,Additional Codes-Physician Services,,99202,,Encounter,0.00,0.00,$0.00,0,0,0
,Additional Codes-Physician Services,,99203,,Encounter,0.00,0.00,$0.00,0,0,0
,Additional Codes-Physician Services,,99204,,Encounter,0.00,0.00,$0.00,0,0,0
,Additional Codes-Physician Services,,99205,,Encounter,0.00,0.00,$0.00,0,0,0
,Additional Codes-Physician Services  Medication Administration,,99211,,Encounter,0.00,0.00,$0.00,0,0,0
,Additional Codes-Physician Services,,99212,,Encounter,0.00,0.00,$0.00,0,0,0
,Additional Codes-Physician Services,,99213,,Encounter,0.00,0.00,$0.00,0,0,0
,Additional Codes-Physician Services,,99214,,Encounter,0.00,0.00,$0.00,0,0,0
,Additional Codes-Physician Services,,99215,,Encounter,0.00,0.00,$0.00,0,0,0
,Additional Codes-Physician Services,,99221,,30 Minutes,1.00,2.00,$75.00,75,38,2
,Additional Codes-Physician Services,,99222,,50 Minutes,9.00,9.00,$301.00,33,33,1
,Additional Codes-Physician Services,,99223,,70 Minutes,0.00,0.00,$0.00,0,0,0
,Additional Codes-Physician Services,,99231,,15 Minutes,11.00,47.00,"$1,443.00",131,31,4
,Additional Codes-Physician Services,,99232,,25 minutes,10.00,28.00,$978.00,98,35,3
,Additional Codes-Physician Services,,99233,,35 Minutes,0.00,0.00,$0.00,0,0,0
,Additional Codes-Physician Services,,99238,,30 Minutes or less,0.00,0.00,$0.00,0,0,0
,Additional Codes-Physician Services,,99241,,Encounter,0.00,0.00,$0.00,0,0,0
,Additional Codes-Physician Services,,99242,,Encounter,0.00,0.00,$0.00,0,0,0
,Additional Codes-Physician Services,,99243,,Encounter,0.00,0.00,$0.00,0,0,0
,Additional Codes-Physician Services,,99244,,Encounter,0.00,0.00,$0.00,0,0,0
,Additional Codes-Physician Services,,99245,,Encounter,0.00,0.00,$0.00,0,0,0
,Additional Codes-Physician Services,,99251,,Encounter,0.00,0.00,$0.00,0,0,0
,Additional Codes-Physician Services,,99252,,Encounter,0.00,0.00,$0.00,0,0,0
,Additional Codes-Physician Services,,99253,,Encounter,0.00,0.00,$0.00,0,0,0
,Additional Codes-Physician Services,,99254,,Encounter,0.00,0.00,$0.00,0,0,0
,Additional Codes-Physician Services,,99255,,Encounter,0.00,0.00,$0.00,0,0,0
,Additional Codes-Physician Services,,99261,,Encounter,0.00,0.00,$0.00,0,0,0
,Additional Codes-Physician Services,,99262,,Encounter,0.00,0.00,$0.00,0,0,0
,Additional Codes-Physician Services,,99263,,Encounter,0.00,0.00,$0.00,0,0,0
,Additional Codes-Physician Services,,99271,,Encounter,0.00,0.00,$0.00,0,0,0
,Additional Codes-Physician Services,,99272,,Encounter,0.00,0.00,$0.00,0,0,0
,Additional Codes-Physician Services,,99273,,Encounter,0.00,0.00,$0.00,0,0,0
,Additional Codes-Physician Services,,99274,,Encounter,0.00,0.00,$0.00,0,0,0
,Additional Codes-Physician Services,,99275,,Encounter,0.00,0.00,$0.00,0,0,0
,Medication Administration,,99605,,Encounter,0.00,0.00,$0.00,0,0,0
,Transportation,,A0080,,Per mile,0.00,0.00,$0.00,0,0,0
,Transportation,,A0090,,Per mile,0.00,0.00,$0.00,0,0,0
,Transportation,,A0100,,Per one-way trip,0.00,0.00,$0.00,0,0,0
,Transportation,,A0110,,Per one-way trip,0.00,0.00,$0.00,0,0,0
,Transportation,,A0120,,Per one-way trip,0.00,0.00,$0.00,0,0,0
,Transportation,,A0130,,Per one-way trip,0.00,0.00,$0.00,0,0,0
,Transportation,,A0140,,Per one-way trip,0.00,0.00,$0.00,0,0,0
Shiawassee,,,,,,,,,,,
,Transportation,,A0170,,,0.00,0.00,$0.00,0,0,0
,Additional Codes-Transportation,,A0425,,Per Mile,0.00,0.00,$0.00,0,0,0
,Additional Codes-Transportation,,A0427,,Refer to code descriptions.,0.00,0.00,$0.00,0,0,0
,Additional codes - Transportation,,A0428,,,0.00,0.00,$0.00,0,0,0
,Repair or Non-Routine Service for DME (Children's Waiver),,E1340,,15 Minutes,0.00,0.00,$0.00,0,0,0
,Enhanced Medical Equipment-Supplies,,E1399,,Items,0.00,0.00,$0.00,0,0,0
,Activity Therapy (Children's Waiver),,G0176,,Encounter,0.00,0.00,$0.00,0,0,0
,Family Training/Support EBP only,,G0177,,Encounter Session at least 45 min,0.00,0.00,$0.00,0,0,0
,Substance Abuse: Individual Assessment,,H0001,,Encounter,0.00,0.00,$0.00,0,0,0
,Assessment ,,H0002,,Encounter,0.00,0.00,$0.00,0,0,0
,Substance Abuse: Individual Assessment,,H0002,,Encounter,0.00,0.00,$0.00,0,0,0
,Substance Abuse:Laboratory,,H0003,,Encounter,0.00,0.00,$0.00,0,0,0
,Substance Abuse: Outpatient Treatment,"0900, 0906, 0914, 0915, 0916, 0919",H0004,,15 Minutes,0.00,0.00,$0.00,0,0,0
,Substance Abuse: Outpatient Treatment,"0900, 0906, 0914, 0915, 0916, 0919",H0005,,Encounter,0.00,0.00,$0.00,0,0,0
,Substance Abuse: Case Management,,H0006,,Encounter,0.00,0.00,$0.00,0,0,0
,Substance Abuse: Sub-Acute Detoxification,1002,H0010,,Days,0.00,0.00,$0.00,0,0,0
,Substance Abuse: Sub-Acute Detoxification,1002,H0012,,Days,0.00,0.00,$0.00,0,0,0
,Substance Abuse: Sub-Acute Detoxification,1002,H0014,,Days,0.00,0.00,$0.00,0,0,0
,Substance Abuse: Outpatient Care,"0900, 0906, 0914, 0915, 0916, 0919",H0015,,Days,0.00,0.00,$0.00,0,0,0
,Crisis Residential Services,,H0018,,Days,2.00,11.00,"$3,256.00",1628,296,6
,Substance Abuse: Residential,1002,H0018,,Days,0.00,0.00,$0.00,0,0,0
,Substance Abuse: Residential,1002,H0019,,Days,0.00,0.00,$0.00,0,0,0
,Substance Abuse: Methadone,,H0020,,Encounter,0.00,0.00,$0.00,0,0,0
,Substance Abuse: Early Intervention,,H0022,,Encounter,0.00,0.00,$0.00,0,0,0
,Peer Directed and Operated Support Services,,H0023,,Encounter,0.00,0.00,$0.00,0,0,0
,Prevention Services - Direct Model,,H0025,,Face to Face Contact,0.00,0.00,$0.00,0,0,0
,Crisis Intervention,,H0030,,Per Service,0.00,0.00,$0.00,0,0,0
,Assessment ,,H0031,,Encounter,366.00,377.00,"$89,389.00",244,237,1
,Substance Abuse: Assessment,,H0031,,Encounter,0.00,0.00,$0.00,0,0,0
,Treatment Planning,,H0032,,Encounter,268.00,286.00,"$68,318.00",255,239,1
,Monitoring of Treatment - Clinician,,H0032,TS,Encounter,0.00,0.00,$0.00,0,0,0
,Substance Abuse: Pharmalogical Support - Suboxane,,H0033,,Direct Observation Encounter,0.00,0.00,$0.00,0,0,0
,Health Services,,H0034,,15 Minutes,24.00,29.00,"$3,423.00",143,118,1
,Home Based Services,,H0036,,15 Minutes,30.00,"2,981.00","$185,580.00",6186,62,99
,Home Based Services,,H0036,ST,15 Minutes,0.00,0.00,$0.00,0,0,0
,Community Psychiatric Supportive Treatment ,,H0037,,Per diem,0.00,0.00,$0.00,0,0,0
,Peer Directed and Operated Support Services,,H0038,,15 minutes,25.00,"1,011.00","$16,549.00",662,16,40
,Peer Directed and Operated Support Services,,NA,,,109.00,0.00,"$175,414.00",1609,0,0
,Assertive Community Treatment (ACT),,H0039,,15 Minutes,48.00,"8,829.00","$858,595.00",17887,97,184
,Community Living Supports in Independent living/own home,,H0043,,Per diem,3.00,"1,081.00","$154,645.00",51548,143,360
,Community Living Supports in Independent living/own home,,H0043,TT,Per diem,0.00,0.00,$0.00,0,0,0
,Respite,,H0045,,Days,0.00,0.00,$0.00,0,0,0
,Respite (Children's Waiver),,H0045,TD,Per Diem,0.00,0.00,$0.00,0,0,0
,Respite (Children's Waiver),,H0045,TE,Per Diem,0.00,0.00,$0.00,0,0,0
,Substance Abuse:Laboratory (cells now unlocked),,H0048,,Encounter,0.00,0.00,$0.00,0,0,0
,Substance Abuse: Individual Assessment,,H0049,,Encounter,0.00,0.00,$0.00,0,0,0
,Behavior Treatment Plan Review,,H2000,,Encounter,1.00,3.00,$173.00,173,58,3
,Behavior Treatment Plan Review - Monitoring Activities,,H2000,TS,Encounter,1.00,2.00,$115.00,115,58,2
Shiawassee,,,,,,,,,,,
,Comprehensive Medication Services - EBP only,,H2010,,15 minutes,0.00,0.00,$0.00,0,0,0
,Crisis Intervention,,H2011,,15 Minutes,233.00,955.00,"$127,880.00",549,134,4
,Skill-Building and Out of Home Non Vocational Habilitation,,H2014,,15 minutes,15.00,"16,939.00","$69,540.00",4636,4,1129
,Skill-Building and Out of Home Non Vocational Habilitation,,H2014,TT,15 Minutes,0.00,0.00,$0.00,0,0,0
,Community Living Supports (15 Minutes),,H2015,,15 Minutes,41.00,"39,073.00","$132,943.00",3243,3,953
,Community Living Supports (15 Minutes),,H2015,TT,15 Minutes,0.00,0.00,$0.00,0,0,0
,Community Living Supports (Daily),,H2016,,Per Diem,0.00,0.00,$0.00,0,0,0
,Community Living Supports (Daily),,H2016,TF,Per Diem,0.00,0.00,$0.00,0,0,0
,Community Living Supports (Daily),,H2016,TG,Per Diem,2.00,437.00,"$56,357.00",28178,129,219
,Behavior Services,,H2019,,15 Minutes,11.00,443.00,"$20,613.00",1874,47,40
,Behavior Services,,H2019,TT,15 Minutes,9.00,590.00,"$14,173.00",1575,24,66
,Crisis Intervention,,H2020,,Days,0.00,0.00,$0.00,0,0,0
,Wraparound,,H2021,,15 Minutes,0.00,0.00,$0.00,0,0,0
,Wraparound,,H2022,,Days,0.00,0.00,$0.00,0,0,0
,Supported Employment Services,,H2023,,15 minutes,23.00,"19,125.00","$148,370.00",6451,8,832
,Supported Employment Services,,H2023,TT,15 Minutes,0.00,0.00,$0.00,0,0,0
,Mental Health Therapy,,H2027,,15 Minutes,0.00,0.00,$0.00,0,0,0
,Clubhouse Psychosocial Rehabilitation Programs ,,H2030,,15 Minutes,0.00,0.00,$0.00,0,0,0
,Home Based Services,,H2033,,15 Minutes,0.00,0.00,$0.00,0,0,0
,Substance Abuse: Outpatient Care,"0900, 0906, 0914, 0915, 0916, 0919",H2035,,Hour,0.00,0.00,$0.00,0,0,0
,Substance Abuse: Outpatient Care,"0900, 0906, 0914, 0915, 0916, 0919",H2036,,Per Diem,0.00,0.00,$0.00,0,0,0
,Medication Review ,,M0064,,"Encounter Face-to-Face, generally less than 10 minutes",61.00,70.00,"$2,851.00",47,41,1
,Transportation,,S0209,,Per Mile,0.00,0.00,$0.00,0,0,0
,Transportation,,S0215,,Per Mile,0.00,0.00,$0.00,0,0,0
,Family Training - EBP,,S5110,,15 Minutes,0.00,0.00,$0.00,0,0,0
,Family Training,,S5111,,Encounter,0.00,0.00,$0.00,0,0,0
,Family Training,,S5111,HA,Encounter,0.00,0.00,$0.00,0,0,0
,"Home Care Training, Non-Family (Children's Waiver)",,S5116,,Encounter,0.00,0.00,$0.00,0,0,0
,Chore Services,,S5120,,15 Minutes,0.00,0.00,$0.00,0,0,0
,Foster Care,,S5140,,Days,0.00,0.00,$0.00,0,0,0
,Foster Care,,S5145,,Days,0.00,0.00,$0.00,0,0,0
,Respite,,S5150,,15 Minutes,0.00,0.00,$0.00,0,0,0
,Respite,,S5151,,Per Diem,0.00,0.00,$0.00,0,0,0
,Personal Emergency Response System (PERS),,S5160,,Encounter,0.00,0.00,$0.00,0,0,0
,Personal Emergency Response System (PERS),,S5161,,Month,0.00,0.00,$0.00,0,0,0
,Environmental Modification ,,S5165,,Service,0.00,0.00,$0.00,0,0,0
,Enhanced Medical Equipment-Supplies,,S5199,,Items,0.00,0.00,$0.00,0,0,0
,Occupational or Physical Therapy,,S8990,,Encounter,0.00,0.00,$0.00,0,0,0
,Private Duty Nursing,0582,S9123,,Hour,0.00,0.00,$0.00,0,0,0
,Private Duty Nursing,,S9123,,Hour,0.00,0.00,$0.00,0,0,0
,Private Duty Nursing,,S9123,TT,Hour,0.00,0.00,$0.00,0,0,0
,Private Duty Nursing,0582,S9124,,Hour,0.00,0.00,$0.00,0,0,0
,Private Duty Nursing,,S9124,,Hour,0.00,0.00,$0.00,0,0,0
,Private Duty Nursing,,S9124,TT,Hour,0.00,0.00,$0.00,0,0,0
,Respite Care in the Home (RN) (Children's Waiver),,S9125,TD,Per Diem,0.00,0.00,$0.00,0,0,0
,Respite Care in the Home (LPN) (Children's Waiver),,S9125,TE,Per Diem,0.00,0.00,$0.00,0,0,0
,Health Services,,S9445,,Encounter,0.00,0.00,$0.00,0,0,0
,Health Services,,S9446,,Encounter,0.00,0.00,$0.00,0,0,0
Shiawassee,,,,,,,,,,,
,Health Services,,S9470,,Encounter,0.00,0.00,$0.00,0,0,0
,Intensive Crisis Stabilization-Enrolled Program,,S9484,,Hour,0.00,0.00,$0.00,0,0,0
,Reidential Room and Board,,S9976,,Days,0.00,0.00,$0.00,0,0,0
,Private Duty Nursing,,T1000,,Up to 15 min,0.00,0.00,$0.00,0,0,0
,Private Duty Nursing,,T1000,TD,Up to 15 min,0.00,0.00,$0.00,0,0,0
,Private Duty Nursing,,T1000,TE,Up to 15 min,0.00,0.00,$0.00,0,0,0
,Assessment,,T1001,,Encounter,0.00,0.00,$0.00,0,0,0
,Health Services,,T1002,,Up to 15 min,0.00,0.00,$0.00,0,0,0
,Respite Care,,T1005,,15 Minutes,2.00,141.00,$755.00,378,5,71
,Respite Care,,T1005,TD,15 Minutes,0.00,0.00,$0.00,0,0,0
,Respite Care,,T1005,TE,15 Minutes,0.00,0.00,$0.00,0,0,0
,Substance Abuse: Recovery Support Services,"0900, 0906, 0914, 0915, 0916, 0919",T1012,,Encounter,0.00,0.00,$0.00,0,0,0
,Family Psycho-Education - EBP,,T1015,,Encounter,0.00,0.00,$0.00,0,0,0
,Supports Coordination/Wrap Facilitation,,T1016,,15 minutes,16.00,291.00,"$16,817.00",1051,58,18
,Targeted Case Management ,,T1017,,15 minutes,205.00,"7,700.00","$736,799.00",3594,96,38
,Nursing Home Mental Health Monitoring,,T1017,SE,15 minutes,1.00,11.00,"$1,064.00",1064,97,11
,Personal Care in Licensed Specialized Residential Setting,,T1020,,Days,2.00,437.00,"$3,916.00",1958,9,219
,Personal Care in Licensed Specialized Residential Setting,,T1020,TF,Days,0.00,0.00,$0.00,0,0,0
,Personal Care in Licensed Specialized Residential Setting,,T1020,TG,Days,0.00,0.00,$0.00,0,0,0
,Assessments,,T1023,,Encounter,256.00,386.00,"$269,093.00",1051,697,2
,Enhanced Medical Supplies or Pharmacy,,T1999,,Items,1.00,11.00,"$4,353.00",4353,396,11
,Transportation,,T2001,,Encounter,0.00,0.00,$0.00,0,0,0
,Transportation,,T2002,,Per Diem,0.00,0.00,$0.00,0,0,0
,Transportation,,T2003,,Encounter / Trip,0.00,0.00,$0.00,0,0,0
,Transportation,,T2004,,Encounter,0.00,0.00,$0.00,0,0,0
,Transportation,,T2005,,Encounter,0.00,0.00,$0.00,0,0,0
,Out of Home Prevocational Service,,T2015,,Hour,0.00,0.00,$0.00,0,0,0
,Targeted Case Management (Children's Waiver),,T2023,,Month,0.00,0.00,$0.00,0,0,0
,Fiscal Intermediary Services,,T2025,,Month,0.00,0.00,$0.00,0,0,0
,Enhanced Medical Equipment-Supplies,,T2028,,Items,0.00,0.00,$0.00,0,0,0
,Enhanced Medical Equipment-Supplies,,T2029,,Items,0.00,0.00,$0.00,0,0,0
,Crisis Intervention,,T2034,,Days,0.00,0.00,$0.00,0,0,0
,Respite Care,,T2036,,Encounter / Trip. Per session. One night = one session,0.00,0.00,$0.00,0,0,0
,Respite Care,,T2037,,Encounter / Trip  Per session. One day/partial day = one session,0.00,0.00,$0.00,0,0,0
,Housing Assistance,,T2038,,Month   Service,0.00,0.00,"$42,988.00",0,0,0
,Enhanced Medical Equipment-Supplies,,T2039,,Items,0.00,0.00,$0.00,0,0,0
,Pharmacy (Drugs and Other Biologicals),,,,,0.00,0.00,$0.00,0,0,0
,Other,,,,,0.00,0.00,$0.00,0,0,0
,Aggregate for 'J' Codes,,ALL,,,1.00,0.00,"$1,656.00",1656,0,0
St. Clair,,,,,,,,,,,
,State Psychiatric Hospital - Inpatient PT22,"0100, 0101, 0114, 0124, 0134, 0154",,PT22,Days,2.00,470.00,"$233,335.00",116668,496,235
,State Mental Retardation Facility - Inpatient (ICF/MR) PT65,"0100, 0101, 0114, 0124, 0134, 0154",,PT65,Days,0.00,0.00,$0.00,0,0,0
,Local Psychiatric Hospital/IMD PT68,"0100, 0101, 0114, 0124, 0134, 0154",,PT68,Days,105.00,734.00,"$457,986.00",4362,624,7
,Local Psychiatric Hospital - Acute Community PT73,"0100, 0101, 0114, 0124, 0134, 0154",,PT73,Days,366.00,"3,205.00","$1,784,215.00",4875,557,9
,Inpatient Hospital Ancillary Services - Leave of Absence,0183,,,Days,0.00,0.00,$0.00,0,0,0
,Inpatient Hospital Ancillary Services - Pharmacy,"0250-0254, 0257-0258 ",,,,0.00,0.00,$0.00,0,0,0
,Inpatient Hospital Ancillary Services - Medical/Surgical Supplies and Devices,0270-0272,,,# of items,0.00,0.00,$0.00,0,0,0
,Inpatient Hospital Ancillary Services - Laboratory,"0300-0302, 0305-0307",,,# of tests,0.00,0.00,$0.00,0,0,0
,Inpatient Hospital Ancillary Services - Radiology,0320,,,# of tests,0.00,0.00,$0.00,0,0,0
,ECT Anesthesia,0370,,,,0.00,0.00,$0.00,0,0,0
,Inpatient Hospital Ancillary Services - Respiratory Services,0410,,,# of treatments,0.00,0.00,$0.00,0,0,0
,Inpatient Hospital Ancillary Services -Physical Therapy,0420-0424,,,# of treatments,0.00,0.00,$0.00,0,0,0
,Inpatient Hospital Ancillary Services - Occupational Therapy,0430-0434,,,# of treatments,0.00,0.00,$0.00,0,0,0
,Inpatient Hospital Ancillary Services - Speech-Language Pathology,0440-0444,,,# of treatments,0.00,0.00,$0.00,0,0,0
,Inpatient Hospital Ancillary Services - Emergency Room,0450,,,# of visits,0.00,0.00,$0.00,0,0,0
,Inpatient Hospital Ancillary Services - Pulmonary Function,0460,,,# of tests,0.00,0.00,$0.00,0,0,0
,Inpatient Hospital Ancillary Services - Audiology,0470-0472,,,# of tests,0.00,0.00,$0.00,0,0,0
,Inpatient Hospital Ancillary Services - Magnetic Resonance Technology (MRT),0610-0611,,,# of tests,0.00,0.00,$0.00,0,0,0
,Inpatient Hospital Ancillary Services - Pharmacy,0636,,,# of units,0.00,0.00,$0.00,0,0,0
,ECT Recovery Room,0701,,,,0.00,0.00,$0.00,0,0,0
,Inpatient Hospital Ancillary Services -EKG/ECG,0730-0731,,,# of tests,0.00,0.00,$0.00,0,0,0
,Inpatient Hospital Ancillary Services - EEG,0740,,,# of tests,0.00,0.00,$0.00,0,0,0
,Crisis Observation Care,0762,,,Hour,0.00,0.00,$0.00,0,0,0
,Additional Codes-ECT Facility Charge,0901,,,Encounter,0.00,0.00,$0.00,0,0,0
,Inpatient Hospital Ancillary Services - Psychiatric/Psychological Treatments/Services,"0900, 0902-0904, 0911, 0914-0919",,,# of visits,0.00,0.00,$0.00,0,0,0
,Outpatient Partial Hospitalization,0912,,,Days,33.00,174.00,"$49,180.00",1490,283,5
,Outpatient Partial Hospitalization,0913,,,Days,0.00,0.00,$0.00,0,0,0
,Inpatient Hospital Ancillary Services - Other Diagnosis Services,0925,,,# of tests,0.00,0.00,$0.00,0,0,0
,Inpatient Hospital Ancillary Services - Other Therapeutic Services,0940-0942,,,# of visits,0.00,0.00,$0.00,0,0,0
,Additional Codes-ECT Anesthesia,,00104,,Minutes,0.00,0.00,$0.00,0,0,0
,Drug Screen for Methadone Clients Only,,80100,,Per Screen,0.00,0.00,$0.00,0,0,0
,Drug Screen for Methadone Clients Only,,80101,,Per Screen,0.00,0.00,$0.00,0,0,0
,Alcohol Breath Test for Methadone Clients Only,,82075,,Per Test,0.00,0.00,$0.00,0,0,0
,Medication Administration,,90772,,Encounter,0.00,0.00,$0.00,0,0,0
,Assessment-Psychiatric Assessment,,90801,,Encounter,656.00,691.00,"$125,302.00",191,181,1
,Substance Abuse: Psychiatric Evaluation,,90801,,Encounter,0.00,0.00,$0.00,0,0,0
,Assessment-Psychiatric Assessment,,90802,,Encounter,0.00,0.00,$0.00,0,0,0
,Substance Abuse: Psychiatric Evaluation,,90802,,Encounter,0.00,0.00,$0.00,0,0,0
,Therapy-Individual Therapy,,90804,,Encounter 20-30 Min,774.00,"3,813.00","$350,103.00",452,92,5
,Substance Abuse: Outpatient Treatment,"0900, 0914, 0915, 0916, 0919",90804,,Encounter 20-30 Min,0.00,0.00,$0.00,0,0,0
St. Clair,,,,,,,,,,,
,Therapy-Individual Therapy,,90805,,Encounter 20-30 Min,0.00,0.00,$0.00,0,0,0
,Substance Abuse: Outpatient Treatment,"0900, 0914, 0915, 0916, 0919",90805,,Encounter 20-30 Min,0.00,0.00,$0.00,0,0,0
,Therapy-Individual Therapy,,90806,,Encounter 45-50 Min,"1,332.00","13,208.00","$1,464,881.00",1100,111,10
,Substance Abuse: Outpatient Treatment,"0900, 0914, 0915, 0916, 0919",90806,,Encounter 45-50 Min,0.00,0.00,$0.00,0,0,0
,Therapy-Individual Therapy,,90807,,Encounter 45-50 Min,0.00,0.00,$0.00,0,0,0
,Substance Abuse: Outpatient Treatment,"0900, 0914, 0915, 0916, 0919",90807,,Encounter 45-50 Min,0.00,0.00,$0.00,0,0,0
,Therapy-Individual Therapy,,90808,,Encounter 75-80 Min,50.00,136.00,"$25,139.00",503,185,3
,Substance Abuse: Outpatient Treatment,"0900, 0914, 0915, 0916, 0919",90808,,Encounter 75-80 Min,0.00,0.00,$0.00,0,0,0
,Therapy-Individual Therapy,,90809,,Encounter 75-80 Min,0.00,0.00,$0.00,0,0,0
,Substance Abuse: Outpatient Treatment,"0900, 0914, 0915, 0916, 0919",90809,,Encounter 75-80 Min,0.00,0.00,$0.00,0,0,0
,Therapy-Individual Therapy,,90810,,Encounter 20-30 Min,0.00,0.00,$0.00,0,0,0
,Substance Abuse: Outpatient Treatment,"0900, 0914, 0915, 0916, 0919",90810,,Encounter 20-30 Min,0.00,0.00,$0.00,0,0,0
,Therapy-Individual Therapy,,90811,,Encounter 20-30 Min,0.00,0.00,$0.00,0,0,0
,Substance Abuse: Outpatient Treatment,"0900, 0914, 0915, 0916, 0919",90811,,Encounter 20-30 Min,0.00,0.00,$0.00,0,0,0
,Therapy-Individual Therapy,,90812,,Encounter 45-50 Min,0.00,0.00,$0.00,0,0,0
,Substance Abuse: Outpatient Treatment,"0900, 0914, 0915, 0916, 0919",90812,,Encounter 45-50 Min,0.00,0.00,$0.00,0,0,0
,Therapy-Individual Therapy,,90813,,Encounter 45-50 Min,0.00,0.00,$0.00,0,0,0
,Substance Abuse: Outpatient Treatment,"0900, 0914, 0915, 0916, 0919",90813,,Encounter 45-50 Min,0.00,0.00,$0.00,0,0,0
,Therapy-Individual Therapy,,90814,,Encounter 75-80 Min,0.00,0.00,$0.00,0,0,0
,Substance Abuse: Outpatient Treatment,"0900, 0914, 0915, 0916, 0919",90814,,Encounter 75-80 Min,0.00,0.00,$0.00,0,0,0
,Therapy-Individual Therapy,,90815,,Encounter 75-80 Min,0.00,0.00,$0.00,0,0,0
,Substance Abuse: Outpatient Treatment,"0900, 0914, 0915, 0916, 0919",90815,,Encounter 75-80 Min,0.00,0.00,$0.00,0,0,0
,Therapy-Individual Therapy,,90816,,Encounter 20-30 Min,0.00,0.00,$0.00,0,0,0
,Therapy-Individual Therapy,,90817,,Encounter 20-30 Min,0.00,0.00,$0.00,0,0,0
,Therapy-Individual Therapy,,90818,,Encounter 45-50 Min,0.00,0.00,$0.00,0,0,0
,Therapy-Individual Therapy,,90819,,Encounter 45-50 Min,0.00,0.00,$0.00,0,0,0
,Therapy-Individual Therapy,,90821,,Encounter 75-80 Min,0.00,0.00,$0.00,0,0,0
,Therapy-Individual Therapy,,90822,,Encounter 75-80 Min,0.00,0.00,$0.00,0,0,0
,Therapy-Individual Therapy,,90823,,Encounter 20-30 Min,0.00,0.00,$0.00,0,0,0
,Therapy-Individual Therapy,,90824,,Encounter 20-30 Min,0.00,0.00,$0.00,0,0,0
,Therapy-Individual Therapy,,90826,,Encounter 45-50 Min,0.00,0.00,$0.00,0,0,0
,Substance Abuse: Psychotherapy (Individual Therapy),,90826,,Encounter 45-50 Min,0.00,0.00,$0.00,0,0,0
,Therapy-Individual Therapy,,90827,,Encounter 45-50 Min,0.00,0.00,$0.00,0,0,0
,Therapy-Individual Therapy,,90828,,Encounter 75-80 Min,0.00,0.00,$0.00,0,0,0
,Therapy-Individual Therapy,,90829,,Encounter 75-80 Min,0.00,0.00,$0.00,0,0,0
,Therapy-Family Therapy,,90846,,Encounter,8.00,34.00,"$3,850.00",481,113,4
,Therapy-Family Therapy,,90847,,Encounter,35.00,80.00,"$10,640.00",304,133,2
,Substance Abuse: Outpatient Treatment,"0900, 0906, 0914, 0915, 0916, 0919",90847,,Encounter,0.00,0.00,$0.00,0,0,0
,Therapy-Family Therapy,,90849,,Encounter,0.00,0.00,$0.00,0,0,0
,Therapy-Family Therapy,,90849,HS,Encounter,0.00,0.00,$0.00,0,0,0
St. Clair,,,,,,,,,,,
,Therapy-Group Therapy,,90853,,Encounter,224.00,"2,110.00","$362,377.00",1618,172,9
,Substance Abuse: Outpatient Treatment,"0900, 0906, 0914, 0915, 0916, 0919",90853,,Encounter,0.00,0.00,$0.00,0,0,0
,Therapy-Group Therapy,,90857,,Encounter,0.00,0.00,$0.00,0,0,0
,Substance Abuse: Outpatient Treatment,"0900, 0906, 0914, 0915, 0916, 0919",90857,,Encounter,0.00,0.00,$0.00,0,0,0
,Medication Review ,,90862,,Encounter,"1,632.00","8,054.00","$820,332.00",503,102,5
,Substance Abuse: Medication Review,"0900, 0914, 0915, 0916, 0919",90862,,Encounter,0.00,0.00,$0.00,0,0,0
,Additional Codes-ECT Physician,,90870,,Encounter,0.00,0.00,$0.00,0,0,0
,Additional Codes-ECT Physician,0901,90870,,Encounter,0.00,0.00,$0.00,0,0,0
,Assessments-Other,,90887,,Encounter,0.00,0.00,$0.00,0,0,0
,Speech & Language Therapy ,,92506,,Encounter,0.00,0.00,$0.00,0,0,0
,Speech & Language Therapy ,,92507,,Encounter,0.00,0.00,$0.00,0,0,0
,Speech & Language Therapy ,,92508,,Encounter,0.00,0.00,$0.00,0,0,0
,Speech & Language Therapy ,,92526,,Encounter,0.00,0.00,$0.00,0,0,0
,Speech & Language Therapy ,,92610,,Encounter,0.00,0.00,$0.00,0,0,0
,Evaluation of Auditory Rehabilitation Status (Children's Waiver),,92626,,First Hour,0.00,0.00,$0.00,0,0,0
,Evaluation of Auditory Rehabiliation Status (Children's Waiver),,92627,,Each Additional 15 Minutes,0.00,0.00,$0.00,0,0,0
,Auditory Rehabilitation Preling Hearing Loss (Children's Waiver),,92630,,Encounter,0.00,0.00,$0.00,0,0,0
,Auditory Rehabilitation; Post-Lingual Hearing Loss (Children's Waiver),,92633,,Encounter,0.00,0.00,$0.00,0,0,0
,Psychological Testing PSYCH/PHYS ,,96101,,Per Hour,99.00,214.00,"$23,753.00",240,111,2
,Psychological Testing by Technician ,,96102,,Per Hour,0.00,0.00,$0.00,0,0,0
,Psychological Testing by Comp ,,96103,,Per Hour,0.00,0.00,$0.00,0,0,0
,Assessments-Other,,96105,,Encounter,0.00,0.00,$0.00,0,0,0
,Assessments-Other,,96110,,Encounter,0.00,0.00,$0.00,0,0,0
,Assessments-Other,,96111,,Encounter,0.00,0.00,$0.00,0,0,0
,Neurobehavioral Status Exam (Children's Waiver),,96116,,Per Hour,0.00,0.00,$0.00,0,0,0
,Neuropsych test by Psych/Phys ,,96118,,Per Hour,0.00,0.00,$0.00,0,0,0
,Neuropsych test by Tech ,,96119,,Per Hour,0.00,0.00,$0.00,0,0,0
,Neuropsych test Admin w/Comp ,,96120,,Per Hour,0.00,0.00,$0.00,0,0,0
,Medication Administration,,96372,,Encounter,0.00,0.00,$0.00,0,0,0
,Physical Therapy,,97001,,Encounter,0.00,0.00,$0.00,0,0,0
,Physical Therapy,,97002,,Encounter,0.00,0.00,$0.00,0,0,0
,Occupational Therapy,,97003,,Encounter,0.00,0.00,$0.00,0,0,0
,Occupational Therapy,,97004,,Encounter,0.00,0.00,$0.00,0,0,0
,Occupational or Physical Therapy,,97110,,15 Minutes,0.00,0.00,$0.00,0,0,0
,Occupational or Physical Therapy,,97112,,15 Minutes,0.00,0.00,$0.00,0,0,0
,Occupational or Physical Therapy,,97113,,15 Minutes,0.00,0.00,$0.00,0,0,0
,Occupational or Physical Therapy,,97116,,15 Minutes,0.00,0.00,$0.00,0,0,0
,Occupational or Physical Therapy,,97124,,15 Minutes,0.00,0.00,$0.00,0,0,0
,Occupational or Physical Therapy,,97140,,15 Minutes,0.00,0.00,$0.00,0,0,0
,Occupational or Physical Therapy,,97150,,Encounter,0.00,0.00,$0.00,0,0,0
,Occupational or Physical Therapy,,97530,,15 Minutes,0.00,0.00,$0.00,0,0,0
,Occupational or Physical Therapy,,97532,,15 Minutes,0.00,0.00,$0.00,0,0,0
,Occupational or Physical Therapy,,97533,,15 Minutes,0.00,0.00,$0.00,0,0,0
,Occupational or Physical Therapy,,97535,,15 Minutes,0.00,0.00,$0.00,0,0,0
,Occupational or Physical Therapy,,97537,,15 Minutes,0.00,0.00,$0.00,0,0,0
,Occupational or Physical Therapy,,97542,,15 Minutes,0.00,0.00,$0.00,0,0,0
,Occupational Therapy,,97703,,15 Minutes,0.00,0.00,$0.00,0,0,0
St. Clair,,,,,,,,,,,
,Occupational Therapy,,97750,,15 Minutes,0.00,0.00,$0.00,0,0,0
,Occupational Therapy,,97755,,15 Minutes,0.00,0.00,$0.00,0,0,0
,Occupational Therapy,,97760,,15 Minutes,0.00,0.00,$0.00,0,0,0
,C/O for Orthotic/Prosth Use ,,97762,,15 minutes,0.00,0.00,$0.00,0,0,0
,Assessment or Health Services,,97802,,15 Minutes,0.00,0.00,$0.00,0,0,0
,Assessment or Health Services,,97803,,15 Minutes,0.00,0.00,$0.00,0,0,0
,Health Services,,97804,,30 Minutes,0.00,0.00,$0.00,0,0,0
,Additional Codes-Physician Services,,99201,,Encounter,0.00,0.00,$0.00,0,0,0
,Additional Codes-Physician Services,,99202,,Encounter,0.00,0.00,$0.00,0,0,0
,Additional Codes-Physician Services,,99203,,Encounter,0.00,0.00,$0.00,0,0,0
,Additional Codes-Physician Services,,99204,,Encounter,0.00,0.00,$0.00,0,0,0
,Additional Codes-Physician Services,,99205,,Encounter,0.00,0.00,$0.00,0,0,0
,Additional Codes-Physician Services  Medication Administration,,99211,,Encounter,83.00,"1,091.00","$82,663.00",996,76,13
,Additional Codes-Physician Services,,99212,,Encounter,0.00,0.00,$0.00,0,0,0
,Additional Codes-Physician Services,,99213,,Encounter,0.00,0.00,$0.00,0,0,0
,Additional Codes-Physician Services,,99214,,Encounter,0.00,0.00,$0.00,0,0,0
,Additional Codes-Physician Services,,99215,,Encounter,0.00,0.00,$0.00,0,0,0
,Additional Codes-Physician Services,,99221,,30 Minutes,0.00,0.00,$0.00,0,0,0
,Additional Codes-Physician Services,,99222,,50 Minutes,0.00,0.00,$0.00,0,0,0
,Additional Codes-Physician Services,,99223,,70 Minutes,0.00,0.00,$0.00,0,0,0
,Additional Codes-Physician Services,,99231,,15 Minutes,0.00,0.00,$0.00,0,0,0
,Additional Codes-Physician Services,,99232,,25 minutes,0.00,0.00,$0.00,0,0,0
,Additional Codes-Physician Services,,99233,,35 Minutes,0.00,0.00,$0.00,0,0,0
,Additional Codes-Physician Services,,99238,,30 Minutes or less,0.00,0.00,$0.00,0,0,0
,Additional Codes-Physician Services,,99241,,Encounter,0.00,0.00,$0.00,0,0,0
,Additional Codes-Physician Services,,99242,,Encounter,0.00,0.00,$0.00,0,0,0
,Additional Codes-Physician Services,,99243,,Encounter,0.00,0.00,$0.00,0,0,0
,Additional Codes-Physician Services,,99244,,Encounter,0.00,0.00,$0.00,0,0,0
,Additional Codes-Physician Services,,99245,,Encounter,0.00,0.00,$0.00,0,0,0
,Additional Codes-Physician Services,,99251,,Encounter,0.00,0.00,$0.00,0,0,0
,Additional Codes-Physician Services,,99252,,Encounter,0.00,0.00,$0.00,0,0,0
,Additional Codes-Physician Services,,99253,,Encounter,0.00,0.00,$0.00,0,0,0
,Additional Codes-Physician Services,,99254,,Encounter,0.00,0.00,$0.00,0,0,0
,Additional Codes-Physician Services,,99255,,Encounter,0.00,0.00,$0.00,0,0,0
,Additional Codes-Physician Services,,99261,,Encounter,0.00,0.00,$0.00,0,0,0
,Additional Codes-Physician Services,,99262,,Encounter,0.00,0.00,$0.00,0,0,0
,Additional Codes-Physician Services,,99263,,Encounter,0.00,0.00,$0.00,0,0,0
,Additional Codes-Physician Services,,99271,,Encounter,0.00,0.00,$0.00,0,0,0
,Additional Codes-Physician Services,,99272,,Encounter,0.00,0.00,$0.00,0,0,0
,Additional Codes-Physician Services,,99273,,Encounter,0.00,0.00,$0.00,0,0,0
,Additional Codes-Physician Services,,99274,,Encounter,0.00,0.00,$0.00,0,0,0
,Additional Codes-Physician Services,,99275,,Encounter,0.00,0.00,$0.00,0,0,0
,Medication Administration,,99605,,Encounter,0.00,0.00,$0.00,0,0,0
,Transportation,,A0080,,Per mile,0.00,0.00,$0.00,0,0,0
,Transportation,,A0090,,Per mile,0.00,0.00,$0.00,0,0,0
,Transportation,,A0100,,Per one-way trip,0.00,0.00,$0.00,0,0,0
,Transportation,,A0110,,Per one-way trip,0.00,0.00,$0.00,0,0,0
,Transportation,,A0120,,Per one-way trip,0.00,0.00,$0.00,0,0,0
,Transportation,,A0130,,Per one-way trip,0.00,0.00,$0.00,0,0,0
,Transportation,,A0140,,Per one-way trip,0.00,0.00,$0.00,0,0,0
St. Clair,,,,,,,,,,,
,Transportation,,A0170,,,0.00,0.00,$0.00,0,0,0
,Additional Codes-Transportation,,A0425,,Per Mile,0.00,0.00,$0.00,0,0,0
,Additional Codes-Transportation,,A0427,,Refer to code descriptions.,7.00,7.00,"$4,040.00",577,577,1
,Additional codes - Transportation,,A0428,,,0.00,0.00,$0.00,0,0,0
,Repair or Non-Routine Service for DME (Children's Waiver),,E1340,,15 Minutes,0.00,0.00,$0.00,0,0,0
,Enhanced Medical Equipment-Supplies,,E1399,,Items,0.00,0.00,$0.00,0,0,0
,Activity Therapy (Children's Waiver),,G0176,,Encounter,0.00,0.00,$0.00,0,0,0
,Family Training/Support EBP only,,G0177,,Encounter Session at least 45 min,4.00,15.00,"$3,258.00",814,217,4
,Substance Abuse: Individual Assessment,,H0001,,Encounter,0.00,0.00,$0.00,0,0,0
,Assessment ,,H0002,,Encounter,0.00,0.00,$0.00,0,0,0
,Substance Abuse: Individual Assessment,,H0002,,Encounter,0.00,0.00,$0.00,0,0,0
,Substance Abuse:Laboratory,,H0003,,Encounter,0.00,0.00,$0.00,0,0,0
,Substance Abuse: Outpatient Treatment,"0900, 0906, 0914, 0915, 0916, 0919",H0004,,15 Minutes,0.00,0.00,$0.00,0,0,0
,Substance Abuse: Outpatient Treatment,"0900, 0906, 0914, 0915, 0916, 0919",H0005,,Encounter,0.00,0.00,$0.00,0,0,0
,Substance Abuse: Case Management,,H0006,,Encounter,0.00,0.00,$0.00,0,0,0
,Substance Abuse: Sub-Acute Detoxification,1002,H0010,,Days,0.00,0.00,$0.00,0,0,0
,Substance Abuse: Sub-Acute Detoxification,1002,H0012,,Days,0.00,0.00,$0.00,0,0,0
,Substance Abuse: Sub-Acute Detoxification,1002,H0014,,Days,0.00,0.00,$0.00,0,0,0
,Substance Abuse: Outpatient Care,"0900, 0906, 0914, 0915, 0916, 0919",H0015,,Days,0.00,0.00,$0.00,0,0,0
,Crisis Residential Services,,H0018,,Days,5.00,45.00,"$8,662.00",1732,192,9
,Substance Abuse: Residential,1002,H0018,,Days,0.00,0.00,$0.00,0,0,0
,Substance Abuse: Residential,1002,H0019,,Days,0.00,0.00,$0.00,0,0,0
,Substance Abuse: Methadone,,H0020,,Encounter,0.00,0.00,$0.00,0,0,0
,Substance Abuse: Early Intervention,,H0022,,Encounter,0.00,0.00,$0.00,0,0,0
,Peer Directed and Operated Support Services,,H0023,,Encounter,0.00,0.00,$0.00,0,0,0
,Prevention Services - Direct Model,,H0025,,Face to Face Contact,0.00,0.00,$0.00,0,0,0
,Crisis Intervention,,H0030,,Per Service,0.00,0.00,$0.00,0,0,0
,Assessment ,,H0031,,Encounter,"1,622.00","3,305.00","$771,923.00",476,234,2
,Substance Abuse: Assessment,,H0031,,Encounter,0.00,0.00,$0.00,0,0,0
,Treatment Planning,,H0032,,Encounter,"1,122.00","1,924.00","$462,696.00",412,240,2
,Monitoring of Treatment - Clinician,,H0032,TS,Encounter,0.00,0.00,$0.00,0,0,0
,Substance Abuse: Pharmalogical Support - Suboxane,,H0033,,Direct Observation Encounter,0.00,0.00,$0.00,0,0,0
,Health Services,,H0034,,15 Minutes,50.00,118.00,"$10,575.00",212,90,2
,Home Based Services,,H0036,,15 Minutes,7.00,"2,003.00","$52,211.00",7459,26,286
,Home Based Services,,H0036,ST,15 Minutes,0.00,0.00,$0.00,0,0,0
,Community Psychiatric Supportive Treatment ,,H0037,,Per diem,0.00,0.00,$0.00,0,0,0
,Peer Directed and Operated Support Services,,H0038,,15 minutes,110.00,"3,896.00","$118,529.00",1078,30,35
,Peer Directed and Operated Support Services,,NA,,,54.00,0.00,"$258,048.00",4779,0,0
,Assertive Community Treatment (ACT),,H0039,,15 Minutes,75.00,"11,031.00","$606,706.00",8089,55,147
,Community Living Supports in Independent living/own home,,H0043,,Per diem,2.00,426.00,"$45,732.00",22866,107,213
,Community Living Supports in Independent living/own home,,H0043,TT,Per diem,0.00,0.00,$0.00,0,0,0
,Respite,,H0045,,Days,0.00,0.00,$0.00,0,0,0
,Respite (Children's Waiver),,H0045,TD,Per Diem,0.00,0.00,$0.00,0,0,0
,Respite (Children's Waiver),,H0045,TE,Per Diem,0.00,0.00,$0.00,0,0,0
,Substance Abuse:Laboratory (cells now unlocked),,H0048,,Encounter,0.00,0.00,$0.00,0,0,0
,Substance Abuse: Individual Assessment,,H0049,,Encounter,0.00,0.00,$0.00,0,0,0
,Behavior Treatment Plan Review,,H2000,,Encounter,0.00,0.00,$0.00,0,0,0
,Behavior Treatment Plan Review - Monitoring Activities,,H2000,TS,Encounter,0.00,0.00,$0.00,0,0,0
St. Clair,,,,,,,,,,,
,Comprehensive Medication Services - EBP only,,H2010,,15 minutes,0.00,0.00,$0.00,0,0,0
,Crisis Intervention,,H2011,,15 Minutes,35.00,176.00,"$12,415.00",355,71,5
,Skill-Building and Out of Home Non Vocational Habilitation,,H2014,,15 minutes,26.00,"38,936.00","$138,992.00",5346,4,1498
,Skill-Building and Out of Home Non Vocational Habilitation,,H2014,TT,15 Minutes,0.00,0.00,$0.00,0,0,0
,Community Living Supports (15 Minutes),,H2015,,15 Minutes,345.00,"34,723.00","$180,100.00",522,5,101
,Community Living Supports (15 Minutes),,H2015,TT,15 Minutes,3.00,118.00,$411.00,137,3,39
,Community Living Supports (Daily),,H2016,,Per Diem,7.00,"1,401.00","$25,711.00",3673,18,200
,Community Living Supports (Daily),,H2016,TF,Per Diem,3.00,549.00,"$12,051.00",4017,22,183
,Community Living Supports (Daily),,H2016,TG,Per Diem,60.00,"10,328.00","$1,508,879.00",25148,146,172
,Behavior Services,,H2019,,15 Minutes,61.00,"2,544.00","$117,809.00",1931,46,42
,Behavior Services,,H2019,TT,15 Minutes,45.00,"3,268.00","$154,827.00",3441,47,73
,Crisis Intervention,,H2020,,Days,0.00,0.00,$0.00,0,0,0
,Wraparound,,H2021,,15 Minutes,0.00,0.00,$0.00,0,0,0
,Wraparound,,H2022,,Days,0.00,0.00,$0.00,0,0,0
,Supported Employment Services,,H2023,,15 minutes,2.00,4.00,$13.00,6,3,2
,Supported Employment Services,,H2023,TT,15 Minutes,0.00,0.00,$0.00,0,0,0
,Mental Health Therapy,,H2027,,15 Minutes,0.00,0.00,$0.00,0,0,0
,Clubhouse Psychosocial Rehabilitation Programs ,,H2030,,15 Minutes,134.00,"115,405.00","$459,831.00",3432,4,861
,Home Based Services,,H2033,,15 Minutes,0.00,0.00,$0.00,0,0,0
,Substance Abuse: Outpatient Care,"0900, 0906, 0914, 0915, 0916, 0919",H2035,,Hour,0.00,0.00,$0.00,0,0,0
,Substance Abuse: Outpatient Care,"0900, 0906, 0914, 0915, 0916, 0919",H2036,,Per Diem,0.00,0.00,$0.00,0,0,0
,Medication Review ,,M0064,,"Encounter Face-to-Face, generally less than 10 minutes",0.00,0.00,$0.00,0,0,0
,Transportation,,S0209,,Per Mile,0.00,0.00,$0.00,0,0,0
,Transportation,,S0215,,Per Mile,0.00,0.00,$0.00,0,0,0
,Family Training - EBP,,S5110,,15 Minutes,3.00,24.00,"$1,824.00",608,76,8
,Family Training,,S5111,,Encounter,1.00,5.00,"$1,009.00",1009,202,5
,Family Training,,S5111,HA,Encounter,0.00,0.00,$0.00,0,0,0
,"Home Care Training, Non-Family (Children's Waiver)",,S5116,,Encounter,0.00,0.00,$0.00,0,0,0
,Chore Services,,S5120,,15 Minutes,0.00,0.00,$0.00,0,0,0
,Foster Care,,S5140,,Days,0.00,0.00,$0.00,0,0,0
,Foster Care,,S5145,,Days,0.00,0.00,$0.00,0,0,0
,Respite,,S5150,,15 Minutes,0.00,0.00,$0.00,0,0,0
,Respite,,S5151,,Per Diem,0.00,0.00,$0.00,0,0,0
,Personal Emergency Response System (PERS),,S5160,,Encounter,0.00,0.00,$0.00,0,0,0
,Personal Emergency Response System (PERS),,S5161,,Month,0.00,0.00,$0.00,0,0,0
,Environmental Modification ,,S5165,,Service,0.00,0.00,$0.00,0,0,0
,Enhanced Medical Equipment-Supplies,,S5199,,Items,0.00,0.00,$0.00,0,0,0
,Occupational or Physical Therapy,,S8990,,Encounter,0.00,0.00,$0.00,0,0,0
,Private Duty Nursing,0582,S9123,,Hour,0.00,0.00,$0.00,0,0,0
,Private Duty Nursing,,S9123,,Hour,0.00,0.00,$0.00,0,0,0
,Private Duty Nursing,,S9123,TT,Hour,0.00,0.00,$0.00,0,0,0
,Private Duty Nursing,0582,S9124,,Hour,0.00,0.00,$0.00,0,0,0
,Private Duty Nursing,,S9124,,Hour,0.00,0.00,$0.00,0,0,0
,Private Duty Nursing,,S9124,TT,Hour,0.00,0.00,$0.00,0,0,0
,Respite Care in the Home (RN) (Children's Waiver),,S9125,TD,Per Diem,0.00,0.00,$0.00,0,0,0
,Respite Care in the Home (LPN) (Children's Waiver),,S9125,TE,Per Diem,0.00,0.00,$0.00,0,0,0
,Health Services,,S9445,,Encounter,0.00,0.00,$0.00,0,0,0
,Health Services,,S9446,,Encounter,7.00,120.00,"$34,206.00",4887,285,17
St. Clair,,,,,,,,,,,
,Health Services,,S9470,,Encounter,0.00,0.00,$0.00,0,0,0
,Intensive Crisis Stabilization-Enrolled Program,,S9484,,Hour,0.00,0.00,$0.00,0,0,0
,Reidential Room and Board,,S9976,,Days,0.00,0.00,$0.00,0,0,0
,Private Duty Nursing,,T1000,,Up to 15 min,0.00,0.00,$0.00,0,0,0
,Private Duty Nursing,,T1000,TD,Up to 15 min,0.00,0.00,$0.00,0,0,0
,Private Duty Nursing,,T1000,TE,Up to 15 min,0.00,0.00,$0.00,0,0,0
,Assessment,,T1001,,Encounter,47.00,47.00,"$21,186.00",451,451,1
,Health Services,,T1002,,Up to 15 min,218.00,"2,634.00","$162,773.00",747,62,12
,Respite Care,,T1005,,15 Minutes,18.00,"66,312.00","$473,326.00",26296,7,3684
,Respite Care,,T1005,TD,15 Minutes,0.00,0.00,$0.00,0,0,0
,Respite Care,,T1005,TE,15 Minutes,0.00,0.00,$0.00,0,0,0
,Substance Abuse: Recovery Support Services,"0900, 0906, 0914, 0915, 0916, 0919",T1012,,Encounter,0.00,0.00,$0.00,0,0,0
,Family Psycho-Education - EBP,,T1015,,Encounter,15.00,33.00,"$5,893.00",393,179,2
,Supports Coordination/Wrap Facilitation,,T1016,,15 minutes,873.00,"18,026.00","$1,413,219.00",1619,78,21
,Targeted Case Management ,,T1017,,15 minutes,3.00,371.00,"$16,976.00",5659,46,124
,Nursing Home Mental Health Monitoring,,T1017,SE,15 minutes,42.00,869.00,"$42,701.00",1017,49,21
,Personal Care in Licensed Specialized Residential Setting,,T1020,,Days,60.00,"10,903.00","$169,255.00",2821,16,182
,Personal Care in Licensed Specialized Residential Setting,,T1020,TF,Days,9.00,"1,326.00","$63,433.00",7048,48,147
,Personal Care in Licensed Specialized Residential Setting,,T1020,TG,Days,1.00,49.00,"$4,792.00",4792,98,49
,Assessments,,T1023,,Encounter,129.00,149.00,"$9,725.00",75,65,1
,Enhanced Medical Supplies or Pharmacy,,T1999,,Items,1.00,1.00,$22.00,22,22,1
,Transportation,,T2001,,Encounter,0.00,0.00,$0.00,0,0,0
,Transportation,,T2002,,Per Diem,0.00,0.00,$0.00,0,0,0
,Transportation,,T2003,,Encounter / Trip,0.00,0.00,$0.00,0,0,0
,Transportation,,T2004,,Encounter,0.00,0.00,$0.00,0,0,0
,Transportation,,T2005,,Encounter,0.00,0.00,$0.00,0,0,0
,Out of Home Prevocational Service,,T2015,,Hour,0.00,0.00,$0.00,0,0,0
,Targeted Case Management (Children's Waiver),,T2023,,Month,0.00,0.00,$0.00,0,0,0
,Fiscal Intermediary Services,,T2025,,Month,1.00,2.00,$160.00,160,80,2
,Enhanced Medical Equipment-Supplies,,T2028,,Items,0.00,0.00,$0.00,0,0,0
,Enhanced Medical Equipment-Supplies,,T2029,,Items,0.00,0.00,$0.00,0,0,0
,Crisis Intervention,,T2034,,Days,0.00,0.00,$0.00,0,0,0
,Respite Care,,T2036,,Encounter / Trip. Per session. One night = one session,0.00,0.00,$0.00,0,0,0
,Respite Care,,T2037,,Encounter / Trip  Per session. One day/partial day = one session,0.00,0.00,$0.00,0,0,0
,Housing Assistance,,T2038,,Month   Service,5.00,5.00,$131.00,26,26,1
,Enhanced Medical Equipment-Supplies,,T2039,,Items,0.00,0.00,$0.00,0,0,0
,Pharmacy (Drugs and Other Biologicals),,,,,"1,195.00",0.00,"$239,035.00",200,0,0
,Other,,,,,0.00,0.00,$0.00,0,0,0
,Aggregate for 'J' Codes,,ALL,,,108.00,0.00,"$455,745.00",4220,0,0
St. Joseph,,,,,,,,,,,
,State Psychiatric Hospital - Inpatient PT22,"0100, 0101, 0114, 0124, 0134, 0154",,PT22,Days,0.00,0.00,$0.00,0,0,0
,State Mental Retardation Facility - Inpatient (ICF/MR) PT65,"0100, 0101, 0114, 0124, 0134, 0154",,PT65,Days,0.00,0.00,$0.00,0,0,0
,Local Psychiatric Hospital/IMD PT68,"0100, 0101, 0114, 0124, 0134, 0154",,PT68,Days,0.00,0.00,$0.00,0,0,0
,Local Psychiatric Hospital - Acute Community PT73,"0100, 0101, 0114, 0124, 0134, 0154",,PT73,Days,66.00,"1,604.00","$321,390.00",4870,200,24
,Inpatient Hospital Ancillary Services - Leave of Absence,0183,,,Days,0.00,0.00,$0.00,0,0,0
,Inpatient Hospital Ancillary Services - Pharmacy,"0250-0254, 0257-0258 ",,,,0.00,0.00,$0.00,0,0,0
,Inpatient Hospital Ancillary Services - Medical/Surgical Supplies and Devices,0270-0272,,,# of items,0.00,0.00,$0.00,0,0,0
,Inpatient Hospital Ancillary Services - Laboratory,"0300-0302, 0305-0307",,,# of tests,0.00,0.00,$0.00,0,0,0
,Inpatient Hospital Ancillary Services - Radiology,0320,,,# of tests,0.00,0.00,$0.00,0,0,0
,ECT Anesthesia,0370,,,,0.00,0.00,$0.00,0,0,0
,Inpatient Hospital Ancillary Services - Respiratory Services,0410,,,# of treatments,0.00,0.00,$0.00,0,0,0
,Inpatient Hospital Ancillary Services -Physical Therapy,0420-0424,,,# of treatments,0.00,0.00,$0.00,0,0,0
,Inpatient Hospital Ancillary Services - Occupational Therapy,0430-0434,,,# of treatments,0.00,0.00,$0.00,0,0,0
,Inpatient Hospital Ancillary Services - Speech-Language Pathology,0440-0444,,,# of treatments,0.00,0.00,$0.00,0,0,0
,Inpatient Hospital Ancillary Services - Emergency Room,0450,,,# of visits,0.00,0.00,$0.00,0,0,0
,Inpatient Hospital Ancillary Services - Pulmonary Function,0460,,,# of tests,0.00,0.00,$0.00,0,0,0
,Inpatient Hospital Ancillary Services - Audiology,0470-0472,,,# of tests,0.00,0.00,$0.00,0,0,0
,Inpatient Hospital Ancillary Services - Magnetic Resonance Technology (MRT),0610-0611,,,# of tests,0.00,0.00,$0.00,0,0,0
,Inpatient Hospital Ancillary Services - Pharmacy,0636,,,# of units,0.00,0.00,$0.00,0,0,0
,ECT Recovery Room,0701,,,,0.00,0.00,$0.00,0,0,0
,Inpatient Hospital Ancillary Services -EKG/ECG,0730-0731,,,# of tests,0.00,0.00,$0.00,0,0,0
,Inpatient Hospital Ancillary Services - EEG,0740,,,# of tests,0.00,0.00,$0.00,0,0,0
,Crisis Observation Care,0762,,,Hour,0.00,0.00,$0.00,0,0,0
,Additional Codes-ECT Facility Charge,0901,,,Encounter,0.00,0.00,$0.00,0,0,0
,Inpatient Hospital Ancillary Services - Psychiatric/Psychological Treatments/Services,"0900, 0902-0904, 0911, 0914-0919",,,# of visits,0.00,0.00,$0.00,0,0,0
,Outpatient Partial Hospitalization,0912,,,Days,0.00,0.00,$0.00,0,0,0
,Outpatient Partial Hospitalization,0913,,,Days,0.00,0.00,$0.00,0,0,0
,Inpatient Hospital Ancillary Services - Other Diagnosis Services,0925,,,# of tests,0.00,0.00,$0.00,0,0,0
,Inpatient Hospital Ancillary Services - Other Therapeutic Services,0940-0942,,,# of visits,0.00,0.00,$0.00,0,0,0
,Additional Codes-ECT Anesthesia,,00104,,Minutes,0.00,0.00,$0.00,0,0,0
,Drug Screen for Methadone Clients Only,,80100,,Per Screen,0.00,0.00,$0.00,0,0,0
,Drug Screen for Methadone Clients Only,,80101,,Per Screen,0.00,0.00,$0.00,0,0,0
,Alcohol Breath Test for Methadone Clients Only,,82075,,Per Test,0.00,0.00,$0.00,0,0,0
,Medication Administration,,90772,,Encounter,0.00,0.00,$0.00,0,0,0
,Assessment-Psychiatric Assessment,,90801,,Encounter,0.00,0.00,$0.00,0,0,0
,Substance Abuse: Psychiatric Evaluation,,90801,,Encounter,316.00,325.00,"$126,165.00",399,388,1
,Assessment-Psychiatric Assessment,,90802,,Encounter,0.00,0.00,$0.00,0,0,0
,Substance Abuse: Psychiatric Evaluation,,90802,,Encounter,0.00,0.00,$0.00,0,0,0
,Therapy-Individual Therapy,,90804,,Encounter 20-30 Min,0.00,0.00,$0.00,0,0,0
,Substance Abuse: Outpatient Treatment,"0900, 0914, 0915, 0916, 0919",90804,,Encounter 20-30 Min,64.00,152.00,"$6,252.00",98,41,2
St. Joseph,,,,,,,,,,,
,Therapy-Individual Therapy,,90805,,Encounter 20-30 Min,0.00,0.00,$0.00,0,0,0
,Substance Abuse: Outpatient Treatment,"0900, 0914, 0915, 0916, 0919",90805,,Encounter 20-30 Min,3.00,2.00,$122.00,41,61,1
,Therapy-Individual Therapy,,90806,,Encounter 45-50 Min,0.00,0.00,$0.00,0,0,0
,Substance Abuse: Outpatient Treatment,"0900, 0914, 0915, 0916, 0919",90806,,Encounter 45-50 Min,363.00,"2,092.00","$189,019.00",521,90,6
,Therapy-Individual Therapy,,90807,,Encounter 45-50 Min,0.00,0.00,$0.00,0,0,0
,Substance Abuse: Outpatient Treatment,"0900, 0914, 0915, 0916, 0919",90807,,Encounter 45-50 Min,0.00,0.00,$0.00,0,0,0
,Therapy-Individual Therapy,,90808,,Encounter 75-80 Min,0.00,0.00,$0.00,0,0,0
,Substance Abuse: Outpatient Treatment,"0900, 0914, 0915, 0916, 0919",90808,,Encounter 75-80 Min,31.00,74.00,"$24,017.00",775,325,2
,Therapy-Individual Therapy,,90809,,Encounter 75-80 Min,0.00,0.00,$0.00,0,0,0
,Substance Abuse: Outpatient Treatment,"0900, 0914, 0915, 0916, 0919",90809,,Encounter 75-80 Min,0.00,0.00,$0.00,0,0,0
,Therapy-Individual Therapy,,90810,,Encounter 20-30 Min,0.00,0.00,$0.00,0,0,0
,Substance Abuse: Outpatient Treatment,"0900, 0914, 0915, 0916, 0919",90810,,Encounter 20-30 Min,0.00,0.00,$0.00,0,0,0
,Therapy-Individual Therapy,,90811,,Encounter 20-30 Min,0.00,0.00,$0.00,0,0,0
,Substance Abuse: Outpatient Treatment,"0900, 0914, 0915, 0916, 0919",90811,,Encounter 20-30 Min,0.00,0.00,$0.00,0,0,0
,Therapy-Individual Therapy,,90812,,Encounter 45-50 Min,0.00,0.00,$0.00,0,0,0
,Substance Abuse: Outpatient Treatment,"0900, 0914, 0915, 0916, 0919",90812,,Encounter 45-50 Min,0.00,0.00,$0.00,0,0,0
,Therapy-Individual Therapy,,90813,,Encounter 45-50 Min,0.00,0.00,$0.00,0,0,0
,Substance Abuse: Outpatient Treatment,"0900, 0914, 0915, 0916, 0919",90813,,Encounter 45-50 Min,0.00,0.00,$0.00,0,0,0
,Therapy-Individual Therapy,,90814,,Encounter 75-80 Min,0.00,0.00,$0.00,0,0,0
,Substance Abuse: Outpatient Treatment,"0900, 0914, 0915, 0916, 0919",90814,,Encounter 75-80 Min,0.00,0.00,$0.00,0,0,0
,Therapy-Individual Therapy,,90815,,Encounter 75-80 Min,0.00,0.00,$0.00,0,0,0
,Substance Abuse: Outpatient Treatment,"0900, 0914, 0915, 0916, 0919",90815,,Encounter 75-80 Min,0.00,0.00,$0.00,0,0,0
,Therapy-Individual Therapy,,90816,,Encounter 20-30 Min,0.00,0.00,$0.00,0,0,0
,Therapy-Individual Therapy,,90817,,Encounter 20-30 Min,0.00,0.00,$0.00,0,0,0
,Therapy-Individual Therapy,,90818,,Encounter 45-50 Min,0.00,0.00,$0.00,0,0,0
,Therapy-Individual Therapy,,90819,,Encounter 45-50 Min,0.00,0.00,$0.00,0,0,0
,Therapy-Individual Therapy,,90821,,Encounter 75-80 Min,0.00,0.00,$0.00,0,0,0
,Therapy-Individual Therapy,,90822,,Encounter 75-80 Min,0.00,0.00,$0.00,0,0,0
,Therapy-Individual Therapy,,90823,,Encounter 20-30 Min,0.00,0.00,$0.00,0,0,0
,Therapy-Individual Therapy,,90824,,Encounter 20-30 Min,0.00,0.00,$0.00,0,0,0
,Therapy-Individual Therapy,,90826,,Encounter 45-50 Min,0.00,0.00,$0.00,0,0,0
,Substance Abuse: Psychotherapy (Individual Therapy),,90826,,Encounter 45-50 Min,0.00,0.00,$0.00,0,0,0
,Therapy-Individual Therapy,,90827,,Encounter 45-50 Min,0.00,0.00,$0.00,0,0,0
,Therapy-Individual Therapy,,90828,,Encounter 75-80 Min,0.00,0.00,$0.00,0,0,0
,Therapy-Individual Therapy,,90829,,Encounter 75-80 Min,0.00,0.00,$0.00,0,0,0
,Therapy-Family Therapy,,90846,,Encounter,1.00,1.00,$81.00,81,81,1
,Therapy-Family Therapy,,90847,,Encounter,7.00,25.00,"$2,369.00",338,95,4
,Substance Abuse: Outpatient Treatment,"0900, 0906, 0914, 0915, 0916, 0919",90847,,Encounter,0.00,0.00,$0.00,0,0,0
,Therapy-Family Therapy,,90849,,Encounter,0.00,0.00,$0.00,0,0,0
,Therapy-Family Therapy,,90849,HS,Encounter,0.00,0.00,$0.00,0,0,0
St. Joseph,,,,,,,,,,,
,Therapy-Group Therapy,,90853,,Encounter,104.00,"1,010.00","$122,220.00",1175,121,10
,Substance Abuse: Outpatient Treatment,"0900, 0906, 0914, 0915, 0916, 0919",90853,,Encounter,0.00,0.00,$0.00,0,0,0
,Therapy-Group Therapy,,90857,,Encounter,0.00,0.00,$0.00,0,0,0
,Substance Abuse: Outpatient Treatment,"0900, 0906, 0914, 0915, 0916, 0919",90857,,Encounter,0.00,0.00,$0.00,0,0,0
,Medication Review ,,90862,,Encounter,575.00,"2,005.00","$251,397.00",437,125,3
,Substance Abuse: Medication Review,"0900, 0914, 0915, 0916, 0919",90862,,Encounter,0.00,0.00,$0.00,0,0,0
,Additional Codes-ECT Physician,,90870,,Encounter,0.00,0.00,$0.00,0,0,0
,Additional Codes-ECT Physician,0901,90870,,Encounter,0.00,0.00,$0.00,0,0,0
,Assessments-Other,,90887,,Encounter,0.00,0.00,$0.00,0,0,0
,Speech & Language Therapy ,,92506,,Encounter,0.00,0.00,$0.00,0,0,0
,Speech & Language Therapy ,,92507,,Encounter,0.00,0.00,$0.00,0,0,0
,Speech & Language Therapy ,,92508,,Encounter,0.00,0.00,$0.00,0,0,0
,Speech & Language Therapy ,,92526,,Encounter,0.00,0.00,$0.00,0,0,0
,Speech & Language Therapy ,,92610,,Encounter,0.00,0.00,$0.00,0,0,0
,Evaluation of Auditory Rehabilitation Status (Children's Waiver),,92626,,First Hour,0.00,0.00,$0.00,0,0,0
,Evaluation of Auditory Rehabiliation Status (Children's Waiver),,92627,,Each Additional 15 Minutes,0.00,0.00,$0.00,0,0,0
,Auditory Rehabilitation Preling Hearing Loss (Children's Waiver),,92630,,Encounter,0.00,0.00,$0.00,0,0,0
,Auditory Rehabilitation; Post-Lingual Hearing Loss (Children's Waiver),,92633,,Encounter,0.00,0.00,$0.00,0,0,0
,Psychological Testing PSYCH/PHYS ,,96101,,Per Hour,1.00,1.00,$149.00,149,149,1
,Psychological Testing by Technician ,,96102,,Per Hour,0.00,0.00,$0.00,0,0,0
,Psychological Testing by Comp ,,96103,,Per Hour,0.00,0.00,$0.00,0,0,0
,Assessments-Other,,96105,,Encounter,0.00,0.00,$0.00,0,0,0
,Assessments-Other,,96110,,Encounter,0.00,0.00,$0.00,0,0,0
,Assessments-Other,,96111,,Encounter,0.00,0.00,$0.00,0,0,0
,Neurobehavioral Status Exam (Children's Waiver),,96116,,Per Hour,0.00,0.00,$0.00,0,0,0
,Neuropsych test by Psych/Phys ,,96118,,Per Hour,0.00,0.00,$0.00,0,0,0
,Neuropsych test by Tech ,,96119,,Per Hour,0.00,0.00,$0.00,0,0,0
,Neuropsych test Admin w/Comp ,,96120,,Per Hour,0.00,0.00,$0.00,0,0,0
,Medication Administration,,96372,,Encounter,0.00,0.00,$0.00,0,0,0
,Physical Therapy,,97001,,Encounter,0.00,0.00,$0.00,0,0,0
,Physical Therapy,,97002,,Encounter,0.00,0.00,$0.00,0,0,0
,Occupational Therapy,,97003,,Encounter,0.00,0.00,$0.00,0,0,0
,Occupational Therapy,,97004,,Encounter,0.00,0.00,$0.00,0,0,0
,Occupational or Physical Therapy,,97110,,15 Minutes,0.00,0.00,$0.00,0,0,0
,Occupational or Physical Therapy,,97112,,15 Minutes,0.00,0.00,$0.00,0,0,0
,Occupational or Physical Therapy,,97113,,15 Minutes,0.00,0.00,$0.00,0,0,0
,Occupational or Physical Therapy,,97116,,15 Minutes,0.00,0.00,$0.00,0,0,0
,Occupational or Physical Therapy,,97124,,15 Minutes,0.00,0.00,$0.00,0,0,0
,Occupational or Physical Therapy,,97140,,15 Minutes,0.00,0.00,$0.00,0,0,0
,Occupational or Physical Therapy,,97150,,Encounter,0.00,0.00,$0.00,0,0,0
,Occupational or Physical Therapy,,97530,,15 Minutes,0.00,0.00,$0.00,0,0,0
,Occupational or Physical Therapy,,97532,,15 Minutes,0.00,0.00,$0.00,0,0,0
,Occupational or Physical Therapy,,97533,,15 Minutes,0.00,0.00,$0.00,0,0,0
,Occupational or Physical Therapy,,97535,,15 Minutes,0.00,0.00,$0.00,0,0,0
,Occupational or Physical Therapy,,97537,,15 Minutes,0.00,0.00,$0.00,0,0,0
,Occupational or Physical Therapy,,97542,,15 Minutes,0.00,0.00,$0.00,0,0,0
,Occupational Therapy,,97703,,15 Minutes,0.00,0.00,$0.00,0,0,0
St. Joseph,,,,,,,,,,,
,Occupational Therapy,,97750,,15 Minutes,0.00,0.00,$0.00,0,0,0
,Occupational Therapy,,97755,,15 Minutes,0.00,0.00,$0.00,0,0,0
,Occupational Therapy,,97760,,15 Minutes,0.00,0.00,$0.00,0,0,0
,C/O for Orthotic/Prosth Use ,,97762,,15 minutes,0.00,0.00,$0.00,0,0,0
,Assessment or Health Services,,97802,,15 Minutes,0.00,0.00,$0.00,0,0,0
,Assessment or Health Services,,97803,,15 Minutes,0.00,0.00,$0.00,0,0,0
,Health Services,,97804,,30 Minutes,0.00,0.00,$0.00,0,0,0
,Additional Codes-Physician Services,,99201,,Encounter,0.00,0.00,$0.00,0,0,0
,Additional Codes-Physician Services,,99202,,Encounter,0.00,0.00,$0.00,0,0,0
,Additional Codes-Physician Services,,99203,,Encounter,0.00,0.00,$0.00,0,0,0
,Additional Codes-Physician Services,,99204,,Encounter,0.00,0.00,$0.00,0,0,0
,Additional Codes-Physician Services,,99205,,Encounter,0.00,0.00,$0.00,0,0,0
,Additional Codes-Physician Services  Medication Administration,,99211,,Encounter,32.00,321.00,"$20,006.00",625,62,10
,Additional Codes-Physician Services,,99212,,Encounter,0.00,0.00,$0.00,0,0,0
,Additional Codes-Physician Services,,99213,,Encounter,0.00,0.00,$0.00,0,0,0
,Additional Codes-Physician Services,,99214,,Encounter,0.00,0.00,$0.00,0,0,0
,Additional Codes-Physician Services,,99215,,Encounter,0.00,0.00,$0.00,0,0,0
,Additional Codes-Physician Services,,99221,,30 Minutes,1.00,1.00,$188.00,188,188,1
,Additional Codes-Physician Services,,99222,,50 Minutes,6.00,6.00,"$1,881.00",314,314,1
,Additional Codes-Physician Services,,99223,,70 Minutes,0.00,0.00,$0.00,0,0,0
,Additional Codes-Physician Services,,99231,,15 Minutes,7.00,48.00,"$4,451.00",636,93,7
,Additional Codes-Physician Services,,99232,,25 minutes,6.00,15.00,"$2,351.00",392,157,3
,Additional Codes-Physician Services,,99233,,35 Minutes,6.00,13.00,"$2,425.00",404,187,2
,Additional Codes-Physician Services,,99238,,30 Minutes or less,4.00,4.00,$752.00,188,188,1
,Additional Codes-Physician Services,,99241,,Encounter,0.00,0.00,$0.00,0,0,0
,Additional Codes-Physician Services,,99242,,Encounter,0.00,0.00,$0.00,0,0,0
,Additional Codes-Physician Services,,99243,,Encounter,0.00,0.00,$0.00,0,0,0
,Additional Codes-Physician Services,,99244,,Encounter,0.00,0.00,$0.00,0,0,0
,Additional Codes-Physician Services,,99245,,Encounter,0.00,0.00,$0.00,0,0,0
,Additional Codes-Physician Services,,99251,,Encounter,0.00,0.00,$0.00,0,0,0
,Additional Codes-Physician Services,,99252,,Encounter,0.00,0.00,$0.00,0,0,0
,Additional Codes-Physician Services,,99253,,Encounter,0.00,0.00,$0.00,0,0,0
,Additional Codes-Physician Services,,99254,,Encounter,0.00,0.00,$0.00,0,0,0
,Additional Codes-Physician Services,,99255,,Encounter,0.00,0.00,$0.00,0,0,0
,Additional Codes-Physician Services,,99261,,Encounter,0.00,0.00,$0.00,0,0,0
,Additional Codes-Physician Services,,99262,,Encounter,0.00,0.00,$0.00,0,0,0
,Additional Codes-Physician Services,,99263,,Encounter,0.00,0.00,$0.00,0,0,0
,Additional Codes-Physician Services,,99271,,Encounter,0.00,0.00,$0.00,0,0,0
,Additional Codes-Physician Services,,99272,,Encounter,0.00,0.00,$0.00,0,0,0
,Additional Codes-Physician Services,,99273,,Encounter,0.00,0.00,$0.00,0,0,0
,Additional Codes-Physician Services,,99274,,Encounter,0.00,0.00,$0.00,0,0,0
,Additional Codes-Physician Services,,99275,,Encounter,0.00,0.00,$0.00,0,0,0
,Medication Administration,,99605,,Encounter,0.00,0.00,$0.00,0,0,0
,Transportation,,A0080,,Per mile,0.00,0.00,$0.00,0,0,0
,Transportation,,A0090,,Per mile,0.00,0.00,$0.00,0,0,0
,Transportation,,A0100,,Per one-way trip,0.00,0.00,$0.00,0,0,0
,Transportation,,A0110,,Per one-way trip,0.00,0.00,$0.00,0,0,0
,Transportation,,A0120,,Per one-way trip,0.00,0.00,$0.00,0,0,0
,Transportation,,A0130,,Per one-way trip,0.00,0.00,$0.00,0,0,0
,Transportation,,A0140,,Per one-way trip,0.00,0.00,$0.00,0,0,0
St. Joseph,,,,,,,,,,,
,Transportation,,A0170,,,0.00,0.00,$0.00,0,0,0
,Additional Codes-Transportation,,A0425,,Per Mile,0.00,0.00,$0.00,0,0,0
,Additional Codes-Transportation,,A0427,,Refer to code descriptions.,0.00,0.00,$0.00,0,0,0
,Additional codes - Transportation,,A0428,,,0.00,0.00,$0.00,0,0,0
,Repair or Non-Routine Service for DME (Children's Waiver),,E1340,,15 Minutes,0.00,0.00,$0.00,0,0,0
,Enhanced Medical Equipment-Supplies,,E1399,,Items,0.00,0.00,$0.00,0,0,0
,Activity Therapy (Children's Waiver),,G0176,,Encounter,0.00,0.00,$0.00,0,0,0
,Family Training/Support EBP only,,G0177,,Encounter Session at least 45 min,2.00,25.00,"$1,942.00",971,78,13
,Substance Abuse: Individual Assessment,,H0001,,Encounter,0.00,0.00,$0.00,0,0,0
,Assessment ,,H0002,,Encounter,265.00,285.00,"$73,133.00",276,257,1
,Substance Abuse: Individual Assessment,,H0002,,Encounter,0.00,0.00,$0.00,0,0,0
,Substance Abuse:Laboratory,,H0003,,Encounter,0.00,0.00,$0.00,0,0,0
,Substance Abuse: Outpatient Treatment,"0900, 0906, 0914, 0915, 0916, 0919",H0004,,15 Minutes,0.00,0.00,$0.00,0,0,0
,Substance Abuse: Outpatient Treatment,"0900, 0906, 0914, 0915, 0916, 0919",H0005,,Encounter,0.00,0.00,$0.00,0,0,0
,Substance Abuse: Case Management,,H0006,,Encounter,0.00,0.00,$0.00,0,0,0
,Substance Abuse: Sub-Acute Detoxification,1002,H0010,,Days,0.00,0.00,$0.00,0,0,0
,Substance Abuse: Sub-Acute Detoxification,1002,H0012,,Days,0.00,0.00,$0.00,0,0,0
,Substance Abuse: Sub-Acute Detoxification,1002,H0014,,Days,0.00,0.00,$0.00,0,0,0
,Substance Abuse: Outpatient Care,"0900, 0906, 0914, 0915, 0916, 0919",H0015,,Days,0.00,0.00,$0.00,0,0,0
,Crisis Residential Services,,H0018,,Days,19.00,172.00,"$51,990.00",2736,302,9
,Substance Abuse: Residential,1002,H0018,,Days,0.00,0.00,$0.00,0,0,0
,Substance Abuse: Residential,1002,H0019,,Days,0.00,0.00,$0.00,0,0,0
,Substance Abuse: Methadone,,H0020,,Encounter,0.00,0.00,$0.00,0,0,0
,Substance Abuse: Early Intervention,,H0022,,Encounter,0.00,0.00,$0.00,0,0,0
,Peer Directed and Operated Support Services,,H0023,,Encounter,0.00,0.00,$0.00,0,0,0
,Prevention Services - Direct Model,,H0025,,Face to Face Contact,4.00,52.00,"$5,967.00",1492,115,13
,Crisis Intervention,,H0030,,Per Service,0.00,0.00,$0.00,0,0,0
,Assessment ,,H0031,,Encounter,266.00,407.00,"$123,687.00",465,304,2
,Substance Abuse: Assessment,,H0031,,Encounter,0.00,0.00,$0.00,0,0,0
,Treatment Planning,,H0032,,Encounter,321.00,343.00,"$36,012.00",112,105,1
,Monitoring of Treatment - Clinician,,H0032,TS,Encounter,0.00,0.00,$0.00,0,0,0
,Substance Abuse: Pharmalogical Support - Suboxane,,H0033,,Direct Observation Encounter,0.00,0.00,$0.00,0,0,0
,Health Services,,H0034,,15 Minutes,0.00,0.00,$0.00,0,0,0
,Home Based Services,,H0036,,15 Minutes,2.00,338.00,"$10,295.00",5148,30,169
,Home Based Services,,H0036,ST,15 Minutes,0.00,0.00,$0.00,0,0,0
,Community Psychiatric Supportive Treatment ,,H0037,,Per diem,0.00,0.00,$0.00,0,0,0
,Peer Directed and Operated Support Services,,H0038,,15 minutes,57.00,"1,238.00","$19,901.00",349,16,22
,Peer Directed and Operated Support Services,,NA,,,0.00,0.00,$0.00,0,0,0
,Assertive Community Treatment (ACT),,H0039,,15 Minutes,40.00,"13,304.00","$475,374.00",11884,36,333
,Community Living Supports in Independent living/own home,,H0043,,Per diem,4.00,"1,195.00","$148,828.00",37207,125,299
,Community Living Supports in Independent living/own home,,H0043,TT,Per diem,0.00,0.00,$0.00,0,0,0
,Respite,,H0045,,Days,0.00,0.00,$0.00,0,0,0
,Respite (Children's Waiver),,H0045,TD,Per Diem,0.00,0.00,$0.00,0,0,0
,Respite (Children's Waiver),,H0045,TE,Per Diem,0.00,0.00,$0.00,0,0,0
,Substance Abuse:Laboratory (cells now unlocked),,H0048,,Encounter,0.00,0.00,$0.00,0,0,0
,Substance Abuse: Individual Assessment,,H0049,,Encounter,0.00,0.00,$0.00,0,0,0
,Behavior Treatment Plan Review,,H2000,,Encounter,5.00,18.00,"$2,684.00",537,149,4
,Behavior Treatment Plan Review - Monitoring Activities,,H2000,TS,Encounter,0.00,0.00,$0.00,0,0,0
St. Joseph,,,,,,,,,,,
,Comprehensive Medication Services - EBP only,,H2010,,15 minutes,0.00,0.00,$0.00,0,0,0
,Crisis Intervention,,H2011,,15 Minutes,214.00,"1,384.00","$72,886.00",341,53,6
,Skill-Building and Out of Home Non Vocational Habilitation,,H2014,,15 minutes,12.00,"12,529.00","$33,776.00",2815,3,1044
,Skill-Building and Out of Home Non Vocational Habilitation,,H2014,TT,15 Minutes,0.00,0.00,$0.00,0,0,0
,Community Living Supports (15 Minutes),,H2015,,15 Minutes,26.00,"5,692.00","$20,014.00",770,4,219
,Community Living Supports (15 Minutes),,H2015,TT,15 Minutes,0.00,0.00,$0.00,0,0,0
,Community Living Supports (Daily),,H2016,,Per Diem,1.00,123.00,"$11,757.00",11757,96,123
,Community Living Supports (Daily),,H2016,TF,Per Diem,3.00,435.00,"$41,580.00",13860,96,145
,Community Living Supports (Daily),,H2016,TG,Per Diem,20.00,"5,747.00","$459,334.00",22967,80,287
,Behavior Services,,H2019,,15 Minutes,0.00,0.00,$0.00,0,0,0
,Behavior Services,,H2019,TT,15 Minutes,0.00,0.00,$0.00,0,0,0
,Crisis Intervention,,H2020,,Days,0.00,0.00,$0.00,0,0,0
,Wraparound,,H2021,,15 Minutes,0.00,0.00,$0.00,0,0,0
,Wraparound,,H2022,,Days,0.00,0.00,$0.00,0,0,0
,Supported Employment Services,,H2023,,15 minutes,0.00,0.00,$0.00,0,0,0
,Supported Employment Services,,H2023,TT,15 Minutes,2.00,172.00,"$1,359.00",680,8,86
,Mental Health Therapy,,H2027,,15 Minutes,0.00,0.00,$0.00,0,0,0
,Clubhouse Psychosocial Rehabilitation Programs ,,H2030,,15 Minutes,45.00,"84,050.00","$243,275.00",5406,3,1868
,Home Based Services,,H2033,,15 Minutes,0.00,0.00,$0.00,0,0,0
,Substance Abuse: Outpatient Care,"0900, 0906, 0914, 0915, 0916, 0919",H2035,,Hour,0.00,0.00,$0.00,0,0,0
,Substance Abuse: Outpatient Care,"0900, 0906, 0914, 0915, 0916, 0919",H2036,,Per Diem,0.00,0.00,$0.00,0,0,0
,Medication Review ,,M0064,,"Encounter Face-to-Face, generally less than 10 minutes",4.00,4.00,$502.00,126,126,1
,Transportation,,S0209,,Per Mile,0.00,0.00,$0.00,0,0,0
,Transportation,,S0215,,Per Mile,0.00,0.00,$0.00,0,0,0
,Family Training - EBP,,S5110,,15 Minutes,0.00,0.00,$0.00,0,0,0
,Family Training,,S5111,,Encounter,0.00,0.00,$0.00,0,0,0
,Family Training,,S5111,HA,Encounter,0.00,0.00,$0.00,0,0,0
,"Home Care Training, Non-Family (Children's Waiver)",,S5116,,Encounter,0.00,0.00,$0.00,0,0,0
,Chore Services,,S5120,,15 Minutes,0.00,0.00,$0.00,0,0,0
,Foster Care,,S5140,,Days,0.00,0.00,$0.00,0,0,0
,Foster Care,,S5145,,Days,0.00,0.00,$0.00,0,0,0
,Respite,,S5150,,15 Minutes,0.00,0.00,$0.00,0,0,0
,Respite,,S5151,,Per Diem,0.00,0.00,$0.00,0,0,0
,Personal Emergency Response System (PERS),,S5160,,Encounter,0.00,0.00,$0.00,0,0,0
,Personal Emergency Response System (PERS),,S5161,,Month,0.00,0.00,$0.00,0,0,0
,Environmental Modification ,,S5165,,Service,0.00,0.00,$0.00,0,0,0
,Enhanced Medical Equipment-Supplies,,S5199,,Items,0.00,0.00,$0.00,0,0,0
,Occupational or Physical Therapy,,S8990,,Encounter,0.00,0.00,$0.00,0,0,0
,Private Duty Nursing,0582,S9123,,Hour,0.00,0.00,$0.00,0,0,0
,Private Duty Nursing,,S9123,,Hour,0.00,0.00,$0.00,0,0,0
,Private Duty Nursing,,S9123,TT,Hour,0.00,0.00,$0.00,0,0,0
,Private Duty Nursing,0582,S9124,,Hour,0.00,0.00,$0.00,0,0,0
,Private Duty Nursing,,S9124,,Hour,0.00,0.00,$0.00,0,0,0
,Private Duty Nursing,,S9124,TT,Hour,0.00,0.00,$0.00,0,0,0
,Respite Care in the Home (RN) (Children's Waiver),,S9125,TD,Per Diem,0.00,0.00,$0.00,0,0,0
,Respite Care in the Home (LPN) (Children's Waiver),,S9125,TE,Per Diem,0.00,0.00,$0.00,0,0,0
,Health Services,,S9445,,Encounter,1.00,1.00,$39.00,39,39,1
,Health Services,,S9446,,Encounter,5.00,7.00,$273.00,55,39,1
St. Joseph,,,,,,,,,,,
,Health Services,,S9470,,Encounter,0.00,0.00,$0.00,0,0,0
,Intensive Crisis Stabilization-Enrolled Program,,S9484,,Hour,0.00,0.00,$0.00,0,0,0
,Reidential Room and Board,,S9976,,Days,4.00,"1,291.00","$3,219.00",805,2,323
,Private Duty Nursing,,T1000,,Up to 15 min,0.00,0.00,$0.00,0,0,0
,Private Duty Nursing,,T1000,TD,Up to 15 min,0.00,0.00,$0.00,0,0,0
,Private Duty Nursing,,T1000,TE,Up to 15 min,0.00,0.00,$0.00,0,0,0
,Assessment,,T1001,,Encounter,0.00,0.00,$0.00,0,0,0
,Health Services,,T1002,,Up to 15 min,575.00,"2,180.00","$85,696.00",149,39,4
,Respite Care,,T1005,,15 Minutes,0.00,0.00,$0.00,0,0,0
,Respite Care,,T1005,TD,15 Minutes,0.00,0.00,$0.00,0,0,0
,Respite Care,,T1005,TE,15 Minutes,0.00,0.00,$0.00,0,0,0
,Substance Abuse: Recovery Support Services,"0900, 0906, 0914, 0915, 0916, 0919",T1012,,Encounter,0.00,0.00,$0.00,0,0,0
,Family Psycho-Education - EBP,,T1015,,Encounter,0.00,0.00,$0.00,0,0,0
,Supports Coordination/Wrap Facilitation,,T1016,,15 minutes,2.00,34.00,"$1,267.00",634,37,17
,Targeted Case Management ,,T1017,,15 minutes,146.00,"10,114.00","$375,806.00",2574,37,69
,Nursing Home Mental Health Monitoring,,T1017,SE,15 minutes,4.00,31.00,"$1,152.00",288,37,8
,Personal Care in Licensed Specialized Residential Setting,,T1020,,Days,7.00,801.00,"$76,565.00",10938,96,114
,Personal Care in Licensed Specialized Residential Setting,,T1020,TF,Days,18.00,"3,582.00","$342,390.00",19022,96,199
,Personal Care in Licensed Specialized Residential Setting,,T1020,TG,Days,14.00,"1,903.00","$181,900.00",12993,96,136
,Assessments,,T1023,,Encounter,136.00,165.00,"$76,622.00",563,464,1
,Enhanced Medical Supplies or Pharmacy,,T1999,,Items,0.00,0.00,$0.00,0,0,0
,Transportation,,T2001,,Encounter,0.00,0.00,$0.00,0,0,0
,Transportation,,T2002,,Per Diem,0.00,0.00,$0.00,0,0,0
,Transportation,,T2003,,Encounter / Trip,0.00,0.00,$0.00,0,0,0
,Transportation,,T2004,,Encounter,0.00,0.00,$0.00,0,0,0
,Transportation,,T2005,,Encounter,0.00,0.00,$0.00,0,0,0
,Out of Home Prevocational Service,,T2015,,Hour,0.00,0.00,$0.00,0,0,0
,Targeted Case Management (Children's Waiver),,T2023,,Month,0.00,0.00,$0.00,0,0,0
,Fiscal Intermediary Services,,T2025,,Month,0.00,0.00,$0.00,0,0,0
,Enhanced Medical Equipment-Supplies,,T2028,,Items,0.00,0.00,$0.00,0,0,0
,Enhanced Medical Equipment-Supplies,,T2029,,Items,0.00,0.00,$0.00,0,0,0
,Crisis Intervention,,T2034,,Days,0.00,0.00,$0.00,0,0,0
,Respite Care,,T2036,,Encounter / Trip. Per session. One night = one session,0.00,0.00,$0.00,0,0,0
,Respite Care,,T2037,,Encounter / Trip  Per session. One day/partial day = one session,0.00,0.00,$0.00,0,0,0
,Housing Assistance,,T2038,,Month   Service,0.00,0.00,$0.00,0,0,0
,Enhanced Medical Equipment-Supplies,,T2039,,Items,0.00,0.00,$0.00,0,0,0
,Pharmacy (Drugs and Other Biologicals),,,,,0.00,0.00,$0.00,0,0,0
,Other,,,,,0.00,0.00,$0.00,0,0,0
,Aggregate for 'J' Codes,,ALL,,,0.00,0.00,$0.00,0,0,0
Summit Pointe,,,,,,,,,,,
,State Psychiatric Hospital - Inpatient PT22,"0100, 0101, 0114, 0124, 0134, 0154",,PT22,Days,14.00,"1,602.00","$602,608.00",43043,376,114
,State Mental Retardation Facility - Inpatient (ICF/MR) PT65,"0100, 0101, 0114, 0124, 0134, 0154",,PT65,Days,0.00,0.00,$0.00,0,0,0
,Local Psychiatric Hospital/IMD PT68,"0100, 0101, 0114, 0124, 0134, 0154",,PT68,Days,5.00,36.00,"$22,882.00",4576,636,7
,Local Psychiatric Hospital - Acute Community PT73,"0100, 0101, 0114, 0124, 0134, 0154",,PT73,Days,299.00,"2,417.00","$1,353,376.00",4526,560,8
,Inpatient Hospital Ancillary Services - Leave of Absence,0183,,,Days,0.00,0.00,$0.00,0,0,0
,Inpatient Hospital Ancillary Services - Pharmacy,"0250-0254, 0257-0258 ",,,,0.00,0.00,$0.00,0,0,0
,Inpatient Hospital Ancillary Services - Medical/Surgical Supplies and Devices,0270-0272,,,# of items,0.00,0.00,$0.00,0,0,0
,Inpatient Hospital Ancillary Services - Laboratory,"0300-0302, 0305-0307",,,# of tests,0.00,0.00,$0.00,0,0,0
,Inpatient Hospital Ancillary Services - Radiology,0320,,,# of tests,0.00,0.00,$0.00,0,0,0
,ECT Anesthesia,0370,,,,0.00,0.00,$0.00,0,0,0
,Inpatient Hospital Ancillary Services - Respiratory Services,0410,,,# of treatments,0.00,0.00,$0.00,0,0,0
,Inpatient Hospital Ancillary Services -Physical Therapy,0420-0424,,,# of treatments,0.00,0.00,$0.00,0,0,0
,Inpatient Hospital Ancillary Services - Occupational Therapy,0430-0434,,,# of treatments,0.00,0.00,$0.00,0,0,0
,Inpatient Hospital Ancillary Services - Speech-Language Pathology,0440-0444,,,# of treatments,0.00,0.00,$0.00,0,0,0
,Inpatient Hospital Ancillary Services - Emergency Room,0450,,,# of visits,0.00,0.00,$0.00,0,0,0
,Inpatient Hospital Ancillary Services - Pulmonary Function,0460,,,# of tests,0.00,0.00,$0.00,0,0,0
,Inpatient Hospital Ancillary Services - Audiology,0470-0472,,,# of tests,0.00,0.00,$0.00,0,0,0
,Inpatient Hospital Ancillary Services - Magnetic Resonance Technology (MRT),0610-0611,,,# of tests,0.00,0.00,$0.00,0,0,0
,Inpatient Hospital Ancillary Services - Pharmacy,0636,,,# of units,0.00,0.00,$0.00,0,0,0
,ECT Recovery Room,0701,,,,0.00,0.00,$0.00,0,0,0
,Inpatient Hospital Ancillary Services -EKG/ECG,0730-0731,,,# of tests,0.00,0.00,$0.00,0,0,0
,Inpatient Hospital Ancillary Services - EEG,0740,,,# of tests,0.00,0.00,$0.00,0,0,0
,Crisis Observation Care,0762,,,Hour,0.00,0.00,$0.00,0,0,0
,Additional Codes-ECT Facility Charge,0901,,,Encounter,4.00,34.00,"$15,417.00",3854,453,9
,Inpatient Hospital Ancillary Services - Psychiatric/Psychological Treatments/Services,"0900, 0902-0904, 0911, 0914-0919",,,# of visits,0.00,0.00,$0.00,0,0,0
,Outpatient Partial Hospitalization,0912,,,Days,6.00,34.00,"$9,537.00",1590,281,6
,Outpatient Partial Hospitalization,0913,,,Days,0.00,0.00,$0.00,0,0,0
,Inpatient Hospital Ancillary Services - Other Diagnosis Services,0925,,,# of tests,0.00,0.00,$0.00,0,0,0
,Inpatient Hospital Ancillary Services - Other Therapeutic Services,0940-0942,,,# of visits,0.00,0.00,$0.00,0,0,0
,Additional Codes-ECT Anesthesia,,00104,,Minutes,0.00,0.00,$0.00,0,0,0
,Drug Screen for Methadone Clients Only,,80100,,Per Screen,0.00,0.00,$0.00,0,0,0
,Drug Screen for Methadone Clients Only,,80101,,Per Screen,0.00,0.00,$0.00,0,0,0
,Alcohol Breath Test for Methadone Clients Only,,82075,,Per Test,0.00,0.00,$0.00,0,0,0
,Medication Administration,,90772,,Encounter,0.00,0.00,$0.00,0,0,0
,Assessment-Psychiatric Assessment,,90801,,Encounter,"1,062.00","1,128.00","$444,111.00",418,394,1
,Substance Abuse: Psychiatric Evaluation,,90801,,Encounter,0.00,0.00,$0.00,0,0,0
,Assessment-Psychiatric Assessment,,90802,,Encounter,0.00,0.00,$0.00,0,0,0
,Substance Abuse: Psychiatric Evaluation,,90802,,Encounter,0.00,0.00,$0.00,0,0,0
,Therapy-Individual Therapy,,90804,,Encounter 20-30 Min,655.00,"2,057.00","$345,522.00",528,168,3
,Substance Abuse: Outpatient Treatment,"0900, 0914, 0915, 0916, 0919",90804,,Encounter 20-30 Min,0.00,0.00,$0.00,0,0,0
Summit Pointe,,,,,,,,,,,
,Therapy-Individual Therapy,,90805,,Encounter 20-30 Min,0.00,0.00,$0.00,0,0,0
,Substance Abuse: Outpatient Treatment,"0900, 0914, 0915, 0916, 0919",90805,,Encounter 20-30 Min,0.00,0.00,$0.00,0,0,0
,Therapy-Individual Therapy,,90806,,Encounter 45-50 Min,"1,854.00","7,593.00","$2,189,858.00",1181,288,4
,Substance Abuse: Outpatient Treatment,"0900, 0914, 0915, 0916, 0919",90806,,Encounter 45-50 Min,0.00,0.00,$0.00,0,0,0
,Therapy-Individual Therapy,,90807,,Encounter 45-50 Min,0.00,0.00,$0.00,0,0,0
,Substance Abuse: Outpatient Treatment,"0900, 0914, 0915, 0916, 0919",90807,,Encounter 45-50 Min,0.00,0.00,$0.00,0,0,0
,Therapy-Individual Therapy,,90808,,Encounter 75-80 Min,37.00,55.00,"$19,327.00",522,351,1
,Substance Abuse: Outpatient Treatment,"0900, 0914, 0915, 0916, 0919",90808,,Encounter 75-80 Min,0.00,0.00,$0.00,0,0,0
,Therapy-Individual Therapy,,90809,,Encounter 75-80 Min,0.00,0.00,$0.00,0,0,0
,Substance Abuse: Outpatient Treatment,"0900, 0914, 0915, 0916, 0919",90809,,Encounter 75-80 Min,0.00,0.00,$0.00,0,0,0
,Therapy-Individual Therapy,,90810,,Encounter 20-30 Min,0.00,0.00,$0.00,0,0,0
,Substance Abuse: Outpatient Treatment,"0900, 0914, 0915, 0916, 0919",90810,,Encounter 20-30 Min,0.00,0.00,$0.00,0,0,0
,Therapy-Individual Therapy,,90811,,Encounter 20-30 Min,0.00,0.00,$0.00,0,0,0
,Substance Abuse: Outpatient Treatment,"0900, 0914, 0915, 0916, 0919",90811,,Encounter 20-30 Min,0.00,0.00,$0.00,0,0,0
,Therapy-Individual Therapy,,90812,,Encounter 45-50 Min,0.00,0.00,$0.00,0,0,0
,Substance Abuse: Outpatient Treatment,"0900, 0914, 0915, 0916, 0919",90812,,Encounter 45-50 Min,0.00,0.00,$0.00,0,0,0
,Therapy-Individual Therapy,,90813,,Encounter 45-50 Min,0.00,0.00,$0.00,0,0,0
,Substance Abuse: Outpatient Treatment,"0900, 0914, 0915, 0916, 0919",90813,,Encounter 45-50 Min,0.00,0.00,$0.00,0,0,0
,Therapy-Individual Therapy,,90814,,Encounter 75-80 Min,0.00,0.00,$0.00,0,0,0
,Substance Abuse: Outpatient Treatment,"0900, 0914, 0915, 0916, 0919",90814,,Encounter 75-80 Min,0.00,0.00,$0.00,0,0,0
,Therapy-Individual Therapy,,90815,,Encounter 75-80 Min,0.00,0.00,$0.00,0,0,0
,Substance Abuse: Outpatient Treatment,"0900, 0914, 0915, 0916, 0919",90815,,Encounter 75-80 Min,0.00,0.00,$0.00,0,0,0
,Therapy-Individual Therapy,,90816,,Encounter 20-30 Min,0.00,0.00,$0.00,0,0,0
,Therapy-Individual Therapy,,90817,,Encounter 20-30 Min,0.00,0.00,$0.00,0,0,0
,Therapy-Individual Therapy,,90818,,Encounter 45-50 Min,0.00,0.00,$0.00,0,0,0
,Therapy-Individual Therapy,,90819,,Encounter 45-50 Min,0.00,0.00,$0.00,0,0,0
,Therapy-Individual Therapy,,90821,,Encounter 75-80 Min,0.00,0.00,$0.00,0,0,0
,Therapy-Individual Therapy,,90822,,Encounter 75-80 Min,0.00,0.00,$0.00,0,0,0
,Therapy-Individual Therapy,,90823,,Encounter 20-30 Min,0.00,0.00,$0.00,0,0,0
,Therapy-Individual Therapy,,90824,,Encounter 20-30 Min,0.00,0.00,$0.00,0,0,0
,Therapy-Individual Therapy,,90826,,Encounter 45-50 Min,0.00,0.00,$0.00,0,0,0
,Substance Abuse: Psychotherapy (Individual Therapy),,90826,,Encounter 45-50 Min,0.00,0.00,$0.00,0,0,0
,Therapy-Individual Therapy,,90827,,Encounter 45-50 Min,0.00,0.00,$0.00,0,0,0
,Therapy-Individual Therapy,,90828,,Encounter 75-80 Min,0.00,0.00,$0.00,0,0,0
,Therapy-Individual Therapy,,90829,,Encounter 75-80 Min,0.00,0.00,$0.00,0,0,0
,Therapy-Family Therapy,,90846,,Encounter,1.00,1.00,$289.00,289,289,1
,Therapy-Family Therapy,,90847,,Encounter,22.00,79.00,"$22,865.00",1039,289,4
,Substance Abuse: Outpatient Treatment,"0900, 0906, 0914, 0915, 0916, 0919",90847,,Encounter,0.00,0.00,$0.00,0,0,0
,Therapy-Family Therapy,,90849,,Encounter,0.00,0.00,$0.00,0,0,0
,Therapy-Family Therapy,,90849,HS,Encounter,0.00,0.00,$0.00,0,0,0
Summit Pointe,,,,,,,,,,,
,Therapy-Group Therapy,,90853,,Encounter,260.00,"1,655.00","$296,532.00",1141,179,6
,Substance Abuse: Outpatient Treatment,"0900, 0906, 0914, 0915, 0916, 0919",90853,,Encounter,0.00,0.00,$0.00,0,0,0
,Therapy-Group Therapy,,90857,,Encounter,0.00,0.00,$0.00,0,0,0
,Substance Abuse: Outpatient Treatment,"0900, 0906, 0914, 0915, 0916, 0919",90857,,Encounter,0.00,0.00,$0.00,0,0,0
,Medication Review ,,90862,,Encounter,985.00,"2,007.00","$391,479.00",397,195,2
,Substance Abuse: Medication Review,"0900, 0914, 0915, 0916, 0919",90862,,Encounter,0.00,0.00,$0.00,0,0,0
,Additional Codes-ECT Physician,,90870,,Encounter,0.00,0.00,$0.00,0,0,0
,Additional Codes-ECT Physician,0901,90870,,Encounter,0.00,0.00,$0.00,0,0,0
,Assessments-Other,,90887,,Encounter,0.00,0.00,$0.00,0,0,0
,Speech & Language Therapy ,,92506,,Encounter,0.00,0.00,$0.00,0,0,0
,Speech & Language Therapy ,,92507,,Encounter,1.00,175.00,"$23,625.00",23625,135,175
,Speech & Language Therapy ,,92508,,Encounter,0.00,0.00,$0.00,0,0,0
,Speech & Language Therapy ,,92526,,Encounter,0.00,0.00,$0.00,0,0,0
,Speech & Language Therapy ,,92610,,Encounter,0.00,0.00,$0.00,0,0,0
,Evaluation of Auditory Rehabilitation Status (Children's Waiver),,92626,,First Hour,0.00,0.00,$0.00,0,0,0
,Evaluation of Auditory Rehabiliation Status (Children's Waiver),,92627,,Each Additional 15 Minutes,0.00,0.00,$0.00,0,0,0
,Auditory Rehabilitation Preling Hearing Loss (Children's Waiver),,92630,,Encounter,0.00,0.00,$0.00,0,0,0
,Auditory Rehabilitation; Post-Lingual Hearing Loss (Children's Waiver),,92633,,Encounter,0.00,0.00,$0.00,0,0,0
,Psychological Testing PSYCH/PHYS ,,96101,,Per Hour,0.00,0.00,$0.00,0,0,0
,Psychological Testing by Technician ,,96102,,Per Hour,1.00,2.00,$992.00,992,496,2
,Psychological Testing by Comp ,,96103,,Per Hour,0.00,0.00,$0.00,0,0,0
,Assessments-Other,,96105,,Encounter,0.00,0.00,$0.00,0,0,0
,Assessments-Other,,96110,,Encounter,0.00,0.00,$0.00,0,0,0
,Assessments-Other,,96111,,Encounter,0.00,0.00,$0.00,0,0,0
,Neurobehavioral Status Exam (Children's Waiver),,96116,,Per Hour,0.00,0.00,$0.00,0,0,0
,Neuropsych test by Psych/Phys ,,96118,,Per Hour,0.00,0.00,$0.00,0,0,0
,Neuropsych test by Tech ,,96119,,Per Hour,0.00,0.00,$0.00,0,0,0
,Neuropsych test Admin w/Comp ,,96120,,Per Hour,0.00,0.00,$0.00,0,0,0
,Medication Administration,,96372,,Encounter,0.00,0.00,$0.00,0,0,0
,Physical Therapy,,97001,,Encounter,0.00,0.00,$0.00,0,0,0
,Physical Therapy,,97002,,Encounter,0.00,0.00,$0.00,0,0,0
,Occupational Therapy,,97003,,Encounter,1.00,1.00,$213.00,213,213,1
,Occupational Therapy,,97004,,Encounter,0.00,0.00,$0.00,0,0,0
,Occupational or Physical Therapy,,97110,,15 Minutes,0.00,0.00,$0.00,0,0,0
,Occupational or Physical Therapy,,97112,,15 Minutes,0.00,0.00,$0.00,0,0,0
,Occupational or Physical Therapy,,97113,,15 Minutes,0.00,0.00,$0.00,0,0,0
,Occupational or Physical Therapy,,97116,,15 Minutes,0.00,0.00,$0.00,0,0,0
,Occupational or Physical Therapy,,97124,,15 Minutes,0.00,0.00,$0.00,0,0,0
,Occupational or Physical Therapy,,97140,,15 Minutes,0.00,0.00,$0.00,0,0,0
,Occupational or Physical Therapy,,97150,,Encounter,0.00,0.00,$0.00,0,0,0
,Occupational or Physical Therapy,,97530,,15 Minutes,1.00,"1,620.00","$54,675.00",54675,34,1620
,Occupational or Physical Therapy,,97532,,15 Minutes,0.00,0.00,$0.00,0,0,0
,Occupational or Physical Therapy,,97533,,15 Minutes,0.00,0.00,$0.00,0,0,0
,Occupational or Physical Therapy,,97535,,15 Minutes,0.00,0.00,$0.00,0,0,0
,Occupational or Physical Therapy,,97537,,15 Minutes,0.00,0.00,$0.00,0,0,0
,Occupational or Physical Therapy,,97542,,15 Minutes,0.00,0.00,$0.00,0,0,0
,Occupational Therapy,,97703,,15 Minutes,0.00,0.00,$0.00,0,0,0
Summit Pointe,,,,,,,,,,,
,Occupational Therapy,,97750,,15 Minutes,0.00,0.00,$0.00,0,0,0
,Occupational Therapy,,97755,,15 Minutes,0.00,0.00,$0.00,0,0,0
,Occupational Therapy,,97760,,15 Minutes,0.00,0.00,$0.00,0,0,0
,C/O for Orthotic/Prosth Use ,,97762,,15 minutes,0.00,0.00,$0.00,0,0,0
,Assessment or Health Services,,97802,,15 Minutes,0.00,0.00,$0.00,0,0,0
,Assessment or Health Services,,97803,,15 Minutes,0.00,0.00,$0.00,0,0,0
,Health Services,,97804,,30 Minutes,0.00,0.00,$0.00,0,0,0
,Additional Codes-Physician Services,,99201,,Encounter,1.00,1.00,$276.00,276,276,1
,Additional Codes-Physician Services,,99202,,Encounter,4.00,4.00,"$1,323.00",331,331,1
,Additional Codes-Physician Services,,99203,,Encounter,50.00,50.00,"$17,917.00",358,358,1
,Additional Codes-Physician Services,,99204,,Encounter,9.00,9.00,"$3,473.00",386,386,1
,Additional Codes-Physician Services,,99205,,Encounter,6.00,6.00,"$2,481.00",413,413,1
,Additional Codes-Physician Services  Medication Administration,,99211,,Encounter,117.00,"1,564.00","$215,491.00",1842,138,13
,Additional Codes-Physician Services,,99212,,Encounter,93.00,96.00,"$7,939.00",85,83,1
,Additional Codes-Physician Services,,99213,,Encounter,956.00,"1,484.00","$143,173.00",150,96,2
,Additional Codes-Physician Services,,99214,,Encounter,115.00,124.00,"$18,799.00",163,152,1
,Additional Codes-Physician Services,,99215,,Encounter,1.00,1.00,$193.00,193,193,1
,Additional Codes-Physician Services,,99221,,30 Minutes,135.00,187.00,"$59,279.00",439,317,1
,Additional Codes-Physician Services,,99222,,50 Minutes,109.00,110.00,"$54,579.00",501,496,1
,Additional Codes-Physician Services,,99223,,70 Minutes,7.00,7.00,"$4,824.00",689,689,1
,Additional Codes-Physician Services,,99231,,15 Minutes,199.00,"1,625.00","$246,364.00",1238,152,8
,Additional Codes-Physician Services,,99232,,25 minutes,201.00,683.00,"$155,323.00",773,227,3
,Additional Codes-Physician Services,,99233,,35 Minutes,36.00,48.00,"$14,554.00",404,303,1
,Additional Codes-Physician Services,,99238,,30 Minutes or less,228.00,302.00,"$74,922.00",329,248,1
,Additional Codes-Physician Services,,99241,,Encounter,0.00,0.00,$0.00,0,0,0
,Additional Codes-Physician Services,,99242,,Encounter,0.00,0.00,$0.00,0,0,0
,Additional Codes-Physician Services,,99243,,Encounter,0.00,0.00,$0.00,0,0,0
,Additional Codes-Physician Services,,99244,,Encounter,0.00,0.00,$0.00,0,0,0
,Additional Codes-Physician Services,,99245,,Encounter,0.00,0.00,$0.00,0,0,0
,Additional Codes-Physician Services,,99251,,Encounter,0.00,0.00,$0.00,0,0,0
,Additional Codes-Physician Services,,99252,,Encounter,64.00,69.00,"$29,481.00",461,427,1
,Additional Codes-Physician Services,,99253,,Encounter,92.00,100.00,"$54,178.00",589,542,1
,Additional Codes-Physician Services,,99254,,Encounter,1.00,1.00,$675.00,675,675,1
,Additional Codes-Physician Services,,99255,,Encounter,0.00,0.00,$0.00,0,0,0
,Additional Codes-Physician Services,,99261,,Encounter,0.00,0.00,$0.00,0,0,0
,Additional Codes-Physician Services,,99262,,Encounter,0.00,0.00,$0.00,0,0,0
,Additional Codes-Physician Services,,99263,,Encounter,0.00,0.00,$0.00,0,0,0
,Additional Codes-Physician Services,,99271,,Encounter,0.00,0.00,$0.00,0,0,0
,Additional Codes-Physician Services,,99272,,Encounter,0.00,0.00,$0.00,0,0,0
,Additional Codes-Physician Services,,99273,,Encounter,0.00,0.00,$0.00,0,0,0
,Additional Codes-Physician Services,,99274,,Encounter,0.00,0.00,$0.00,0,0,0
,Additional Codes-Physician Services,,99275,,Encounter,0.00,0.00,$0.00,0,0,0
,Medication Administration,,99605,,Encounter,0.00,0.00,$0.00,0,0,0
,Transportation,,A0080,,Per mile,0.00,0.00,$0.00,0,0,0
,Transportation,,A0090,,Per mile,0.00,0.00,$0.00,0,0,0
,Transportation,,A0100,,Per one-way trip,0.00,0.00,$0.00,0,0,0
,Transportation,,A0110,,Per one-way trip,0.00,0.00,$0.00,0,0,0
,Transportation,,A0120,,Per one-way trip,0.00,0.00,$0.00,0,0,0
,Transportation,,A0130,,Per one-way trip,0.00,0.00,$0.00,0,0,0
,Transportation,,A0140,,Per one-way trip,0.00,0.00,$0.00,0,0,0
Summit Pointe,,,,,,,,,,,
,Transportation,,A0170,,,0.00,0.00,$0.00,0,0,0
,Additional Codes-Transportation,,A0425,,Per Mile,0.00,0.00,$0.00,0,0,0
,Additional Codes-Transportation,,A0427,,Refer to code descriptions.,19.00,23.00,"$9,615.00",506,418,1
,Additional codes - Transportation,,A0428,,,0.00,0.00,$0.00,0,0,0
,Repair or Non-Routine Service for DME (Children's Waiver),,E1340,,15 Minutes,0.00,0.00,$0.00,0,0,0
,Enhanced Medical Equipment-Supplies,,E1399,,Items,0.00,0.00,$0.00,0,0,0
,Activity Therapy (Children's Waiver),,G0176,,Encounter,0.00,0.00,$0.00,0,0,0
,Family Training/Support EBP only,,G0177,,Encounter Session at least 45 min,6.00,71.00,"$84,853.00",14142,1195,12
,Substance Abuse: Individual Assessment,,H0001,,Encounter,0.00,0.00,$0.00,0,0,0
,Assessment ,,H0002,,Encounter,91.00,93.00,"$29,268.00",322,315,1
,Substance Abuse: Individual Assessment,,H0002,,Encounter,0.00,0.00,$0.00,0,0,0
,Substance Abuse:Laboratory,,H0003,,Encounter,0.00,0.00,$0.00,0,0,0
,Substance Abuse: Outpatient Treatment,"0900, 0906, 0914, 0915, 0916, 0919",H0004,,15 Minutes,0.00,0.00,$0.00,0,0,0
,Substance Abuse: Outpatient Treatment,"0900, 0906, 0914, 0915, 0916, 0919",H0005,,Encounter,0.00,0.00,$0.00,0,0,0
,Substance Abuse: Case Management,,H0006,,Encounter,0.00,0.00,$0.00,0,0,0
,Substance Abuse: Sub-Acute Detoxification,1002,H0010,,Days,0.00,0.00,$0.00,0,0,0
,Substance Abuse: Sub-Acute Detoxification,1002,H0012,,Days,0.00,0.00,$0.00,0,0,0
,Substance Abuse: Sub-Acute Detoxification,1002,H0014,,Days,0.00,0.00,$0.00,0,0,0
,Substance Abuse: Outpatient Care,"0900, 0906, 0914, 0915, 0916, 0919",H0015,,Days,0.00,0.00,$0.00,0,0,0
,Crisis Residential Services,,H0018,,Days,40.00,253.00,"$70,935.00",1773,280,6
,Substance Abuse: Residential,1002,H0018,,Days,0.00,0.00,$0.00,0,0,0
,Substance Abuse: Residential,1002,H0019,,Days,0.00,0.00,$0.00,0,0,0
,Substance Abuse: Methadone,,H0020,,Encounter,0.00,0.00,$0.00,0,0,0
,Substance Abuse: Early Intervention,,H0022,,Encounter,0.00,0.00,$0.00,0,0,0
,Peer Directed and Operated Support Services,,H0023,,Encounter,0.00,0.00,$0.00,0,0,0
,Prevention Services - Direct Model,,H0025,,Face to Face Contact,0.00,0.00,$0.00,0,0,0
,Crisis Intervention,,H0030,,Per Service,0.00,0.00,$0.00,0,0,0
,Assessment ,,H0031,,Encounter,546.00,552.00,"$213,023.00",390,386,1
,Substance Abuse: Assessment,,H0031,,Encounter,0.00,0.00,$0.00,0,0,0
,Treatment Planning,,H0032,,Encounter,0.00,0.00,$0.00,0,0,0
,Monitoring of Treatment - Clinician,,H0032,TS,Encounter,0.00,0.00,$0.00,0,0,0
,Substance Abuse: Pharmalogical Support - Suboxane,,H0033,,Direct Observation Encounter,0.00,0.00,$0.00,0,0,0
,Health Services,,H0034,,15 Minutes,0.00,0.00,$0.00,0,0,0
,Home Based Services,,H0036,,15 Minutes,27.00,"3,623.00","$113,807.00",4215,31,134
,Home Based Services,,H0036,ST,15 Minutes,0.00,0.00,$0.00,0,0,0
,Community Psychiatric Supportive Treatment ,,H0037,,Per diem,0.00,0.00,$0.00,0,0,0
,Peer Directed and Operated Support Services,,H0038,,15 minutes,54.00,"2,783.00","$17,269.00",320,6,52
,Peer Directed and Operated Support Services,,NA,,,0.00,0.00,"$395,142.00",0,0,0
,Assertive Community Treatment (ACT),,H0039,,15 Minutes,84.00,"17,769.00","$2,276,148.00",27097,128,212
,Community Living Supports in Independent living/own home,,H0043,,Per diem,0.00,0.00,$0.00,0,0,0
,Community Living Supports in Independent living/own home,,H0043,TT,Per diem,0.00,0.00,$0.00,0,0,0
,Respite,,H0045,,Days,0.00,0.00,$0.00,0,0,0
,Respite (Children's Waiver),,H0045,TD,Per Diem,0.00,0.00,$0.00,0,0,0
,Respite (Children's Waiver),,H0045,TE,Per Diem,0.00,0.00,$0.00,0,0,0
,Substance Abuse:Laboratory (cells now unlocked),,H0048,,Encounter,0.00,0.00,$0.00,0,0,0
,Substance Abuse: Individual Assessment,,H0049,,Encounter,0.00,0.00,$0.00,0,0,0
,Behavior Treatment Plan Review,,H2000,,Encounter,0.00,0.00,$0.00,0,0,0
,Behavior Treatment Plan Review - Monitoring Activities,,H2000,TS,Encounter,0.00,0.00,$0.00,0,0,0
Summit Pointe,,,,,,,,,,,
,Comprehensive Medication Services - EBP only,,H2010,,15 minutes,0.00,0.00,$0.00,0,0,0
,Crisis Intervention,,H2011,,15 Minutes,81.00,328.00,"$53,697.00",663,164,4
,Skill-Building and Out of Home Non Vocational Habilitation,,H2014,,15 minutes,0.00,0.00,$0.00,0,0,0
,Skill-Building and Out of Home Non Vocational Habilitation,,H2014,TT,15 Minutes,4.00,164.00,"$2,274.00",568,14,41
,Community Living Supports (15 Minutes),,H2015,,15 Minutes,89.00,"29,851.00","$351,930.00",3954,12,335
,Community Living Supports (15 Minutes),,H2015,TT,15 Minutes,89.00,"43,118.00","$266,657.00",2996,6,484
,Community Living Supports (Daily),,H2016,,Per Diem,1.00,31.00,$801.00,801,26,31
,Community Living Supports (Daily),,H2016,TF,Per Diem,5.00,"1,230.00","$61,002.00",12200,50,246
,Community Living Supports (Daily),,H2016,TG,Per Diem,28.00,"6,059.00","$793,828.00",28351,131,216
,Behavior Services,,H2019,,15 Minutes,0.00,0.00,$0.00,0,0,0
,Behavior Services,,H2019,TT,15 Minutes,0.00,0.00,$0.00,0,0,0
,Crisis Intervention,,H2020,,Days,0.00,0.00,$0.00,0,0,0
,Wraparound,,H2021,,15 Minutes,0.00,0.00,$0.00,0,0,0
,Wraparound,,H2022,,Days,0.00,0.00,$0.00,0,0,0
,Supported Employment Services,,H2023,,15 minutes,37.00,"6,485.00","$143,008.00",3865,22,175
,Supported Employment Services,,H2023,TT,15 Minutes,0.00,0.00,$0.00,0,0,0
,Mental Health Therapy,,H2027,,15 Minutes,0.00,0.00,$0.00,0,0,0
,Clubhouse Psychosocial Rehabilitation Programs ,,H2030,,15 Minutes,0.00,0.00,$0.00,0,0,0
,Home Based Services,,H2033,,15 Minutes,0.00,0.00,$0.00,0,0,0
,Substance Abuse: Outpatient Care,"0900, 0906, 0914, 0915, 0916, 0919",H2035,,Hour,0.00,0.00,$0.00,0,0,0
,Substance Abuse: Outpatient Care,"0900, 0906, 0914, 0915, 0916, 0919",H2036,,Per Diem,0.00,0.00,$0.00,0,0,0
,Medication Review ,,M0064,,"Encounter Face-to-Face, generally less than 10 minutes",712.00,"1,023.00","$155,095.00",218,152,1
,Transportation,,S0209,,Per Mile,0.00,0.00,$0.00,0,0,0
,Transportation,,S0215,,Per Mile,0.00,0.00,$0.00,0,0,0
,Family Training - EBP,,S5110,,15 Minutes,0.00,0.00,$0.00,0,0,0
,Family Training,,S5111,,Encounter,0.00,0.00,$0.00,0,0,0
,Family Training,,S5111,HA,Encounter,0.00,0.00,$0.00,0,0,0
,"Home Care Training, Non-Family (Children's Waiver)",,S5116,,Encounter,0.00,0.00,$0.00,0,0,0
,Chore Services,,S5120,,15 Minutes,0.00,0.00,$0.00,0,0,0
,Foster Care,,S5140,,Days,0.00,0.00,$0.00,0,0,0
,Foster Care,,S5145,,Days,0.00,0.00,$0.00,0,0,0
,Respite,,S5150,,15 Minutes,0.00,0.00,$0.00,0,0,0
,Respite,,S5151,,Per Diem,0.00,0.00,$0.00,0,0,0
,Personal Emergency Response System (PERS),,S5160,,Encounter,0.00,0.00,$0.00,0,0,0
,Personal Emergency Response System (PERS),,S5161,,Month,0.00,0.00,$0.00,0,0,0
,Environmental Modification ,,S5165,,Service,0.00,0.00,$0.00,0,0,0
,Enhanced Medical Equipment-Supplies,,S5199,,Items,1.00,1.00,$31.00,31,31,1
,Occupational or Physical Therapy,,S8990,,Encounter,0.00,0.00,$0.00,0,0,0
,Private Duty Nursing,0582,S9123,,Hour,0.00,0.00,$0.00,0,0,0
,Private Duty Nursing,,S9123,,Hour,0.00,0.00,$0.00,0,0,0
,Private Duty Nursing,,S9123,TT,Hour,0.00,0.00,$0.00,0,0,0
,Private Duty Nursing,0582,S9124,,Hour,0.00,0.00,$0.00,0,0,0
,Private Duty Nursing,,S9124,,Hour,0.00,0.00,$0.00,0,0,0
,Private Duty Nursing,,S9124,TT,Hour,0.00,0.00,$0.00,0,0,0
,Respite Care in the Home (RN) (Children's Waiver),,S9125,TD,Per Diem,0.00,0.00,$0.00,0,0,0
,Respite Care in the Home (LPN) (Children's Waiver),,S9125,TE,Per Diem,0.00,0.00,$0.00,0,0,0
,Health Services,,S9445,,Encounter,0.00,0.00,$0.00,0,0,0
,Health Services,,S9446,,Encounter,0.00,0.00,$0.00,0,0,0
Summit Pointe,,,,,,,,,,,
,Health Services,,S9470,,Encounter,0.00,0.00,$0.00,0,0,0
,Intensive Crisis Stabilization-Enrolled Program,,S9484,,Hour,0.00,0.00,$0.00,0,0,0
,Reidential Room and Board,,S9976,,Days,0.00,0.00,$0.00,0,0,0
,Private Duty Nursing,,T1000,,Up to 15 min,0.00,0.00,$0.00,0,0,0
,Private Duty Nursing,,T1000,TD,Up to 15 min,0.00,0.00,$0.00,0,0,0
,Private Duty Nursing,,T1000,TE,Up to 15 min,0.00,0.00,$0.00,0,0,0
,Assessment,,T1001,,Encounter,0.00,0.00,$0.00,0,0,0
,Health Services,,T1002,,Up to 15 min,1.00,2.00,$120.00,120,60,2
,Respite Care,,T1005,,15 Minutes,3.00,"3,007.00","$5,563.00",1854,2,1002
,Respite Care,,T1005,TD,15 Minutes,0.00,0.00,$0.00,0,0,0
,Respite Care,,T1005,TE,15 Minutes,0.00,0.00,$0.00,0,0,0
,Substance Abuse: Recovery Support Services,"0900, 0906, 0914, 0915, 0916, 0919",T1012,,Encounter,0.00,0.00,$0.00,0,0,0
,Family Psycho-Education - EBP,,T1015,,Encounter,2.00,6.00,"$6,374.00",3187,1062,3
,Supports Coordination/Wrap Facilitation,,T1016,,15 minutes,73.00,"1,566.00","$343,422.00",4704,219,21
,Targeted Case Management ,,T1017,,15 minutes,580.00,"15,750.00","$2,071,448.00",3571,132,27
,Nursing Home Mental Health Monitoring,,T1017,SE,15 minutes,29.00,241.00,"$36,538.00",1260,152,8
,Personal Care in Licensed Specialized Residential Setting,,T1020,,Days,25.00,"5,587.00","$84,196.00",3368,15,223
,Personal Care in Licensed Specialized Residential Setting,,T1020,TF,Days,4.00,"1,313.00","$57,475.00",14369,44,328
,Personal Care in Licensed Specialized Residential Setting,,T1020,TG,Days,3.00,438.00,"$87,431.00",29144,200,146
,Assessments,,T1023,,Encounter,268.00,357.00,"$456,864.00",1705,1280,1
,Enhanced Medical Supplies or Pharmacy,,T1999,,Items,0.00,0.00,$0.00,0,0,0
,Transportation,,T2001,,Encounter,0.00,0.00,$0.00,0,0,0
,Transportation,,T2002,,Per Diem,0.00,0.00,$0.00,0,0,0
,Transportation,,T2003,,Encounter / Trip,28.00,31.00,"$2,003.00",72,65,1
,Transportation,,T2004,,Encounter,0.00,0.00,$0.00,0,0,0
,Transportation,,T2005,,Encounter,0.00,0.00,$0.00,0,0,0
,Out of Home Prevocational Service,,T2015,,Hour,0.00,0.00,$0.00,0,0,0
,Targeted Case Management (Children's Waiver),,T2023,,Month,0.00,0.00,$0.00,0,0,0
,Fiscal Intermediary Services,,T2025,,Month,0.00,0.00,$0.00,0,0,0
,Enhanced Medical Equipment-Supplies,,T2028,,Items,0.00,0.00,$0.00,0,0,0
,Enhanced Medical Equipment-Supplies,,T2029,,Items,0.00,0.00,$0.00,0,0,0
,Crisis Intervention,,T2034,,Days,0.00,0.00,$0.00,0,0,0
,Respite Care,,T2036,,Encounter / Trip. Per session. One night = one session,0.00,0.00,$0.00,0,0,0
,Respite Care,,T2037,,Encounter / Trip  Per session. One day/partial day = one session,0.00,0.00,$0.00,0,0,0
,Housing Assistance,,T2038,,Month   Service,0.00,0.00,$0.00,0,0,0
,Enhanced Medical Equipment-Supplies,,T2039,,Items,0.00,0.00,$0.00,0,0,0
,Pharmacy (Drugs and Other Biologicals),,,,,0.00,0.00,$0.00,0,0,0
,Other,,,,,0.00,0.00,$0.00,0,0,0
,Aggregate for 'J' Codes,,ALL,,,0.00,0.00,$0.00,0,0,0
Tuscola,,,,,,,,,,,
,State Psychiatric Hospital - Inpatient PT22,"0100, 0101, 0114, 0124, 0134, 0154",,PT22,Days,2.00,730.00,"$317,563.00",158781,435,365
,State Mental Retardation Facility - Inpatient (ICF/MR) PT65,"0100, 0101, 0114, 0124, 0134, 0154",,PT65,Days,0.00,0.00,$0.00,0,0,0
,Local Psychiatric Hospital/IMD PT68,"0100, 0101, 0114, 0124, 0134, 0154",,PT68,Days,1.00,14.00,"$12,497.00",12497,893,14
,Local Psychiatric Hospital - Acute Community PT73,"0100, 0101, 0114, 0124, 0134, 0154",,PT73,Days,92.00,746.00,"$485,037.00",5272,650,8
,Inpatient Hospital Ancillary Services - Leave of Absence,0183,,,Days,0.00,0.00,$0.00,0,0,0
,Inpatient Hospital Ancillary Services - Pharmacy,"0250-0254, 0257-0258 ",,,,0.00,0.00,$0.00,0,0,0
,Inpatient Hospital Ancillary Services - Medical/Surgical Supplies and Devices,0270-0272,,,# of items,0.00,0.00,$0.00,0,0,0
,Inpatient Hospital Ancillary Services - Laboratory,"0300-0302, 0305-0307",,,# of tests,0.00,0.00,$0.00,0,0,0
,Inpatient Hospital Ancillary Services - Radiology,0320,,,# of tests,0.00,0.00,$0.00,0,0,0
,ECT Anesthesia,0370,,,,0.00,0.00,$0.00,0,0,0
,Inpatient Hospital Ancillary Services - Respiratory Services,0410,,,# of treatments,0.00,0.00,$0.00,0,0,0
,Inpatient Hospital Ancillary Services -Physical Therapy,0420-0424,,,# of treatments,0.00,0.00,$0.00,0,0,0
,Inpatient Hospital Ancillary Services - Occupational Therapy,0430-0434,,,# of treatments,0.00,0.00,$0.00,0,0,0
,Inpatient Hospital Ancillary Services - Speech-Language Pathology,0440-0444,,,# of treatments,0.00,0.00,$0.00,0,0,0
,Inpatient Hospital Ancillary Services - Emergency Room,0450,,,# of visits,0.00,0.00,$0.00,0,0,0
,Inpatient Hospital Ancillary Services - Pulmonary Function,0460,,,# of tests,0.00,0.00,$0.00,0,0,0
,Inpatient Hospital Ancillary Services - Audiology,0470-0472,,,# of tests,0.00,0.00,$0.00,0,0,0
,Inpatient Hospital Ancillary Services - Magnetic Resonance Technology (MRT),0610-0611,,,# of tests,0.00,0.00,$0.00,0,0,0
,Inpatient Hospital Ancillary Services - Pharmacy,0636,,,# of units,0.00,0.00,$0.00,0,0,0
,ECT Recovery Room,0701,,,,0.00,0.00,$0.00,0,0,0
,Inpatient Hospital Ancillary Services -EKG/ECG,0730-0731,,,# of tests,0.00,0.00,$0.00,0,0,0
,Inpatient Hospital Ancillary Services - EEG,0740,,,# of tests,0.00,0.00,$0.00,0,0,0
,Crisis Observation Care,0762,,,Hour,0.00,0.00,$0.00,0,0,0
,Additional Codes-ECT Facility Charge,0901,,,Encounter,0.00,0.00,$0.00,0,0,0
,Inpatient Hospital Ancillary Services - Psychiatric/Psychological Treatments/Services,"0900, 0902-0904, 0911, 0914-0919",,,# of visits,0.00,0.00,$0.00,0,0,0
,Outpatient Partial Hospitalization,0912,,,Days,0.00,0.00,$0.00,0,0,0
,Outpatient Partial Hospitalization,0913,,,Days,0.00,0.00,$0.00,0,0,0
,Inpatient Hospital Ancillary Services - Other Diagnosis Services,0925,,,# of tests,0.00,0.00,$0.00,0,0,0
,Inpatient Hospital Ancillary Services - Other Therapeutic Services,0940-0942,,,# of visits,0.00,0.00,$0.00,0,0,0
,Additional Codes-ECT Anesthesia,,00104,,Minutes,0.00,0.00,$0.00,0,0,0
,Drug Screen for Methadone Clients Only,,80100,,Per Screen,0.00,0.00,$0.00,0,0,0
,Drug Screen for Methadone Clients Only,,80101,,Per Screen,0.00,0.00,$0.00,0,0,0
,Alcohol Breath Test for Methadone Clients Only,,82075,,Per Test,0.00,0.00,$0.00,0,0,0
,Medication Administration,,90772,,Encounter,17.00,78.00,"$2,172.00",128,28,5
,Assessment-Psychiatric Assessment,,90801,,Encounter,254.00,261.00,"$92,555.00",364,355,1
,Substance Abuse: Psychiatric Evaluation,,90801,,Encounter,0.00,0.00,$0.00,0,0,0
,Assessment-Psychiatric Assessment,,90802,,Encounter,0.00,0.00,$0.00,0,0,0
,Substance Abuse: Psychiatric Evaluation,,90802,,Encounter,0.00,0.00,$0.00,0,0,0
,Therapy-Individual Therapy,,90804,,Encounter 20-30 Min,69.00,102.00,"$6,062.00",88,59,1
,Substance Abuse: Outpatient Treatment,"0900, 0914, 0915, 0916, 0919",90804,,Encounter 20-30 Min,0.00,0.00,$0.00,0,0,0
Tuscola,,,,,,,,,,,
,Therapy-Individual Therapy,,90805,,Encounter 20-30 Min,0.00,0.00,$0.00,0,0,0
,Substance Abuse: Outpatient Treatment,"0900, 0914, 0915, 0916, 0919",90805,,Encounter 20-30 Min,0.00,0.00,$0.00,0,0,0
,Therapy-Individual Therapy,,90806,,Encounter 45-50 Min,410.00,"2,616.00","$253,813.00",619,97,6
,Substance Abuse: Outpatient Treatment,"0900, 0914, 0915, 0916, 0919",90806,,Encounter 45-50 Min,0.00,0.00,$0.00,0,0,0
,Therapy-Individual Therapy,,90807,,Encounter 45-50 Min,0.00,0.00,$0.00,0,0,0
,Substance Abuse: Outpatient Treatment,"0900, 0914, 0915, 0916, 0919",90807,,Encounter 45-50 Min,0.00,0.00,$0.00,0,0,0
,Therapy-Individual Therapy,,90808,,Encounter 75-80 Min,25.00,42.00,"$5,143.00",206,122,2
,Substance Abuse: Outpatient Treatment,"0900, 0914, 0915, 0916, 0919",90808,,Encounter 75-80 Min,0.00,0.00,$0.00,0,0,0
,Therapy-Individual Therapy,,90809,,Encounter 75-80 Min,0.00,0.00,$0.00,0,0,0
,Substance Abuse: Outpatient Treatment,"0900, 0914, 0915, 0916, 0919",90809,,Encounter 75-80 Min,0.00,0.00,$0.00,0,0,0
,Therapy-Individual Therapy,,90810,,Encounter 20-30 Min,0.00,0.00,$0.00,0,0,0
,Substance Abuse: Outpatient Treatment,"0900, 0914, 0915, 0916, 0919",90810,,Encounter 20-30 Min,0.00,0.00,$0.00,0,0,0
,Therapy-Individual Therapy,,90811,,Encounter 20-30 Min,0.00,0.00,$0.00,0,0,0
,Substance Abuse: Outpatient Treatment,"0900, 0914, 0915, 0916, 0919",90811,,Encounter 20-30 Min,0.00,0.00,$0.00,0,0,0
,Therapy-Individual Therapy,,90812,,Encounter 45-50 Min,0.00,0.00,$0.00,0,0,0
,Substance Abuse: Outpatient Treatment,"0900, 0914, 0915, 0916, 0919",90812,,Encounter 45-50 Min,0.00,0.00,$0.00,0,0,0
,Therapy-Individual Therapy,,90813,,Encounter 45-50 Min,0.00,0.00,$0.00,0,0,0
,Substance Abuse: Outpatient Treatment,"0900, 0914, 0915, 0916, 0919",90813,,Encounter 45-50 Min,0.00,0.00,$0.00,0,0,0
,Therapy-Individual Therapy,,90814,,Encounter 75-80 Min,0.00,0.00,$0.00,0,0,0
,Substance Abuse: Outpatient Treatment,"0900, 0914, 0915, 0916, 0919",90814,,Encounter 75-80 Min,0.00,0.00,$0.00,0,0,0
,Therapy-Individual Therapy,,90815,,Encounter 75-80 Min,0.00,0.00,$0.00,0,0,0
,Substance Abuse: Outpatient Treatment,"0900, 0914, 0915, 0916, 0919",90815,,Encounter 75-80 Min,0.00,0.00,$0.00,0,0,0
,Therapy-Individual Therapy,,90816,,Encounter 20-30 Min,0.00,0.00,$0.00,0,0,0
,Therapy-Individual Therapy,,90817,,Encounter 20-30 Min,0.00,0.00,$0.00,0,0,0
,Therapy-Individual Therapy,,90818,,Encounter 45-50 Min,0.00,0.00,$0.00,0,0,0
,Therapy-Individual Therapy,,90819,,Encounter 45-50 Min,0.00,0.00,$0.00,0,0,0
,Therapy-Individual Therapy,,90821,,Encounter 75-80 Min,0.00,0.00,$0.00,0,0,0
,Therapy-Individual Therapy,,90822,,Encounter 75-80 Min,0.00,0.00,$0.00,0,0,0
,Therapy-Individual Therapy,,90823,,Encounter 20-30 Min,0.00,0.00,$0.00,0,0,0
,Therapy-Individual Therapy,,90824,,Encounter 20-30 Min,0.00,0.00,$0.00,0,0,0
,Therapy-Individual Therapy,,90826,,Encounter 45-50 Min,0.00,0.00,$0.00,0,0,0
,Substance Abuse: Psychotherapy (Individual Therapy),,90826,,Encounter 45-50 Min,0.00,0.00,$0.00,0,0,0
,Therapy-Individual Therapy,,90827,,Encounter 45-50 Min,0.00,0.00,$0.00,0,0,0
,Therapy-Individual Therapy,,90828,,Encounter 75-80 Min,0.00,0.00,$0.00,0,0,0
,Therapy-Individual Therapy,,90829,,Encounter 75-80 Min,0.00,0.00,$0.00,0,0,0
,Therapy-Family Therapy,,90846,,Encounter,0.00,0.00,$0.00,0,0,0
,Therapy-Family Therapy,,90847,,Encounter,16.00,28.00,"$3,054.00",191,109,2
,Substance Abuse: Outpatient Treatment,"0900, 0906, 0914, 0915, 0916, 0919",90847,,Encounter,0.00,0.00,$0.00,0,0,0
,Therapy-Family Therapy,,90849,,Encounter,0.00,0.00,$0.00,0,0,0
,Therapy-Family Therapy,,90849,HS,Encounter,0.00,0.00,$0.00,0,0,0
Tuscola,,,,,,,,,,,
,Therapy-Group Therapy,,90853,,Encounter,23.00,125.00,"$3,881.00",169,31,5
,Substance Abuse: Outpatient Treatment,"0900, 0906, 0914, 0915, 0916, 0919",90853,,Encounter,0.00,0.00,$0.00,0,0,0
,Therapy-Group Therapy,,90857,,Encounter,0.00,0.00,$0.00,0,0,0
,Substance Abuse: Outpatient Treatment,"0900, 0906, 0914, 0915, 0916, 0919",90857,,Encounter,0.00,0.00,$0.00,0,0,0
,Medication Review ,,90862,,Encounter,560.00,"2,517.00","$267,410.00",478,106,4
,Substance Abuse: Medication Review,"0900, 0914, 0915, 0916, 0919",90862,,Encounter,0.00,0.00,$0.00,0,0,0
,Additional Codes-ECT Physician,,90870,,Encounter,0.00,0.00,$0.00,0,0,0
,Additional Codes-ECT Physician,0901,90870,,Encounter,0.00,0.00,$0.00,0,0,0
,Assessments-Other,,90887,,Encounter,0.00,0.00,$0.00,0,0,0
,Speech & Language Therapy ,,92506,,Encounter,0.00,0.00,$0.00,0,0,0
,Speech & Language Therapy ,,92507,,Encounter,0.00,0.00,$0.00,0,0,0
,Speech & Language Therapy ,,92508,,Encounter,0.00,0.00,$0.00,0,0,0
,Speech & Language Therapy ,,92526,,Encounter,0.00,0.00,$0.00,0,0,0
,Speech & Language Therapy ,,92610,,Encounter,0.00,0.00,$0.00,0,0,0
,Evaluation of Auditory Rehabilitation Status (Children's Waiver),,92626,,First Hour,0.00,0.00,$0.00,0,0,0
,Evaluation of Auditory Rehabiliation Status (Children's Waiver),,92627,,Each Additional 15 Minutes,0.00,0.00,$0.00,0,0,0
,Auditory Rehabilitation Preling Hearing Loss (Children's Waiver),,92630,,Encounter,0.00,0.00,$0.00,0,0,0
,Auditory Rehabilitation; Post-Lingual Hearing Loss (Children's Waiver),,92633,,Encounter,0.00,0.00,$0.00,0,0,0
,Psychological Testing PSYCH/PHYS ,,96101,,Per Hour,3.00,12.00,"$1,500.00",500,125,4
,Psychological Testing by Technician ,,96102,,Per Hour,0.00,0.00,$0.00,0,0,0
,Psychological Testing by Comp ,,96103,,Per Hour,0.00,0.00,$0.00,0,0,0
,Assessments-Other,,96105,,Encounter,0.00,0.00,$0.00,0,0,0
,Assessments-Other,,96110,,Encounter,0.00,0.00,$0.00,0,0,0
,Assessments-Other,,96111,,Encounter,0.00,0.00,$0.00,0,0,0
,Neurobehavioral Status Exam (Children's Waiver),,96116,,Per Hour,0.00,0.00,$0.00,0,0,0
,Neuropsych test by Psych/Phys ,,96118,,Per Hour,0.00,0.00,$0.00,0,0,0
,Neuropsych test by Tech ,,96119,,Per Hour,0.00,0.00,$0.00,0,0,0
,Neuropsych test Admin w/Comp ,,96120,,Per Hour,0.00,0.00,$0.00,0,0,0
,Medication Administration,,96372,,Encounter,21.00,214.00,"$4,733.00",225,22,10
,Physical Therapy,,97001,,Encounter,0.00,0.00,$0.00,0,0,0
,Physical Therapy,,97002,,Encounter,0.00,0.00,$0.00,0,0,0
,Occupational Therapy,,97003,,Encounter,0.00,0.00,$0.00,0,0,0
,Occupational Therapy,,97004,,Encounter,0.00,0.00,$0.00,0,0,0
,Occupational or Physical Therapy,,97110,,15 Minutes,0.00,0.00,$0.00,0,0,0
,Occupational or Physical Therapy,,97112,,15 Minutes,0.00,0.00,$0.00,0,0,0
,Occupational or Physical Therapy,,97113,,15 Minutes,0.00,0.00,$0.00,0,0,0
,Occupational or Physical Therapy,,97116,,15 Minutes,0.00,0.00,$0.00,0,0,0
,Occupational or Physical Therapy,,97124,,15 Minutes,0.00,0.00,$0.00,0,0,0
,Occupational or Physical Therapy,,97140,,15 Minutes,0.00,0.00,$0.00,0,0,0
,Occupational or Physical Therapy,,97150,,Encounter,0.00,0.00,$0.00,0,0,0
,Occupational or Physical Therapy,,97530,,15 Minutes,0.00,0.00,$0.00,0,0,0
,Occupational or Physical Therapy,,97532,,15 Minutes,0.00,0.00,$0.00,0,0,0
,Occupational or Physical Therapy,,97533,,15 Minutes,0.00,0.00,$0.00,0,0,0
,Occupational or Physical Therapy,,97535,,15 Minutes,0.00,0.00,$0.00,0,0,0
,Occupational or Physical Therapy,,97537,,15 Minutes,0.00,0.00,$0.00,0,0,0
,Occupational or Physical Therapy,,97542,,15 Minutes,0.00,0.00,$0.00,0,0,0
,Occupational Therapy,,97703,,15 Minutes,0.00,0.00,$0.00,0,0,0
Tuscola,,,,,,,,,,,
,Occupational Therapy,,97750,,15 Minutes,0.00,0.00,$0.00,0,0,0
,Occupational Therapy,,97755,,15 Minutes,0.00,0.00,$0.00,0,0,0
,Occupational Therapy,,97760,,15 Minutes,0.00,0.00,$0.00,0,0,0
,C/O for Orthotic/Prosth Use ,,97762,,15 minutes,0.00,0.00,$0.00,0,0,0
,Assessment or Health Services,,97802,,15 Minutes,0.00,0.00,$0.00,0,0,0
,Assessment or Health Services,,97803,,15 Minutes,1.00,4.00,$73.00,73,18,4
,Health Services,,97804,,30 Minutes,0.00,0.00,$0.00,0,0,0
,Additional Codes-Physician Services,,99201,,Encounter,0.00,0.00,$0.00,0,0,0
,Additional Codes-Physician Services,,99202,,Encounter,0.00,0.00,$0.00,0,0,0
,Additional Codes-Physician Services,,99203,,Encounter,0.00,0.00,$0.00,0,0,0
,Additional Codes-Physician Services,,99204,,Encounter,0.00,0.00,$0.00,0,0,0
,Additional Codes-Physician Services,,99205,,Encounter,0.00,0.00,$0.00,0,0,0
,Additional Codes-Physician Services  Medication Administration,,99211,,Encounter,0.00,0.00,$0.00,0,0,0
,Additional Codes-Physician Services,,99212,,Encounter,0.00,0.00,$0.00,0,0,0
,Additional Codes-Physician Services,,99213,,Encounter,4.00,4.00,$231.00,58,58,1
,Additional Codes-Physician Services,,99214,,Encounter,111.00,112.00,"$15,404.00",139,138,1
,Additional Codes-Physician Services,,99215,,Encounter,21.00,21.00,"$4,631.00",221,221,1
,Additional Codes-Physician Services,,99221,,30 Minutes,9.00,9.00,$725.00,81,81,1
,Additional Codes-Physician Services,,99222,,50 Minutes,48.00,54.00,"$7,148.00",149,132,1
,Additional Codes-Physician Services,,99223,,70 Minutes,9.00,10.00,"$1,981.00",220,198,1
,Additional Codes-Physician Services,,99231,,15 Minutes,68.00,320.00,"$12,550.00",185,39,5
,Additional Codes-Physician Services,,99232,,25 minutes,43.00,189.00,"$6,364.00",148,34,4
,Additional Codes-Physician Services,,99233,,35 Minutes,10.00,13.00,$432.00,43,33,1
,Additional Codes-Physician Services,,99238,,30 Minutes or less,30.00,34.00,"$2,158.00",72,63,1
,Additional Codes-Physician Services,,99241,,Encounter,0.00,0.00,$0.00,0,0,0
,Additional Codes-Physician Services,,99242,,Encounter,0.00,0.00,$0.00,0,0,0
,Additional Codes-Physician Services,,99243,,Encounter,0.00,0.00,$0.00,0,0,0
,Additional Codes-Physician Services,,99244,,Encounter,0.00,0.00,$0.00,0,0,0
,Additional Codes-Physician Services,,99245,,Encounter,0.00,0.00,$0.00,0,0,0
,Additional Codes-Physician Services,,99251,,Encounter,0.00,0.00,$0.00,0,0,0
,Additional Codes-Physician Services,,99252,,Encounter,1.00,1.00,$4.00,4,4,1
,Additional Codes-Physician Services,,99253,,Encounter,5.00,5.00,$706.00,141,141,1
,Additional Codes-Physician Services,,99254,,Encounter,0.00,0.00,$0.00,0,0,0
,Additional Codes-Physician Services,,99255,,Encounter,0.00,0.00,$0.00,0,0,0
,Additional Codes-Physician Services,,99261,,Encounter,0.00,0.00,$0.00,0,0,0
,Additional Codes-Physician Services,,99262,,Encounter,0.00,0.00,$0.00,0,0,0
,Additional Codes-Physician Services,,99263,,Encounter,0.00,0.00,$0.00,0,0,0
,Additional Codes-Physician Services,,99271,,Encounter,0.00,0.00,$0.00,0,0,0
,Additional Codes-Physician Services,,99272,,Encounter,0.00,0.00,$0.00,0,0,0
,Additional Codes-Physician Services,,99273,,Encounter,0.00,0.00,$0.00,0,0,0
,Additional Codes-Physician Services,,99274,,Encounter,0.00,0.00,$0.00,0,0,0
,Additional Codes-Physician Services,,99275,,Encounter,0.00,0.00,$0.00,0,0,0
,Medication Administration,,99605,,Encounter,0.00,0.00,$0.00,0,0,0
,Transportation,,A0080,,Per mile,2.00,"1,051.00",$774.00,387,1,526
,Transportation,,A0090,,Per mile,0.00,0.00,$0.00,0,0,0
,Transportation,,A0100,,Per one-way trip,0.00,0.00,$0.00,0,0,0
,Transportation,,A0110,,Per one-way trip,0.00,0.00,$0.00,0,0,0
,Transportation,,A0120,,Per one-way trip,0.00,0.00,$0.00,0,0,0
,Transportation,,A0130,,Per one-way trip,0.00,0.00,$0.00,0,0,0
,Transportation,,A0140,,Per one-way trip,0.00,0.00,$0.00,0,0,0
Tuscola,,,,,,,,,,,
,Transportation,,A0170,,,0.00,0.00,$0.00,0,0,0
,Additional Codes-Transportation,,A0425,,Per Mile,0.00,0.00,$0.00,0,0,0
,Additional Codes-Transportation,,A0427,,Refer to code descriptions.,0.00,0.00,$0.00,0,0,0
,Additional codes - Transportation,,A0428,,,0.00,0.00,$0.00,0,0,0
,Repair or Non-Routine Service for DME (Children's Waiver),,E1340,,15 Minutes,0.00,0.00,$0.00,0,0,0
,Enhanced Medical Equipment-Supplies,,E1399,,Items,0.00,0.00,$0.00,0,0,0
,Activity Therapy (Children's Waiver),,G0176,,Encounter,0.00,0.00,$0.00,0,0,0
,Family Training/Support EBP only,,G0177,,Encounter Session at least 45 min,0.00,0.00,$0.00,0,0,0
,Substance Abuse: Individual Assessment,,H0001,,Encounter,0.00,0.00,$0.00,0,0,0
,Assessment ,,H0002,,Encounter,0.00,0.00,$0.00,0,0,0
,Substance Abuse: Individual Assessment,,H0002,,Encounter,0.00,0.00,$0.00,0,0,0
,Substance Abuse:Laboratory,,H0003,,Encounter,0.00,0.00,$0.00,0,0,0
,Substance Abuse: Outpatient Treatment,"0900, 0906, 0914, 0915, 0916, 0919",H0004,,15 Minutes,0.00,0.00,$0.00,0,0,0
,Substance Abuse: Outpatient Treatment,"0900, 0906, 0914, 0915, 0916, 0919",H0005,,Encounter,0.00,0.00,$0.00,0,0,0
,Substance Abuse: Case Management,,H0006,,Encounter,0.00,0.00,$0.00,0,0,0
,Substance Abuse: Sub-Acute Detoxification,1002,H0010,,Days,0.00,0.00,$0.00,0,0,0
,Substance Abuse: Sub-Acute Detoxification,1002,H0012,,Days,0.00,0.00,$0.00,0,0,0
,Substance Abuse: Sub-Acute Detoxification,1002,H0014,,Days,0.00,0.00,$0.00,0,0,0
,Substance Abuse: Outpatient Care,"0900, 0906, 0914, 0915, 0916, 0919",H0015,,Days,0.00,0.00,$0.00,0,0,0
,Crisis Residential Services,,H0018,,Days,0.00,0.00,$0.00,0,0,0
,Substance Abuse: Residential,1002,H0018,,Days,0.00,0.00,$0.00,0,0,0
,Substance Abuse: Residential,1002,H0019,,Days,0.00,0.00,$0.00,0,0,0
,Substance Abuse: Methadone,,H0020,,Encounter,0.00,0.00,$0.00,0,0,0
,Substance Abuse: Early Intervention,,H0022,,Encounter,0.00,0.00,$0.00,0,0,0
,Peer Directed and Operated Support Services,,H0023,,Encounter,0.00,0.00,$0.00,0,0,0
,Prevention Services - Direct Model,,H0025,,Face to Face Contact,0.00,0.00,$0.00,0,0,0
,Crisis Intervention,,H0030,,Per Service,0.00,0.00,$0.00,0,0,0
,Assessment ,,H0031,,Encounter,305.00,314.00,"$51,162.00",168,163,1
,Substance Abuse: Assessment,,H0031,,Encounter,0.00,0.00,$0.00,0,0,0
,Treatment Planning,,H0032,,Encounter,272.00,292.00,"$50,849.00",187,174,1
,Monitoring of Treatment - Clinician,,H0032,TS,Encounter,2.00,5.00,$668.00,334,134,3
,Substance Abuse: Pharmalogical Support - Suboxane,,H0033,,Direct Observation Encounter,0.00,0.00,$0.00,0,0,0
,Health Services,,H0034,,15 Minutes,0.00,0.00,$0.00,0,0,0
,Home Based Services,,H0036,,15 Minutes,6.00,575.00,"$29,213.00",4869,51,96
,Home Based Services,,H0036,ST,15 Minutes,0.00,0.00,$0.00,0,0,0
,Community Psychiatric Supportive Treatment ,,H0037,,Per diem,0.00,0.00,$0.00,0,0,0
,Peer Directed and Operated Support Services,,H0038,,15 minutes,61.00,"1,009.00","$57,767.00",947,57,17
,Peer Directed and Operated Support Services,,NA,,,280.00,0.00,"$72,904.00",260,0,0
,Assertive Community Treatment (ACT),,H0039,,15 Minutes,52.00,"6,434.00","$440,030.00",8462,68,124
,Community Living Supports in Independent living/own home,,H0043,,Per diem,2.00,99.00,"$17,380.00",8690,176,50
,Community Living Supports in Independent living/own home,,H0043,TT,Per diem,4.00,561.00,"$96,968.00",24242,173,140
,Respite,,H0045,,Days,0.00,0.00,$0.00,0,0,0
,Respite (Children's Waiver),,H0045,TD,Per Diem,0.00,0.00,$0.00,0,0,0
,Respite (Children's Waiver),,H0045,TE,Per Diem,0.00,0.00,$0.00,0,0,0
,Substance Abuse:Laboratory (cells now unlocked),,H0048,,Encounter,0.00,0.00,$0.00,0,0,0
,Substance Abuse: Individual Assessment,,H0049,,Encounter,0.00,0.00,$0.00,0,0,0
,Behavior Treatment Plan Review,,H2000,,Encounter,2.00,5.00,$263.00,131,53,3
,Behavior Treatment Plan Review - Monitoring Activities,,H2000,TS,Encounter,0.00,0.00,$0.00,0,0,0
Tuscola,,,,,,,,,,,
,Comprehensive Medication Services - EBP only,,H2010,,15 minutes,0.00,0.00,$0.00,0,0,0
,Crisis Intervention,,H2011,,15 Minutes,72.00,355.00,"$21,245.00",295,60,5
,Skill-Building and Out of Home Non Vocational Habilitation,,H2014,,15 minutes,9.00,"11,376.00","$37,940.00",4216,3,1264
,Skill-Building and Out of Home Non Vocational Habilitation,,H2014,TT,15 Minutes,6.00,"7,271.00","$33,004.00",5501,5,1212
,Community Living Supports (15 Minutes),,H2015,,15 Minutes,0.00,0.00,$0.00,0,0,0
,Community Living Supports (15 Minutes),,H2015,TT,15 Minutes,0.00,0.00,$0.00,0,0,0
,Community Living Supports (Daily),,H2016,,Per Diem,0.00,0.00,$0.00,0,0,0
,Community Living Supports (Daily),,H2016,TF,Per Diem,1.00,33.00,"$2,586.00",2586,78,33
,Community Living Supports (Daily),,H2016,TG,Per Diem,4.00,881.00,"$119,879.00",29970,136,220
,Behavior Services,,H2019,,15 Minutes,10.00,379.00,"$20,154.00",2015,53,38
,Behavior Services,,H2019,TT,15 Minutes,5.00,349.00,"$12,247.00",2449,35,70
,Crisis Intervention,,H2020,,Days,0.00,0.00,$0.00,0,0,0
,Wraparound,,H2021,,15 Minutes,0.00,0.00,$0.00,0,0,0
,Wraparound,,H2022,,Days,0.00,0.00,$0.00,0,0,0
,Supported Employment Services,,H2023,,15 minutes,14.00,463.00,"$3,344.00",239,7,33
,Supported Employment Services,,H2023,TT,15 Minutes,0.00,0.00,$0.00,0,0,0
,Mental Health Therapy,,H2027,,15 Minutes,0.00,0.00,$0.00,0,0,0
,Clubhouse Psychosocial Rehabilitation Programs ,,H2030,,15 Minutes,0.00,0.00,$0.00,0,0,0
,Home Based Services,,H2033,,15 Minutes,0.00,0.00,$0.00,0,0,0
,Substance Abuse: Outpatient Care,"0900, 0906, 0914, 0915, 0916, 0919",H2035,,Hour,0.00,0.00,$0.00,0,0,0
,Substance Abuse: Outpatient Care,"0900, 0906, 0914, 0915, 0916, 0919",H2036,,Per Diem,0.00,0.00,$0.00,0,0,0
,Medication Review ,,M0064,,"Encounter Face-to-Face, generally less than 10 minutes",3.00,3.00,$82.00,27,27,1
,Transportation,,S0209,,Per Mile,0.00,0.00,$0.00,0,0,0
,Transportation,,S0215,,Per Mile,0.00,0.00,$0.00,0,0,0
,Family Training - EBP,,S5110,,15 Minutes,0.00,0.00,$0.00,0,0,0
,Family Training,,S5111,,Encounter,0.00,0.00,$0.00,0,0,0
,Family Training,,S5111,HA,Encounter,0.00,0.00,$0.00,0,0,0
,"Home Care Training, Non-Family (Children's Waiver)",,S5116,,Encounter,0.00,0.00,$0.00,0,0,0
,Chore Services,,S5120,,15 Minutes,0.00,0.00,$0.00,0,0,0
,Foster Care,,S5140,,Days,0.00,0.00,$0.00,0,0,0
,Foster Care,,S5145,,Days,0.00,0.00,$0.00,0,0,0
,Respite,,S5150,,15 Minutes,0.00,0.00,$0.00,0,0,0
,Respite,,S5151,,Per Diem,0.00,0.00,$0.00,0,0,0
,Personal Emergency Response System (PERS),,S5160,,Encounter,0.00,0.00,$0.00,0,0,0
,Personal Emergency Response System (PERS),,S5161,,Month,0.00,0.00,$0.00,0,0,0
,Environmental Modification ,,S5165,,Service,0.00,0.00,$0.00,0,0,0
,Enhanced Medical Equipment-Supplies,,S5199,,Items,0.00,0.00,$0.00,0,0,0
,Occupational or Physical Therapy,,S8990,,Encounter,0.00,0.00,$0.00,0,0,0
,Private Duty Nursing,0582,S9123,,Hour,0.00,0.00,$0.00,0,0,0
,Private Duty Nursing,,S9123,,Hour,0.00,0.00,$0.00,0,0,0
,Private Duty Nursing,,S9123,TT,Hour,0.00,0.00,$0.00,0,0,0
,Private Duty Nursing,0582,S9124,,Hour,0.00,0.00,$0.00,0,0,0
,Private Duty Nursing,,S9124,,Hour,0.00,0.00,$0.00,0,0,0
,Private Duty Nursing,,S9124,TT,Hour,0.00,0.00,$0.00,0,0,0
,Respite Care in the Home (RN) (Children's Waiver),,S9125,TD,Per Diem,0.00,0.00,$0.00,0,0,0
,Respite Care in the Home (LPN) (Children's Waiver),,S9125,TE,Per Diem,0.00,0.00,$0.00,0,0,0
,Health Services,,S9445,,Encounter,0.00,0.00,$0.00,0,0,0
,Health Services,,S9446,,Encounter,0.00,0.00,$0.00,0,0,0
Tuscola,,,,,,,,,,,
,Health Services,,S9470,,Encounter,1.00,1.00,$220.00,220,220,1
,Intensive Crisis Stabilization-Enrolled Program,,S9484,,Hour,1.00,1.00,$0.00,0,0,1
,Reidential Room and Board,,S9976,,Days,0.00,0.00,$0.00,0,0,0
,Private Duty Nursing,,T1000,,Up to 15 min,0.00,0.00,$0.00,0,0,0
,Private Duty Nursing,,T1000,TD,Up to 15 min,0.00,0.00,$0.00,0,0,0
,Private Duty Nursing,,T1000,TE,Up to 15 min,0.00,0.00,$0.00,0,0,0
,Assessment,,T1001,,Encounter,18.00,18.00,"$2,904.00",161,161,1
,Health Services,,T1002,,Up to 15 min,5.00,34.00,"$2,884.00",577,85,7
,Respite Care,,T1005,,15 Minutes,1.00,40.00,$467.00,467,12,40
,Respite Care,,T1005,TD,15 Minutes,0.00,0.00,$0.00,0,0,0
,Respite Care,,T1005,TE,15 Minutes,0.00,0.00,$0.00,0,0,0
,Substance Abuse: Recovery Support Services,"0900, 0906, 0914, 0915, 0916, 0919",T1012,,Encounter,0.00,0.00,$0.00,0,0,0
,Family Psycho-Education - EBP,,T1015,,Encounter,0.00,0.00,$0.00,0,0,0
,Supports Coordination/Wrap Facilitation,,T1016,,15 minutes,5.00,29.00,"$2,378.00",476,82,6
,Targeted Case Management ,,T1017,,15 minutes,261.00,"7,150.00","$404,297.00",1549,57,27
,Nursing Home Mental Health Monitoring,,T1017,SE,15 minutes,7.00,204.00,"$12,069.00",1724,59,29
,Personal Care in Licensed Specialized Residential Setting,,T1020,,Days,3.00,145.00,"$1,579.00",526,11,48
,Personal Care in Licensed Specialized Residential Setting,,T1020,TF,Days,4.00,480.00,"$28,040.00",7010,58,120
,Personal Care in Licensed Specialized Residential Setting,,T1020,TG,Days,2.00,289.00,"$28,059.00",14030,97,145
,Assessments,,T1023,,Encounter,98.00,121.00,"$35,739.00",365,295,1
,Enhanced Medical Supplies or Pharmacy,,T1999,,Items,1.00,12.00,$412.00,412,34,12
,Transportation,,T2001,,Encounter,0.00,0.00,$0.00,0,0,0
,Transportation,,T2002,,Per Diem,0.00,0.00,$0.00,0,0,0
,Transportation,,T2003,,Encounter / Trip,0.00,0.00,$0.00,0,0,0
,Transportation,,T2004,,Encounter,0.00,0.00,$0.00,0,0,0
,Transportation,,T2005,,Encounter,0.00,0.00,$0.00,0,0,0
,Out of Home Prevocational Service,,T2015,,Hour,0.00,0.00,$0.00,0,0,0
,Targeted Case Management (Children's Waiver),,T2023,,Month,0.00,0.00,$0.00,0,0,0
,Fiscal Intermediary Services,,T2025,,Month,1.00,12.00,$109.00,109,9,12
,Enhanced Medical Equipment-Supplies,,T2028,,Items,0.00,0.00,$0.00,0,0,0
,Enhanced Medical Equipment-Supplies,,T2029,,Items,0.00,0.00,$0.00,0,0,0
,Crisis Intervention,,T2034,,Days,0.00,0.00,$0.00,0,0,0
,Respite Care,,T2036,,Encounter / Trip. Per session. One night = one session,0.00,0.00,$0.00,0,0,0
,Respite Care,,T2037,,Encounter / Trip  Per session. One day/partial day = one session,0.00,0.00,$0.00,0,0,0
,Housing Assistance,,T2038,,Month   Service,0.00,0.00,$0.00,0,0,0
,Enhanced Medical Equipment-Supplies,,T2039,,Items,0.00,0.00,$0.00,0,0,0
,Pharmacy (Drugs and Other Biologicals),,,,,100.00,0.00,"$23,970.00",240,0,0
,Other,,,,,0.00,0.00,$0.00,0,0,0
,Aggregate for 'J' Codes,,ALL,,,11.00,0.00,"$5,075.00",461,0,0
Van Buren,,,,,,,,,,,
,State Psychiatric Hospital - Inpatient PT22,"0100, 0101, 0114, 0124, 0134, 0154",,PT22,Days,7.00,924.00,"$312,918.00",44703,339,132
,State Mental Retardation Facility - Inpatient (ICF/MR) PT65,"0100, 0101, 0114, 0124, 0134, 0154",,PT65,Days,0.00,0.00,$0.00,0,0,0
,Local Psychiatric Hospital/IMD PT68,"0100, 0101, 0114, 0124, 0134, 0154",,PT68,Days,6.00,38.00,"$21,280.00",3547,560,6
,Local Psychiatric Hospital - Acute Community PT73,"0100, 0101, 0114, 0124, 0134, 0154",,PT73,Days,55.00,580.00,"$365,686.00",6649,630,11
,Inpatient Hospital Ancillary Services - Leave of Absence,0183,,,Days,0.00,0.00,$0.00,0,0,0
,Inpatient Hospital Ancillary Services - Pharmacy,"0250-0254, 0257-0258 ",,,,0.00,0.00,$0.00,0,0,0
,Inpatient Hospital Ancillary Services - Medical/Surgical Supplies and Devices,0270-0272,,,# of items,0.00,0.00,$0.00,0,0,0
,Inpatient Hospital Ancillary Services - Laboratory,"0300-0302, 0305-0307",,,# of tests,0.00,0.00,$0.00,0,0,0
,Inpatient Hospital Ancillary Services - Radiology,0320,,,# of tests,0.00,0.00,$0.00,0,0,0
,ECT Anesthesia,0370,,,,0.00,0.00,$0.00,0,0,0
,Inpatient Hospital Ancillary Services - Respiratory Services,0410,,,# of treatments,0.00,0.00,$0.00,0,0,0
,Inpatient Hospital Ancillary Services -Physical Therapy,0420-0424,,,# of treatments,0.00,0.00,$0.00,0,0,0
,Inpatient Hospital Ancillary Services - Occupational Therapy,0430-0434,,,# of treatments,0.00,0.00,$0.00,0,0,0
,Inpatient Hospital Ancillary Services - Speech-Language Pathology,0440-0444,,,# of treatments,0.00,0.00,$0.00,0,0,0
,Inpatient Hospital Ancillary Services - Emergency Room,0450,,,# of visits,0.00,0.00,$0.00,0,0,0
,Inpatient Hospital Ancillary Services - Pulmonary Function,0460,,,# of tests,0.00,0.00,$0.00,0,0,0
,Inpatient Hospital Ancillary Services - Audiology,0470-0472,,,# of tests,0.00,0.00,$0.00,0,0,0
,Inpatient Hospital Ancillary Services - Magnetic Resonance Technology (MRT),0610-0611,,,# of tests,0.00,0.00,$0.00,0,0,0
,Inpatient Hospital Ancillary Services - Pharmacy,0636,,,# of units,0.00,0.00,$0.00,0,0,0
,ECT Recovery Room,0701,,,,0.00,0.00,$0.00,0,0,0
,Inpatient Hospital Ancillary Services -EKG/ECG,0730-0731,,,# of tests,0.00,0.00,$0.00,0,0,0
,Inpatient Hospital Ancillary Services - EEG,0740,,,# of tests,0.00,0.00,$0.00,0,0,0
,Crisis Observation Care,0762,,,Hour,0.00,0.00,$0.00,0,0,0
,Additional Codes-ECT Facility Charge,0901,,,Encounter,0.00,0.00,$0.00,0,0,0
,Inpatient Hospital Ancillary Services - Psychiatric/Psychological Treatments/Services,"0900, 0902-0904, 0911, 0914-0919",,,# of visits,0.00,0.00,$0.00,0,0,0
,Outpatient Partial Hospitalization,0912,,,Days,0.00,0.00,$0.00,0,0,0
,Outpatient Partial Hospitalization,0913,,,Days,0.00,0.00,$0.00,0,0,0
,Inpatient Hospital Ancillary Services - Other Diagnosis Services,0925,,,# of tests,0.00,0.00,$0.00,0,0,0
,Inpatient Hospital Ancillary Services - Other Therapeutic Services,0940-0942,,,# of visits,0.00,0.00,$0.00,0,0,0
,Additional Codes-ECT Anesthesia,,00104,,Minutes,0.00,0.00,$0.00,0,0,0
,Drug Screen for Methadone Clients Only,,80100,,Per Screen,0.00,0.00,$0.00,0,0,0
,Drug Screen for Methadone Clients Only,,80101,,Per Screen,0.00,0.00,$0.00,0,0,0
,Alcohol Breath Test for Methadone Clients Only,,82075,,Per Test,0.00,0.00,$0.00,0,0,0
,Medication Administration,,90772,,Encounter,17.00,17.00,$714.00,42,42,1
,Assessment-Psychiatric Assessment,,90801,,Encounter,269.00,283.00,"$91,115.00",339,322,1
,Substance Abuse: Psychiatric Evaluation,,90801,,Encounter,0.00,0.00,$0.00,0,0,0
,Assessment-Psychiatric Assessment,,90802,,Encounter,0.00,0.00,$0.00,0,0,0
,Substance Abuse: Psychiatric Evaluation,,90802,,Encounter,0.00,0.00,$0.00,0,0,0
,Therapy-Individual Therapy,,90804,,Encounter 20-30 Min,585.00,913.00,"$65,634.00",112,72,2
,Substance Abuse: Outpatient Treatment,"0900, 0914, 0915, 0916, 0919",90804,,Encounter 20-30 Min,0.00,0.00,$0.00,0,0,0
Van Buren,,,,,,,,,,,
,Therapy-Individual Therapy,,90805,,Encounter 20-30 Min,0.00,0.00,$0.00,0,0,0
,Substance Abuse: Outpatient Treatment,"0900, 0914, 0915, 0916, 0919",90805,,Encounter 20-30 Min,0.00,0.00,$0.00,0,0,0
,Therapy-Individual Therapy,,90806,,Encounter 45-50 Min,713.00,"4,154.00","$585,895.00",822,141,6
,Substance Abuse: Outpatient Treatment,"0900, 0914, 0915, 0916, 0919",90806,,Encounter 45-50 Min,0.00,0.00,$0.00,0,0,0
,Therapy-Individual Therapy,,90807,,Encounter 45-50 Min,0.00,0.00,$0.00,0,0,0
,Substance Abuse: Outpatient Treatment,"0900, 0914, 0915, 0916, 0919",90807,,Encounter 45-50 Min,0.00,0.00,$0.00,0,0,0
,Therapy-Individual Therapy,,90808,,Encounter 75-80 Min,142.00,175.00,"$42,683.00",301,244,1
,Substance Abuse: Outpatient Treatment,"0900, 0914, 0915, 0916, 0919",90808,,Encounter 75-80 Min,0.00,0.00,$0.00,0,0,0
,Therapy-Individual Therapy,,90809,,Encounter 75-80 Min,0.00,0.00,$0.00,0,0,0
,Substance Abuse: Outpatient Treatment,"0900, 0914, 0915, 0916, 0919",90809,,Encounter 75-80 Min,0.00,0.00,$0.00,0,0,0
,Therapy-Individual Therapy,,90810,,Encounter 20-30 Min,0.00,0.00,$0.00,0,0,0
,Substance Abuse: Outpatient Treatment,"0900, 0914, 0915, 0916, 0919",90810,,Encounter 20-30 Min,0.00,0.00,$0.00,0,0,0
,Therapy-Individual Therapy,,90811,,Encounter 20-30 Min,0.00,0.00,$0.00,0,0,0
,Substance Abuse: Outpatient Treatment,"0900, 0914, 0915, 0916, 0919",90811,,Encounter 20-30 Min,0.00,0.00,$0.00,0,0,0
,Therapy-Individual Therapy,,90812,,Encounter 45-50 Min,0.00,0.00,$0.00,0,0,0
,Substance Abuse: Outpatient Treatment,"0900, 0914, 0915, 0916, 0919",90812,,Encounter 45-50 Min,0.00,0.00,$0.00,0,0,0
,Therapy-Individual Therapy,,90813,,Encounter 45-50 Min,0.00,0.00,$0.00,0,0,0
,Substance Abuse: Outpatient Treatment,"0900, 0914, 0915, 0916, 0919",90813,,Encounter 45-50 Min,0.00,0.00,$0.00,0,0,0
,Therapy-Individual Therapy,,90814,,Encounter 75-80 Min,0.00,0.00,$0.00,0,0,0
,Substance Abuse: Outpatient Treatment,"0900, 0914, 0915, 0916, 0919",90814,,Encounter 75-80 Min,0.00,0.00,$0.00,0,0,0
,Therapy-Individual Therapy,,90815,,Encounter 75-80 Min,0.00,0.00,$0.00,0,0,0
,Substance Abuse: Outpatient Treatment,"0900, 0914, 0915, 0916, 0919",90815,,Encounter 75-80 Min,0.00,0.00,$0.00,0,0,0
,Therapy-Individual Therapy,,90816,,Encounter 20-30 Min,0.00,0.00,$0.00,0,0,0
,Therapy-Individual Therapy,,90817,,Encounter 20-30 Min,0.00,0.00,$0.00,0,0,0
,Therapy-Individual Therapy,,90818,,Encounter 45-50 Min,0.00,0.00,$0.00,0,0,0
,Therapy-Individual Therapy,,90819,,Encounter 45-50 Min,1.00,1.00,$70.00,70,70,1
,Therapy-Individual Therapy,,90821,,Encounter 75-80 Min,0.00,0.00,$0.00,0,0,0
,Therapy-Individual Therapy,,90822,,Encounter 75-80 Min,0.00,0.00,$0.00,0,0,0
,Therapy-Individual Therapy,,90823,,Encounter 20-30 Min,0.00,0.00,$0.00,0,0,0
,Therapy-Individual Therapy,,90824,,Encounter 20-30 Min,0.00,0.00,$0.00,0,0,0
,Therapy-Individual Therapy,,90826,,Encounter 45-50 Min,0.00,0.00,$0.00,0,0,0
,Substance Abuse: Psychotherapy (Individual Therapy),,90826,,Encounter 45-50 Min,0.00,0.00,$0.00,0,0,0
,Therapy-Individual Therapy,,90827,,Encounter 45-50 Min,0.00,0.00,$0.00,0,0,0
,Therapy-Individual Therapy,,90828,,Encounter 75-80 Min,0.00,0.00,$0.00,0,0,0
,Therapy-Individual Therapy,,90829,,Encounter 75-80 Min,0.00,0.00,$0.00,0,0,0
,Therapy-Family Therapy,,90846,,Encounter,3.00,5.00,$628.00,209,126,2
,Therapy-Family Therapy,,90847,,Encounter,39.00,70.00,"$8,581.00",220,123,2
,Substance Abuse: Outpatient Treatment,"0900, 0906, 0914, 0915, 0916, 0919",90847,,Encounter,0.00,0.00,$0.00,0,0,0
,Therapy-Family Therapy,,90849,,Encounter,0.00,0.00,$0.00,0,0,0
,Therapy-Family Therapy,,90849,HS,Encounter,0.00,0.00,$0.00,0,0,0
Van Buren,,,,,,,,,,,
,Therapy-Group Therapy,,90853,,Encounter,97.00,829.00,"$52,484.00",541,63,9
,Substance Abuse: Outpatient Treatment,"0900, 0906, 0914, 0915, 0916, 0919",90853,,Encounter,0.00,0.00,$0.00,0,0,0
,Therapy-Group Therapy,,90857,,Encounter,0.00,0.00,$0.00,0,0,0
,Substance Abuse: Outpatient Treatment,"0900, 0906, 0914, 0915, 0916, 0919",90857,,Encounter,0.00,0.00,$0.00,0,0,0
,Medication Review ,,90862,,Encounter,649.00,"3,115.00","$251,654.00",388,81,5
,Substance Abuse: Medication Review,"0900, 0914, 0915, 0916, 0919",90862,,Encounter,0.00,0.00,$0.00,0,0,0
,Additional Codes-ECT Physician,,90870,,Encounter,0.00,0.00,$0.00,0,0,0
,Additional Codes-ECT Physician,0901,90870,,Encounter,0.00,0.00,$0.00,0,0,0
,Assessments-Other,,90887,,Encounter,0.00,0.00,$0.00,0,0,0
,Speech & Language Therapy ,,92506,,Encounter,0.00,0.00,$0.00,0,0,0
,Speech & Language Therapy ,,92507,,Encounter,0.00,0.00,$0.00,0,0,0
,Speech & Language Therapy ,,92508,,Encounter,0.00,0.00,$0.00,0,0,0
,Speech & Language Therapy ,,92526,,Encounter,0.00,0.00,$0.00,0,0,0
,Speech & Language Therapy ,,92610,,Encounter,0.00,0.00,$0.00,0,0,0
,Evaluation of Auditory Rehabilitation Status (Children's Waiver),,92626,,First Hour,0.00,0.00,$0.00,0,0,0
,Evaluation of Auditory Rehabiliation Status (Children's Waiver),,92627,,Each Additional 15 Minutes,0.00,0.00,$0.00,0,0,0
,Auditory Rehabilitation Preling Hearing Loss (Children's Waiver),,92630,,Encounter,0.00,0.00,$0.00,0,0,0
,Auditory Rehabilitation; Post-Lingual Hearing Loss (Children's Waiver),,92633,,Encounter,0.00,0.00,$0.00,0,0,0
,Psychological Testing PSYCH/PHYS ,,96101,,Per Hour,20.00,87.00,"$12,139.00",607,140,4
,Psychological Testing by Technician ,,96102,,Per Hour,0.00,0.00,$0.00,0,0,0
,Psychological Testing by Comp ,,96103,,Per Hour,0.00,0.00,$0.00,0,0,0
,Assessments-Other,,96105,,Encounter,0.00,0.00,$0.00,0,0,0
,Assessments-Other,,96110,,Encounter,0.00,0.00,$0.00,0,0,0
,Assessments-Other,,96111,,Encounter,0.00,0.00,$0.00,0,0,0
,Neurobehavioral Status Exam (Children's Waiver),,96116,,Per Hour,0.00,0.00,$0.00,0,0,0
,Neuropsych test by Psych/Phys ,,96118,,Per Hour,0.00,0.00,$0.00,0,0,0
,Neuropsych test by Tech ,,96119,,Per Hour,0.00,0.00,$0.00,0,0,0
,Neuropsych test Admin w/Comp ,,96120,,Per Hour,0.00,0.00,$0.00,0,0,0
,Medication Administration,,96372,,Encounter,29.00,68.00,"$2,855.00",98,42,2
,Physical Therapy,,97001,,Encounter,0.00,0.00,$0.00,0,0,0
,Physical Therapy,,97002,,Encounter,0.00,0.00,$0.00,0,0,0
,Occupational Therapy,,97003,,Encounter,1.00,1.00,$127.00,127,127,1
,Occupational Therapy,,97004,,Encounter,0.00,0.00,$0.00,0,0,0
,Occupational or Physical Therapy,,97110,,15 Minutes,1.00,5.00,$210.00,210,42,5
,Occupational or Physical Therapy,,97112,,15 Minutes,0.00,0.00,$0.00,0,0,0
,Occupational or Physical Therapy,,97113,,15 Minutes,0.00,0.00,$0.00,0,0,0
,Occupational or Physical Therapy,,97116,,15 Minutes,0.00,0.00,$0.00,0,0,0
,Occupational or Physical Therapy,,97124,,15 Minutes,0.00,0.00,$0.00,0,0,0
,Occupational or Physical Therapy,,97140,,15 Minutes,0.00,0.00,$0.00,0,0,0
,Occupational or Physical Therapy,,97150,,Encounter,0.00,0.00,$0.00,0,0,0
,Occupational or Physical Therapy,,97530,,15 Minutes,0.00,0.00,$0.00,0,0,0
,Occupational or Physical Therapy,,97532,,15 Minutes,0.00,0.00,$0.00,0,0,0
,Occupational or Physical Therapy,,97533,,15 Minutes,1.00,2.00,$84.00,84,42,2
,Occupational or Physical Therapy,,97535,,15 Minutes,0.00,0.00,$0.00,0,0,0
,Occupational or Physical Therapy,,97537,,15 Minutes,0.00,0.00,$0.00,0,0,0
,Occupational or Physical Therapy,,97542,,15 Minutes,0.00,0.00,$0.00,0,0,0
,Occupational Therapy,,97703,,15 Minutes,0.00,0.00,$0.00,0,0,0
Van Buren,,,,,,,,,,,
,Occupational Therapy,,97750,,15 Minutes,0.00,0.00,$0.00,0,0,0
,Occupational Therapy,,97755,,15 Minutes,0.00,0.00,$0.00,0,0,0
,Occupational Therapy,,97760,,15 Minutes,0.00,0.00,$0.00,0,0,0
,C/O for Orthotic/Prosth Use ,,97762,,15 minutes,0.00,0.00,$0.00,0,0,0
,Assessment or Health Services,,97802,,15 Minutes,0.00,0.00,$0.00,0,0,0
,Assessment or Health Services,,97803,,15 Minutes,0.00,0.00,$0.00,0,0,0
,Health Services,,97804,,30 Minutes,0.00,0.00,$0.00,0,0,0
,Additional Codes-Physician Services,,99201,,Encounter,0.00,0.00,$0.00,0,0,0
,Additional Codes-Physician Services,,99202,,Encounter,0.00,0.00,$0.00,0,0,0
,Additional Codes-Physician Services,,99203,,Encounter,0.00,0.00,$0.00,0,0,0
,Additional Codes-Physician Services,,99204,,Encounter,0.00,0.00,$0.00,0,0,0
,Additional Codes-Physician Services,,99205,,Encounter,0.00,0.00,$0.00,0,0,0
,Additional Codes-Physician Services  Medication Administration,,99211,,Encounter,0.00,0.00,$0.00,0,0,0
,Additional Codes-Physician Services,,99212,,Encounter,0.00,0.00,$0.00,0,0,0
,Additional Codes-Physician Services,,99213,,Encounter,0.00,0.00,$0.00,0,0,0
,Additional Codes-Physician Services,,99214,,Encounter,0.00,0.00,$0.00,0,0,0
,Additional Codes-Physician Services,,99215,,Encounter,0.00,0.00,$0.00,0,0,0
,Additional Codes-Physician Services,,99221,,30 Minutes,0.00,0.00,$0.00,0,0,0
,Additional Codes-Physician Services,,99222,,50 Minutes,8.00,9.00,$917.00,115,102,1
,Additional Codes-Physician Services,,99223,,70 Minutes,0.00,0.00,$0.00,0,0,0
,Additional Codes-Physician Services,,99231,,15 Minutes,7.00,70.00,"$2,828.00",404,40,10
,Additional Codes-Physician Services,,99232,,25 minutes,0.00,0.00,$0.00,0,0,0
,Additional Codes-Physician Services,,99233,,35 Minutes,0.00,0.00,$0.00,0,0,0
,Additional Codes-Physician Services,,99238,,30 Minutes or less,8.00,9.00,$357.00,45,40,1
,Additional Codes-Physician Services,,99241,,Encounter,0.00,0.00,$0.00,0,0,0
,Additional Codes-Physician Services,,99242,,Encounter,0.00,0.00,$0.00,0,0,0
,Additional Codes-Physician Services,,99243,,Encounter,0.00,0.00,$0.00,0,0,0
,Additional Codes-Physician Services,,99244,,Encounter,0.00,0.00,$0.00,0,0,0
,Additional Codes-Physician Services,,99245,,Encounter,0.00,0.00,$0.00,0,0,0
,Additional Codes-Physician Services,,99251,,Encounter,0.00,0.00,$0.00,0,0,0
,Additional Codes-Physician Services,,99252,,Encounter,0.00,0.00,$0.00,0,0,0
,Additional Codes-Physician Services,,99253,,Encounter,0.00,0.00,$0.00,0,0,0
,Additional Codes-Physician Services,,99254,,Encounter,0.00,0.00,$0.00,0,0,0
,Additional Codes-Physician Services,,99255,,Encounter,0.00,0.00,$0.00,0,0,0
,Additional Codes-Physician Services,,99261,,Encounter,0.00,0.00,$0.00,0,0,0
,Additional Codes-Physician Services,,99262,,Encounter,0.00,0.00,$0.00,0,0,0
,Additional Codes-Physician Services,,99263,,Encounter,0.00,0.00,$0.00,0,0,0
,Additional Codes-Physician Services,,99271,,Encounter,0.00,0.00,$0.00,0,0,0
,Additional Codes-Physician Services,,99272,,Encounter,0.00,0.00,$0.00,0,0,0
,Additional Codes-Physician Services,,99273,,Encounter,0.00,0.00,$0.00,0,0,0
,Additional Codes-Physician Services,,99274,,Encounter,0.00,0.00,$0.00,0,0,0
,Additional Codes-Physician Services,,99275,,Encounter,0.00,0.00,$0.00,0,0,0
,Medication Administration,,99605,,Encounter,0.00,0.00,$0.00,0,0,0
,Transportation,,A0080,,Per mile,0.00,0.00,$0.00,0,0,0
,Transportation,,A0090,,Per mile,0.00,0.00,$0.00,0,0,0
,Transportation,,A0100,,Per one-way trip,0.00,0.00,$0.00,0,0,0
,Transportation,,A0110,,Per one-way trip,0.00,0.00,$0.00,0,0,0
,Transportation,,A0120,,Per one-way trip,0.00,0.00,$0.00,0,0,0
,Transportation,,A0130,,Per one-way trip,0.00,0.00,$0.00,0,0,0
,Transportation,,A0140,,Per one-way trip,0.00,0.00,$0.00,0,0,0
Van Buren,,,,,,,,,,,
,Transportation,,A0170,,,0.00,0.00,$0.00,0,0,0
,Additional Codes-Transportation,,A0425,,Per Mile,0.00,0.00,$0.00,0,0,0
,Additional Codes-Transportation,,A0427,,Refer to code descriptions.,0.00,0.00,$0.00,0,0,0
,Additional codes - Transportation,,A0428,,,0.00,0.00,$0.00,0,0,0
,Repair or Non-Routine Service for DME (Children's Waiver),,E1340,,15 Minutes,0.00,0.00,$0.00,0,0,0
,Enhanced Medical Equipment-Supplies,,E1399,,Items,0.00,0.00,$0.00,0,0,0
,Activity Therapy (Children's Waiver),,G0176,,Encounter,0.00,0.00,$0.00,0,0,0
,Family Training/Support EBP only,,G0177,,Encounter Session at least 45 min,1.00,1.00,$140.00,140,140,1
,Substance Abuse: Individual Assessment,,H0001,,Encounter,0.00,0.00,$0.00,0,0,0
,Assessment ,,H0002,,Encounter,99.00,107.00,"$13,548.00",137,127,1
,Substance Abuse: Individual Assessment,,H0002,,Encounter,0.00,0.00,$0.00,0,0,0
,Substance Abuse:Laboratory,,H0003,,Encounter,0.00,0.00,$0.00,0,0,0
,Substance Abuse: Outpatient Treatment,"0900, 0906, 0914, 0915, 0916, 0919",H0004,,15 Minutes,0.00,0.00,$0.00,0,0,0
,Substance Abuse: Outpatient Treatment,"0900, 0906, 0914, 0915, 0916, 0919",H0005,,Encounter,0.00,0.00,$0.00,0,0,0
,Substance Abuse: Case Management,,H0006,,Encounter,0.00,0.00,$0.00,0,0,0
,Substance Abuse: Sub-Acute Detoxification,1002,H0010,,Days,0.00,0.00,$0.00,0,0,0
,Substance Abuse: Sub-Acute Detoxification,1002,H0012,,Days,0.00,0.00,$0.00,0,0,0
,Substance Abuse: Sub-Acute Detoxification,1002,H0014,,Days,0.00,0.00,$0.00,0,0,0
,Substance Abuse: Outpatient Care,"0900, 0906, 0914, 0915, 0916, 0919",H0015,,Days,0.00,0.00,$0.00,0,0,0
,Crisis Residential Services,,H0018,,Days,4.00,19.00,"$5,415.00",1354,285,5
,Substance Abuse: Residential,1002,H0018,,Days,0.00,0.00,$0.00,0,0,0
,Substance Abuse: Residential,1002,H0019,,Days,0.00,0.00,$0.00,0,0,0
,Substance Abuse: Methadone,,H0020,,Encounter,0.00,0.00,$0.00,0,0,0
,Substance Abuse: Early Intervention,,H0022,,Encounter,0.00,0.00,$0.00,0,0,0
,Peer Directed and Operated Support Services,,H0023,,Encounter,55.00,0.00,"$109,266.00",1987,0,0
,Prevention Services - Direct Model,,H0025,,Face to Face Contact,5.00,29.00,"$12,372.00",2474,427,6
,Crisis Intervention,,H0030,,Per Service,0.00,0.00,$0.00,0,0,0
,Assessment ,,H0031,,Encounter,787.00,806.00,"$202,730.00",258,252,1
,Substance Abuse: Assessment,,H0031,,Encounter,0.00,0.00,$0.00,0,0,0
,Treatment Planning,,H0032,,Encounter,796.00,952.00,"$66,418.00",83,70,1
,Monitoring of Treatment - Clinician,,H0032,TS,Encounter,0.00,0.00,$0.00,0,0,0
,Substance Abuse: Pharmalogical Support - Suboxane,,H0033,,Direct Observation Encounter,0.00,0.00,$0.00,0,0,0
,Health Services,,H0034,,15 Minutes,0.00,0.00,$0.00,0,0,0
,Home Based Services,,H0036,,15 Minutes,0.00,0.00,$0.00,0,0,0
,Home Based Services,,H0036,ST,15 Minutes,0.00,0.00,$0.00,0,0,0
,Community Psychiatric Supportive Treatment ,,H0037,,Per diem,0.00,0.00,$0.00,0,0,0
,Peer Directed and Operated Support Services,,H0038,,15 minutes,5.00,7.00,$59.00,12,8,1
,Peer Directed and Operated Support Services,,NA,,,0.00,0.00,$0.00,0,0,0
,Assertive Community Treatment (ACT),,H0039,,15 Minutes,92.00,"10,271.00","$955,437.00",10385,93,112
,Community Living Supports in Independent living/own home,,H0043,,Per diem,9.00,"1,412.00","$131,385.00",14598,93,157
,Community Living Supports in Independent living/own home,,H0043,TT,Per diem,0.00,0.00,$0.00,0,0,0
,Respite,,H0045,,Days,0.00,0.00,$0.00,0,0,0
,Respite (Children's Waiver),,H0045,TD,Per Diem,0.00,0.00,$0.00,0,0,0
,Respite (Children's Waiver),,H0045,TE,Per Diem,0.00,0.00,$0.00,0,0,0
,Substance Abuse:Laboratory (cells now unlocked),,H0048,,Encounter,0.00,0.00,$0.00,0,0,0
,Substance Abuse: Individual Assessment,,H0049,,Encounter,0.00,0.00,$0.00,0,0,0
,Behavior Treatment Plan Review,,H2000,,Encounter,12.00,17.00,"$3,932.00",328,231,1
,Behavior Treatment Plan Review - Monitoring Activities,,H2000,TS,Encounter,0.00,0.00,$0.00,0,0,0
Van Buren,,,,,,,,,,,
,Comprehensive Medication Services - EBP only,,H2010,,15 minutes,0.00,0.00,$0.00,0,0,0
,Crisis Intervention,,H2011,,15 Minutes,560.00,"2,650.00","$101,301.00",181,38,5
,Skill-Building and Out of Home Non Vocational Habilitation,,H2014,,15 minutes,24.00,"25,660.00","$213,928.00",8914,8,1069
,Skill-Building and Out of Home Non Vocational Habilitation,,H2014,TT,15 Minutes,3.00,112.00,$164.00,55,1,37
,Community Living Supports (15 Minutes),,H2015,,15 Minutes,59.00,"30,722.00","$135,630.00",2299,4,521
,Community Living Supports (15 Minutes),,H2015,TT,15 Minutes,7.00,"2,327.00","$3,390.00",484,1,332
,Community Living Supports (Daily),,H2016,,Per Diem,2.00,671.00,"$18,128.00",9064,27,336
,Community Living Supports (Daily),,H2016,TF,Per Diem,5.00,"1,186.00","$66,726.00",13345,56,237
,Community Living Supports (Daily),,H2016,TG,Per Diem,91.00,"12,375.00","$2,397,736.00",26349,194,136
,Behavior Services,,H2019,,15 Minutes,0.00,0.00,$0.00,0,0,0
,Behavior Services,,H2019,TT,15 Minutes,29.00,463.00,"$29,311.00",1011,63,16
,Crisis Intervention,,H2020,,Days,0.00,0.00,$0.00,0,0,0
,Wraparound,,H2021,,15 Minutes,3.00,102.00,"$10,015.00",3338,98,34
,Wraparound,,H2022,,Days,0.00,0.00,$0.00,0,0,0
,Supported Employment Services,,H2023,,15 minutes,28.00,"12,286.00","$103,177.00",3685,8,439
,Supported Employment Services,,H2023,TT,15 Minutes,0.00,0.00,$0.00,0,0,0
,Mental Health Therapy,,H2027,,15 Minutes,0.00,0.00,$0.00,0,0,0
,Clubhouse Psychosocial Rehabilitation Programs ,,H2030,,15 Minutes,53.00,"58,078.00","$525,251.00",9910,9,1096
,Home Based Services,,H2033,,15 Minutes,0.00,0.00,$0.00,0,0,0
,Substance Abuse: Outpatient Care,"0900, 0906, 0914, 0915, 0916, 0919",H2035,,Hour,0.00,0.00,$0.00,0,0,0
,Substance Abuse: Outpatient Care,"0900, 0906, 0914, 0915, 0916, 0919",H2036,,Per Diem,0.00,0.00,$0.00,0,0,0
,Medication Review ,,M0064,,"Encounter Face-to-Face, generally less than 10 minutes",0.00,0.00,$0.00,0,0,0
,Transportation,,S0209,,Per Mile,0.00,0.00,$0.00,0,0,0
,Transportation,,S0215,,Per Mile,0.00,0.00,$0.00,0,0,0
,Family Training - EBP,,S5110,,15 Minutes,0.00,0.00,$0.00,0,0,0
,Family Training,,S5111,,Encounter,0.00,0.00,$0.00,0,0,0
,Family Training,,S5111,HA,Encounter,0.00,0.00,$0.00,0,0,0
,"Home Care Training, Non-Family (Children's Waiver)",,S5116,,Encounter,0.00,0.00,$0.00,0,0,0
,Chore Services,,S5120,,15 Minutes,0.00,0.00,$0.00,0,0,0
,Foster Care,,S5140,,Days,0.00,0.00,$0.00,0,0,0
,Foster Care,,S5145,,Days,0.00,0.00,$0.00,0,0,0
,Respite,,S5150,,15 Minutes,0.00,0.00,$0.00,0,0,0
,Respite,,S5151,,Per Diem,0.00,0.00,$0.00,0,0,0
,Personal Emergency Response System (PERS),,S5160,,Encounter,0.00,0.00,$0.00,0,0,0
,Personal Emergency Response System (PERS),,S5161,,Month,0.00,0.00,$0.00,0,0,0
,Environmental Modification ,,S5165,,Service,0.00,0.00,$0.00,0,0,0
,Enhanced Medical Equipment-Supplies,,S5199,,Items,0.00,0.00,$0.00,0,0,0
,Occupational or Physical Therapy,,S8990,,Encounter,0.00,0.00,$0.00,0,0,0
,Private Duty Nursing,0582,S9123,,Hour,0.00,0.00,$0.00,0,0,0
,Private Duty Nursing,,S9123,,Hour,0.00,0.00,$0.00,0,0,0
,Private Duty Nursing,,S9123,TT,Hour,0.00,0.00,$0.00,0,0,0
,Private Duty Nursing,0582,S9124,,Hour,0.00,0.00,$0.00,0,0,0
,Private Duty Nursing,,S9124,,Hour,0.00,0.00,$0.00,0,0,0
,Private Duty Nursing,,S9124,TT,Hour,0.00,0.00,$0.00,0,0,0
,Respite Care in the Home (RN) (Children's Waiver),,S9125,TD,Per Diem,0.00,0.00,$0.00,0,0,0
,Respite Care in the Home (LPN) (Children's Waiver),,S9125,TE,Per Diem,0.00,0.00,$0.00,0,0,0
,Health Services,,S9445,,Encounter,0.00,0.00,$0.00,0,0,0
,Health Services,,S9446,,Encounter,35.00,77.00,"$3,233.00",92,42,2
Van Buren,,,,,,,,,,,
,Health Services,,S9470,,Encounter,0.00,0.00,$0.00,0,0,0
,Intensive Crisis Stabilization-Enrolled Program,,S9484,,Hour,0.00,0.00,$0.00,0,0,0
,Reidential Room and Board,,S9976,,Days,0.00,0.00,$0.00,0,0,0
,Private Duty Nursing,,T1000,,Up to 15 min,0.00,0.00,$0.00,0,0,0
,Private Duty Nursing,,T1000,TD,Up to 15 min,0.00,0.00,$0.00,0,0,0
,Private Duty Nursing,,T1000,TE,Up to 15 min,0.00,0.00,$0.00,0,0,0
,Assessment,,T1001,,Encounter,90.00,105.00,"$11,802.00",131,112,1
,Health Services,,T1002,,Up to 15 min,166.00,368.00,"$17,846.00",108,48,2
,Respite Care,,T1005,,15 Minutes,3.00,"4,134.00","$22,175.00",7392,5,1378
,Respite Care,,T1005,TD,15 Minutes,0.00,0.00,$0.00,0,0,0
,Respite Care,,T1005,TE,15 Minutes,0.00,0.00,$0.00,0,0,0
,Substance Abuse: Recovery Support Services,"0900, 0906, 0914, 0915, 0916, 0919",T1012,,Encounter,0.00,0.00,$0.00,0,0,0
,Family Psycho-Education - EBP,,T1015,,Encounter,0.00,0.00,$0.00,0,0,0
,Supports Coordination/Wrap Facilitation,,T1016,,15 minutes,52.00,"1,308.00","$161,119.00",3098,123,25
,Targeted Case Management ,,T1017,,15 minutes,173.00,"7,210.00","$707,955.00",4092,98,42
,Nursing Home Mental Health Monitoring,,T1017,SE,15 minutes,38.00,784.00,"$76,983.00",2026,98,21
,Personal Care in Licensed Specialized Residential Setting,,T1020,,Days,14.00,"3,745.00","$56,675.00",4048,15,268
,Personal Care in Licensed Specialized Residential Setting,,T1020,TF,Days,4.00,"1,457.00","$66,475.00",16619,46,364
,Personal Care in Licensed Specialized Residential Setting,,T1020,TG,Days,55.00,"2,073.00","$176,106.00",3202,85,38
,Assessments,,T1023,,Encounter,100.00,117.00,"$29,477.00",295,252,1
,Enhanced Medical Supplies or Pharmacy,,T1999,,Items,0.00,0.00,$0.00,0,0,0
,Transportation,,T2001,,Encounter,0.00,0.00,$0.00,0,0,0
,Transportation,,T2002,,Per Diem,0.00,0.00,$0.00,0,0,0
,Transportation,,T2003,,Encounter / Trip,0.00,0.00,$0.00,0,0,0
,Transportation,,T2004,,Encounter,0.00,0.00,$0.00,0,0,0
,Transportation,,T2005,,Encounter,0.00,0.00,$0.00,0,0,0
,Out of Home Prevocational Service,,T2015,,Hour,0.00,0.00,$0.00,0,0,0
,Targeted Case Management (Children's Waiver),,T2023,,Month,0.00,0.00,$0.00,0,0,0
,Fiscal Intermediary Services,,T2025,,Month,1.00,12.00,"$1,080.00",1080,90,12
,Enhanced Medical Equipment-Supplies,,T2028,,Items,0.00,0.00,$0.00,0,0,0
,Enhanced Medical Equipment-Supplies,,T2029,,Items,0.00,0.00,$0.00,0,0,0
,Crisis Intervention,,T2034,,Days,0.00,0.00,$0.00,0,0,0
,Respite Care,,T2036,,Encounter / Trip. Per session. One night = one session,0.00,0.00,$0.00,0,0,0
,Respite Care,,T2037,,Encounter / Trip  Per session. One day/partial day = one session,0.00,0.00,$0.00,0,0,0
,Housing Assistance,,T2038,,Month   Service,0.00,0.00,$0.00,0,0,0
,Enhanced Medical Equipment-Supplies,,T2039,,Items,0.00,0.00,$0.00,0,0,0
,Pharmacy (Drugs and Other Biologicals),,,,,0.00,0.00,$0.00,0,0,0
,Other,,,,,0.00,0.00,$0.00,0,0,0
,Aggregate for 'J' Codes,,ALL,,,23.00,0.00,"$10,064.00",438,0,0
Washtenaw,,,,,,,,,,,
,State Psychiatric Hospital - Inpatient PT22,"0100, 0101, 0114, 0124, 0134, 0154",,PT22,Days,17.00,"3,645.00","$1,444,040.00",84944,396,214
,State Mental Retardation Facility - Inpatient (ICF/MR) PT65,"0100, 0101, 0114, 0124, 0134, 0154",,PT65,Days,0.00,0.00,$0.00,0,0,0
,Local Psychiatric Hospital/IMD PT68,"0100, 0101, 0114, 0124, 0134, 0154",,PT68,Days,55.00,476.00,"$249,657.00",4539,524,9
,Local Psychiatric Hospital - Acute Community PT73,"0100, 0101, 0114, 0124, 0134, 0154",,PT73,Days,514.00,"4,024.00","$3,057,435.00",5948,760,8
,Inpatient Hospital Ancillary Services - Leave of Absence,0183,,,Days,0.00,0.00,$0.00,0,0,0
,Inpatient Hospital Ancillary Services - Pharmacy,"0250-0254, 0257-0258 ",,,,0.00,0.00,$0.00,0,0,0
,Inpatient Hospital Ancillary Services - Medical/Surgical Supplies and Devices,0270-0272,,,# of items,0.00,0.00,$0.00,0,0,0
,Inpatient Hospital Ancillary Services - Laboratory,"0300-0302, 0305-0307",,,# of tests,0.00,0.00,$0.00,0,0,0
,Inpatient Hospital Ancillary Services - Radiology,0320,,,# of tests,0.00,0.00,$0.00,0,0,0
,ECT Anesthesia,0370,,,,0.00,0.00,$0.00,0,0,0
,Inpatient Hospital Ancillary Services - Respiratory Services,0410,,,# of treatments,0.00,0.00,$0.00,0,0,0
,Inpatient Hospital Ancillary Services -Physical Therapy,0420-0424,,,# of treatments,0.00,0.00,$0.00,0,0,0
,Inpatient Hospital Ancillary Services - Occupational Therapy,0430-0434,,,# of treatments,0.00,0.00,$0.00,0,0,0
,Inpatient Hospital Ancillary Services - Speech-Language Pathology,0440-0444,,,# of treatments,0.00,0.00,$0.00,0,0,0
,Inpatient Hospital Ancillary Services - Emergency Room,0450,,,# of visits,0.00,0.00,$0.00,0,0,0
,Inpatient Hospital Ancillary Services - Pulmonary Function,0460,,,# of tests,0.00,0.00,$0.00,0,0,0
,Inpatient Hospital Ancillary Services - Audiology,0470-0472,,,# of tests,0.00,0.00,$0.00,0,0,0
,Inpatient Hospital Ancillary Services - Magnetic Resonance Technology (MRT),0610-0611,,,# of tests,0.00,0.00,$0.00,0,0,0
,Inpatient Hospital Ancillary Services - Pharmacy,0636,,,# of units,0.00,0.00,$0.00,0,0,0
,ECT Recovery Room,0701,,,,0.00,0.00,$0.00,0,0,0
,Inpatient Hospital Ancillary Services -EKG/ECG,0730-0731,,,# of tests,0.00,0.00,$0.00,0,0,0
,Inpatient Hospital Ancillary Services - EEG,0740,,,# of tests,0.00,0.00,$0.00,0,0,0
,Crisis Observation Care,0762,,,Hour,0.00,0.00,$0.00,0,0,0
,Additional Codes-ECT Facility Charge,0901,,,Encounter,1.00,11.00,"$9,900.00",9900,900,11
,Inpatient Hospital Ancillary Services - Psychiatric/Psychological Treatments/Services,"0900, 0902-0904, 0911, 0914-0919",,,# of visits,0.00,0.00,$0.00,0,0,0
,Outpatient Partial Hospitalization,0912,,,Days,24.00,161.00,"$34,132.00",1422,212,7
,Outpatient Partial Hospitalization,0913,,,Days,0.00,0.00,$0.00,0,0,0
,Inpatient Hospital Ancillary Services - Other Diagnosis Services,0925,,,# of tests,0.00,0.00,$0.00,0,0,0
,Inpatient Hospital Ancillary Services - Other Therapeutic Services,0940-0942,,,# of visits,0.00,0.00,$0.00,0,0,0
,Additional Codes-ECT Anesthesia,,00104,,Minutes,0.00,0.00,$0.00,0,0,0
,Drug Screen for Methadone Clients Only,,80100,,Per Screen,0.00,0.00,$0.00,0,0,0
,Drug Screen for Methadone Clients Only,,80101,,Per Screen,0.00,0.00,$0.00,0,0,0
,Alcohol Breath Test for Methadone Clients Only,,82075,,Per Test,0.00,0.00,$0.00,0,0,0
,Medication Administration,,90772,,Encounter,352.00,"1,958.00","$272,926.00",775,139,6
,Assessment-Psychiatric Assessment,,90801,,Encounter,323.00,356.00,"$253,334.00",784,712,1
,Substance Abuse: Psychiatric Evaluation,,90801,,Encounter,0.00,0.00,$0.00,0,0,0
,Assessment-Psychiatric Assessment,,90802,,Encounter,0.00,0.00,$0.00,0,0,0
,Substance Abuse: Psychiatric Evaluation,,90802,,Encounter,0.00,0.00,$0.00,0,0,0
,Therapy-Individual Therapy,,90804,,Encounter 20-30 Min,112.00,394.00,"$56,901.00",508,144,4
,Substance Abuse: Outpatient Treatment,"0900, 0914, 0915, 0916, 0919",90804,,Encounter 20-30 Min,0.00,0.00,$0.00,0,0,0
Washtenaw,,,,,,,,,,,
,Therapy-Individual Therapy,,90805,,Encounter 20-30 Min,0.00,0.00,$0.00,0,0,0
,Substance Abuse: Outpatient Treatment,"0900, 0914, 0915, 0916, 0919",90805,,Encounter 20-30 Min,0.00,0.00,$0.00,0,0,0
,Therapy-Individual Therapy,,90806,,Encounter 45-50 Min,203.00,"1,977.00","$576,490.00",2840,292,10
,Substance Abuse: Outpatient Treatment,"0900, 0914, 0915, 0916, 0919",90806,,Encounter 45-50 Min,0.00,0.00,$0.00,0,0,0
,Therapy-Individual Therapy,,90807,,Encounter 45-50 Min,0.00,0.00,$0.00,0,0,0
,Substance Abuse: Outpatient Treatment,"0900, 0914, 0915, 0916, 0919",90807,,Encounter 45-50 Min,0.00,0.00,$0.00,0,0,0
,Therapy-Individual Therapy,,90808,,Encounter 75-80 Min,15.00,20.00,"$6,234.00",416,312,1
,Substance Abuse: Outpatient Treatment,"0900, 0914, 0915, 0916, 0919",90808,,Encounter 75-80 Min,0.00,0.00,$0.00,0,0,0
,Therapy-Individual Therapy,,90809,,Encounter 75-80 Min,0.00,0.00,$0.00,0,0,0
,Substance Abuse: Outpatient Treatment,"0900, 0914, 0915, 0916, 0919",90809,,Encounter 75-80 Min,0.00,0.00,$0.00,0,0,0
,Therapy-Individual Therapy,,90810,,Encounter 20-30 Min,0.00,0.00,$0.00,0,0,0
,Substance Abuse: Outpatient Treatment,"0900, 0914, 0915, 0916, 0919",90810,,Encounter 20-30 Min,0.00,0.00,$0.00,0,0,0
,Therapy-Individual Therapy,,90811,,Encounter 20-30 Min,0.00,0.00,$0.00,0,0,0
,Substance Abuse: Outpatient Treatment,"0900, 0914, 0915, 0916, 0919",90811,,Encounter 20-30 Min,0.00,0.00,$0.00,0,0,0
,Therapy-Individual Therapy,,90812,,Encounter 45-50 Min,6.00,9.00,"$2,697.00",450,300,2
,Substance Abuse: Outpatient Treatment,"0900, 0914, 0915, 0916, 0919",90812,,Encounter 45-50 Min,0.00,0.00,$0.00,0,0,0
,Therapy-Individual Therapy,,90813,,Encounter 45-50 Min,0.00,0.00,$0.00,0,0,0
,Substance Abuse: Outpatient Treatment,"0900, 0914, 0915, 0916, 0919",90813,,Encounter 45-50 Min,0.00,0.00,$0.00,0,0,0
,Therapy-Individual Therapy,,90814,,Encounter 75-80 Min,0.00,0.00,$0.00,0,0,0
,Substance Abuse: Outpatient Treatment,"0900, 0914, 0915, 0916, 0919",90814,,Encounter 75-80 Min,0.00,0.00,$0.00,0,0,0
,Therapy-Individual Therapy,,90815,,Encounter 75-80 Min,0.00,0.00,$0.00,0,0,0
,Substance Abuse: Outpatient Treatment,"0900, 0914, 0915, 0916, 0919",90815,,Encounter 75-80 Min,0.00,0.00,$0.00,0,0,0
,Therapy-Individual Therapy,,90816,,Encounter 20-30 Min,0.00,0.00,$0.00,0,0,0
,Therapy-Individual Therapy,,90817,,Encounter 20-30 Min,0.00,0.00,$0.00,0,0,0
,Therapy-Individual Therapy,,90818,,Encounter 45-50 Min,0.00,0.00,$0.00,0,0,0
,Therapy-Individual Therapy,,90819,,Encounter 45-50 Min,0.00,0.00,$0.00,0,0,0
,Therapy-Individual Therapy,,90821,,Encounter 75-80 Min,0.00,0.00,$0.00,0,0,0
,Therapy-Individual Therapy,,90822,,Encounter 75-80 Min,0.00,0.00,$0.00,0,0,0
,Therapy-Individual Therapy,,90823,,Encounter 20-30 Min,0.00,0.00,$0.00,0,0,0
,Therapy-Individual Therapy,,90824,,Encounter 20-30 Min,0.00,0.00,$0.00,0,0,0
,Therapy-Individual Therapy,,90826,,Encounter 45-50 Min,0.00,0.00,$0.00,0,0,0
,Substance Abuse: Psychotherapy (Individual Therapy),,90826,,Encounter 45-50 Min,0.00,0.00,$0.00,0,0,0
,Therapy-Individual Therapy,,90827,,Encounter 45-50 Min,0.00,0.00,$0.00,0,0,0
,Therapy-Individual Therapy,,90828,,Encounter 75-80 Min,0.00,0.00,$0.00,0,0,0
,Therapy-Individual Therapy,,90829,,Encounter 75-80 Min,0.00,0.00,$0.00,0,0,0
,Therapy-Family Therapy,,90846,,Encounter,1.00,2.00,$490.00,490,245,2
,Therapy-Family Therapy,,90847,,Encounter,10.00,48.00,"$7,599.00",760,158,5
,Substance Abuse: Outpatient Treatment,"0900, 0906, 0914, 0915, 0916, 0919",90847,,Encounter,0.00,0.00,$0.00,0,0,0
,Therapy-Family Therapy,,90849,,Encounter,0.00,0.00,$0.00,0,0,0
,Therapy-Family Therapy,,90849,HS,Encounter,0.00,0.00,$0.00,0,0,0
Washtenaw,,,,,,,,,,,
,Therapy-Group Therapy,,90853,,Encounter,419.00,"10,107.00","$1,334,046.00",3184,132,24
,Substance Abuse: Outpatient Treatment,"0900, 0906, 0914, 0915, 0916, 0919",90853,,Encounter,0.00,0.00,$0.00,0,0,0
,Therapy-Group Therapy,,90857,,Encounter,0.00,0.00,$0.00,0,0,0
,Substance Abuse: Outpatient Treatment,"0900, 0906, 0914, 0915, 0916, 0919",90857,,Encounter,0.00,0.00,$0.00,0,0,0
,Medication Review ,,90862,,Encounter,"1,774.00","8,501.00","$1,789,331.00",1009,210,5
,Substance Abuse: Medication Review,"0900, 0914, 0915, 0916, 0919",90862,,Encounter,0.00,0.00,$0.00,0,0,0
,Additional Codes-ECT Physician,,90870,,Encounter,0.00,0.00,$0.00,0,0,0
,Additional Codes-ECT Physician,0901,90870,,Encounter,0.00,0.00,$0.00,0,0,0
,Assessments-Other,,90887,,Encounter,0.00,0.00,$0.00,0,0,0
,Speech & Language Therapy ,,92506,,Encounter,0.00,0.00,$0.00,0,0,0
,Speech & Language Therapy ,,92507,,Encounter,0.00,0.00,$0.00,0,0,0
,Speech & Language Therapy ,,92508,,Encounter,0.00,0.00,$0.00,0,0,0
,Speech & Language Therapy ,,92526,,Encounter,0.00,0.00,$0.00,0,0,0
,Speech & Language Therapy ,,92610,,Encounter,0.00,0.00,$0.00,0,0,0
,Evaluation of Auditory Rehabilitation Status (Children's Waiver),,92626,,First Hour,0.00,0.00,$0.00,0,0,0
,Evaluation of Auditory Rehabiliation Status (Children's Waiver),,92627,,Each Additional 15 Minutes,0.00,0.00,$0.00,0,0,0
,Auditory Rehabilitation Preling Hearing Loss (Children's Waiver),,92630,,Encounter,0.00,0.00,$0.00,0,0,0
,Auditory Rehabilitation; Post-Lingual Hearing Loss (Children's Waiver),,92633,,Encounter,0.00,0.00,$0.00,0,0,0
,Psychological Testing PSYCH/PHYS ,,96101,,Per Hour,12.00,33.00,"$36,381.00",3032,1102,3
,Psychological Testing by Technician ,,96102,,Per Hour,0.00,0.00,$0.00,0,0,0
,Psychological Testing by Comp ,,96103,,Per Hour,0.00,0.00,$0.00,0,0,0
,Assessments-Other,,96105,,Encounter,0.00,0.00,$0.00,0,0,0
,Assessments-Other,,96110,,Encounter,0.00,0.00,$0.00,0,0,0
,Assessments-Other,,96111,,Encounter,5.00,8.00,"$5,712.00",1142,714,2
,Neurobehavioral Status Exam (Children's Waiver),,96116,,Per Hour,1.00,2.00,"$2,193.00",2193,1097,2
,Neuropsych test by Psych/Phys ,,96118,,Per Hour,0.00,0.00,$0.00,0,0,0
,Neuropsych test by Tech ,,96119,,Per Hour,0.00,0.00,$0.00,0,0,0
,Neuropsych test Admin w/Comp ,,96120,,Per Hour,0.00,0.00,$0.00,0,0,0
,Medication Administration,,96372,,Encounter,370.00,"2,985.00","$429,422.00",1161,144,8
,Physical Therapy,,97001,,Encounter,0.00,0.00,$0.00,0,0,0
,Physical Therapy,,97002,,Encounter,0.00,0.00,$0.00,0,0,0
,Occupational Therapy,,97003,,Encounter,117.00,152.00,"$127,799.00",1092,841,1
,Occupational Therapy,,97004,,Encounter,52.00,203.00,"$194,155.00",3734,956,4
,Occupational or Physical Therapy,,97110,,15 Minutes,0.00,0.00,$0.00,0,0,0
,Occupational or Physical Therapy,,97112,,15 Minutes,0.00,0.00,$0.00,0,0,0
,Occupational or Physical Therapy,,97113,,15 Minutes,0.00,0.00,$0.00,0,0,0
,Occupational or Physical Therapy,,97116,,15 Minutes,0.00,0.00,$0.00,0,0,0
,Occupational or Physical Therapy,,97124,,15 Minutes,0.00,0.00,$0.00,0,0,0
,Occupational or Physical Therapy,,97140,,15 Minutes,0.00,0.00,$0.00,0,0,0
,Occupational or Physical Therapy,,97150,,Encounter,0.00,0.00,$0.00,0,0,0
,Occupational or Physical Therapy,,97530,,15 Minutes,0.00,0.00,$0.00,0,0,0
,Occupational or Physical Therapy,,97532,,15 Minutes,0.00,0.00,$0.00,0,0,0
,Occupational or Physical Therapy,,97533,,15 Minutes,0.00,0.00,$0.00,0,0,0
,Occupational or Physical Therapy,,97535,,15 Minutes,0.00,0.00,$0.00,0,0,0
,Occupational or Physical Therapy,,97537,,15 Minutes,0.00,0.00,$0.00,0,0,0
,Occupational or Physical Therapy,,97542,,15 Minutes,0.00,0.00,$0.00,0,0,0
,Occupational Therapy,,97703,,15 Minutes,0.00,0.00,$0.00,0,0,0
Washtenaw,,,,,,,,,,,
,Occupational Therapy,,97750,,15 Minutes,0.00,0.00,$0.00,0,0,0
,Occupational Therapy,,97755,,15 Minutes,0.00,0.00,$0.00,0,0,0
,Occupational Therapy,,97760,,15 Minutes,0.00,0.00,$0.00,0,0,0
,C/O for Orthotic/Prosth Use ,,97762,,15 minutes,0.00,0.00,$0.00,0,0,0
,Assessment or Health Services,,97802,,15 Minutes,1.00,6.00,"$2,139.00",2139,357,6
,Assessment or Health Services,,97803,,15 Minutes,2.00,2.00,$695.00,348,348,1
,Health Services,,97804,,30 Minutes,2.00,14.00,"$4,397.00",2199,314,7
,Additional Codes-Physician Services,,99201,,Encounter,0.00,0.00,$0.00,0,0,0
,Additional Codes-Physician Services,,99202,,Encounter,0.00,0.00,$0.00,0,0,0
,Additional Codes-Physician Services,,99203,,Encounter,0.00,0.00,$0.00,0,0,0
,Additional Codes-Physician Services,,99204,,Encounter,0.00,0.00,$0.00,0,0,0
,Additional Codes-Physician Services,,99205,,Encounter,0.00,0.00,$0.00,0,0,0
,Additional Codes-Physician Services  Medication Administration,,99211,,Encounter,112.00,269.00,"$31,422.00",281,117,2
,Additional Codes-Physician Services,,99212,,Encounter,0.00,0.00,$0.00,0,0,0
,Additional Codes-Physician Services,,99213,,Encounter,0.00,0.00,$0.00,0,0,0
,Additional Codes-Physician Services,,99214,,Encounter,0.00,0.00,$0.00,0,0,0
,Additional Codes-Physician Services,,99215,,Encounter,0.00,0.00,$0.00,0,0,0
,Additional Codes-Physician Services,,99221,,30 Minutes,0.00,0.00,$0.00,0,0,0
,Additional Codes-Physician Services,,99222,,50 Minutes,0.00,0.00,$0.00,0,0,0
,Additional Codes-Physician Services,,99223,,70 Minutes,0.00,0.00,$0.00,0,0,0
,Additional Codes-Physician Services,,99231,,15 Minutes,0.00,0.00,$0.00,0,0,0
,Additional Codes-Physician Services,,99232,,25 minutes,0.00,0.00,$0.00,0,0,0
,Additional Codes-Physician Services,,99233,,35 Minutes,0.00,0.00,$0.00,0,0,0
,Additional Codes-Physician Services,,99238,,30 Minutes or less,0.00,0.00,$0.00,0,0,0
,Additional Codes-Physician Services,,99241,,Encounter,0.00,0.00,$0.00,0,0,0
,Additional Codes-Physician Services,,99242,,Encounter,0.00,0.00,$0.00,0,0,0
,Additional Codes-Physician Services,,99243,,Encounter,0.00,0.00,$0.00,0,0,0
,Additional Codes-Physician Services,,99244,,Encounter,0.00,0.00,$0.00,0,0,0
,Additional Codes-Physician Services,,99245,,Encounter,0.00,0.00,$0.00,0,0,0
,Additional Codes-Physician Services,,99251,,Encounter,0.00,0.00,$0.00,0,0,0
,Additional Codes-Physician Services,,99252,,Encounter,0.00,0.00,$0.00,0,0,0
,Additional Codes-Physician Services,,99253,,Encounter,0.00,0.00,$0.00,0,0,0
,Additional Codes-Physician Services,,99254,,Encounter,0.00,0.00,$0.00,0,0,0
,Additional Codes-Physician Services,,99255,,Encounter,0.00,0.00,$0.00,0,0,0
,Additional Codes-Physician Services,,99261,,Encounter,0.00,0.00,$0.00,0,0,0
,Additional Codes-Physician Services,,99262,,Encounter,0.00,0.00,$0.00,0,0,0
,Additional Codes-Physician Services,,99263,,Encounter,0.00,0.00,$0.00,0,0,0
,Additional Codes-Physician Services,,99271,,Encounter,0.00,0.00,$0.00,0,0,0
,Additional Codes-Physician Services,,99272,,Encounter,0.00,0.00,$0.00,0,0,0
,Additional Codes-Physician Services,,99273,,Encounter,0.00,0.00,$0.00,0,0,0
,Additional Codes-Physician Services,,99274,,Encounter,0.00,0.00,$0.00,0,0,0
,Additional Codes-Physician Services,,99275,,Encounter,0.00,0.00,$0.00,0,0,0
,Medication Administration,,99605,,Encounter,0.00,0.00,$0.00,0,0,0
,Transportation,,A0080,,Per mile,0.00,0.00,$0.00,0,0,0
,Transportation,,A0090,,Per mile,0.00,0.00,$0.00,0,0,0
,Transportation,,A0100,,Per one-way trip,0.00,0.00,$0.00,0,0,0
,Transportation,,A0110,,Per one-way trip,0.00,0.00,$0.00,0,0,0
,Transportation,,A0120,,Per one-way trip,0.00,0.00,$0.00,0,0,0
,Transportation,,A0130,,Per one-way trip,0.00,0.00,$0.00,0,0,0
,Transportation,,A0140,,Per one-way trip,0.00,0.00,$0.00,0,0,0
Washtenaw,,,,,,,,,,,
,Transportation,,A0170,,,0.00,0.00,$0.00,0,0,0
,Additional Codes-Transportation,,A0425,,Per Mile,0.00,0.00,$0.00,0,0,0
,Additional Codes-Transportation,,A0427,,Refer to code descriptions.,0.00,0.00,$0.00,0,0,0
,Additional codes - Transportation,,A0428,,,0.00,0.00,$0.00,0,0,0
,Repair or Non-Routine Service for DME (Children's Waiver),,E1340,,15 Minutes,0.00,0.00,$0.00,0,0,0
,Enhanced Medical Equipment-Supplies,,E1399,,Items,0.00,0.00,$0.00,0,0,0
,Activity Therapy (Children's Waiver),,G0176,,Encounter,0.00,0.00,$0.00,0,0,0
,Family Training/Support EBP only,,G0177,,Encounter Session at least 45 min,92.00,831.00,"$141,553.00",1539,170,9
,Substance Abuse: Individual Assessment,,H0001,,Encounter,0.00,0.00,$0.00,0,0,0
,Assessment ,,H0002,,Encounter,0.00,0.00,$0.00,0,0,0
,Substance Abuse: Individual Assessment,,H0002,,Encounter,0.00,0.00,$0.00,0,0,0
,Substance Abuse:Laboratory,,H0003,,Encounter,0.00,0.00,$0.00,0,0,0
,Substance Abuse: Outpatient Treatment,"0900, 0906, 0914, 0915, 0916, 0919",H0004,,15 Minutes,0.00,0.00,$0.00,0,0,0
,Substance Abuse: Outpatient Treatment,"0900, 0906, 0914, 0915, 0916, 0919",H0005,,Encounter,0.00,0.00,$0.00,0,0,0
,Substance Abuse: Case Management,,H0006,,Encounter,0.00,0.00,$0.00,0,0,0
,Substance Abuse: Sub-Acute Detoxification,1002,H0010,,Days,0.00,0.00,$0.00,0,0,0
,Substance Abuse: Sub-Acute Detoxification,1002,H0012,,Days,0.00,0.00,$0.00,0,0,0
,Substance Abuse: Sub-Acute Detoxification,1002,H0014,,Days,0.00,0.00,$0.00,0,0,0
,Substance Abuse: Outpatient Care,"0900, 0906, 0914, 0915, 0916, 0919",H0015,,Days,0.00,0.00,$0.00,0,0,0
,Crisis Residential Services,,H0018,,Days,138.00,"1,248.00","$187,200.00",1357,150,9
,Substance Abuse: Residential,1002,H0018,,Days,0.00,0.00,$0.00,0,0,0
,Substance Abuse: Residential,1002,H0019,,Days,0.00,0.00,$0.00,0,0,0
,Substance Abuse: Methadone,,H0020,,Encounter,0.00,0.00,$0.00,0,0,0
,Substance Abuse: Early Intervention,,H0022,,Encounter,0.00,0.00,$0.00,0,0,0
,Peer Directed and Operated Support Services,,H0023,,Encounter,0.00,0.00,$0.00,0,0,0
,Prevention Services - Direct Model,,H0025,,Face to Face Contact,1.00,11.00,"$1,157.00",1157,105,11
,Crisis Intervention,,H0030,,Per Service,0.00,0.00,$0.00,0,0,0
,Assessment ,,H0031,,Encounter,808.00,931.00,"$202,949.00",251,218,1
,Substance Abuse: Assessment,,H0031,,Encounter,0.00,0.00,$0.00,0,0,0
,Treatment Planning,,H0032,,Encounter,385.00,527.00,"$186,374.00",484,354,1
,Monitoring of Treatment - Clinician,,H0032,TS,Encounter,0.00,0.00,$0.00,0,0,0
,Substance Abuse: Pharmalogical Support - Suboxane,,H0033,,Direct Observation Encounter,0.00,0.00,$0.00,0,0,0
,Health Services,,H0034,,15 Minutes,1.00,1.00,$37.00,37,37,1
,Home Based Services,,H0036,,15 Minutes,3.00,148.00,"$26,038.00",8679,176,49
,Home Based Services,,H0036,ST,15 Minutes,0.00,0.00,$0.00,0,0,0
,Community Psychiatric Supportive Treatment ,,H0037,,Per diem,0.00,0.00,$0.00,0,0,0
,Peer Directed and Operated Support Services,,H0038,,15 minutes,5.00,79.00,$320.00,64,4,16
,Peer Directed and Operated Support Services,,NA,,,0.00,0.00,$0.00,0,0,0
,Assertive Community Treatment (ACT),,H0039,,15 Minutes,252.00,"17,153.00","$1,378,114.00",5469,80,68
,Community Living Supports in Independent living/own home,,H0043,,Per diem,6.00,"1,511.00","$171,604.00",28601,114,252
,Community Living Supports in Independent living/own home,,H0043,TT,Per diem,0.00,0.00,$0.00,0,0,0
,Respite,,H0045,,Days,0.00,0.00,$0.00,0,0,0
,Respite (Children's Waiver),,H0045,TD,Per Diem,0.00,0.00,$0.00,0,0,0
,Respite (Children's Waiver),,H0045,TE,Per Diem,0.00,0.00,$0.00,0,0,0
,Substance Abuse:Laboratory (cells now unlocked),,H0048,,Encounter,0.00,0.00,$0.00,0,0,0
,Substance Abuse: Individual Assessment,,H0049,,Encounter,0.00,0.00,$0.00,0,0,0
,Behavior Treatment Plan Review,,H2000,,Encounter,4.00,6.00,"$3,298.00",825,550,2
,Behavior Treatment Plan Review - Monitoring Activities,,H2000,TS,Encounter,0.00,0.00,$0.00,0,0,0
Washtenaw,,,,,,,,,,,
,Comprehensive Medication Services - EBP only,,H2010,,15 minutes,0.00,0.00,$0.00,0,0,0
,Crisis Intervention,,H2011,,15 Minutes,393.00,"3,590.00","$55,094.00",140,15,9
,Skill-Building and Out of Home Non Vocational Habilitation,,H2014,,15 minutes,23.00,"29,479.00","$115,354.00",5015,4,1282
,Skill-Building and Out of Home Non Vocational Habilitation,,H2014,TT,15 Minutes,0.00,0.00,$0.00,0,0,0
,Community Living Supports (15 Minutes),,H2015,,15 Minutes,129.00,"190,601.00","$466,972.00",3620,2,1478
,Community Living Supports (15 Minutes),,H2015,TT,15 Minutes,39.00,"542,744.00","$1,329,723.00",34095,2,13917
,Community Living Supports (Daily),,H2016,,Per Diem,72.00,"12,037.00","$152,148.00",2113,13,167
,Community Living Supports (Daily),,H2016,TF,Per Diem,15.00,"5,126.00","$245,074.00",16338,48,342
,Community Living Supports (Daily),,H2016,TG,Per Diem,47.00,"13,979.00","$1,632,468.00",34733,117,297
,Behavior Services,,H2019,,15 Minutes,0.00,0.00,$0.00,0,0,0
,Behavior Services,,H2019,TT,15 Minutes,0.00,0.00,$0.00,0,0,0
,Crisis Intervention,,H2020,,Days,0.00,0.00,$0.00,0,0,0
,Wraparound,,H2021,,15 Minutes,0.00,0.00,$0.00,0,0,0
,Wraparound,,H2022,,Days,0.00,0.00,$0.00,0,0,0
,Supported Employment Services,,H2023,,15 minutes,45.00,"5,013.00","$18,079.00",402,4,111
,Supported Employment Services,,H2023,TT,15 Minutes,74.00,"69,314.00","$223,861.00",3025,3,937
,Mental Health Therapy,,H2027,,15 Minutes,0.00,0.00,$0.00,0,0,0
,Clubhouse Psychosocial Rehabilitation Programs ,,H2030,,15 Minutes,81.00,"56,370.00","$281,286.00",3473,5,696
,Home Based Services,,H2033,,15 Minutes,0.00,0.00,$0.00,0,0,0
,Substance Abuse: Outpatient Care,"0900, 0906, 0914, 0915, 0916, 0919",H2035,,Hour,0.00,0.00,$0.00,0,0,0
,Substance Abuse: Outpatient Care,"0900, 0906, 0914, 0915, 0916, 0919",H2036,,Per Diem,0.00,0.00,$0.00,0,0,0
,Medication Review ,,M0064,,"Encounter Face-to-Face, generally less than 10 minutes",23.00,77.00,"$4,090.00",178,53,3
,Transportation,,S0209,,Per Mile,0.00,0.00,$0.00,0,0,0
,Transportation,,S0215,,Per Mile,0.00,0.00,$0.00,0,0,0
,Family Training - EBP,,S5110,,15 Minutes,3.00,16.00,"$1,907.00",636,119,5
,Family Training,,S5111,,Encounter,0.00,0.00,$0.00,0,0,0
,Family Training,,S5111,HA,Encounter,0.00,0.00,$0.00,0,0,0
,"Home Care Training, Non-Family (Children's Waiver)",,S5116,,Encounter,0.00,0.00,$0.00,0,0,0
,Chore Services,,S5120,,15 Minutes,0.00,0.00,$0.00,0,0,0
,Foster Care,,S5140,,Days,0.00,0.00,$0.00,0,0,0
,Foster Care,,S5145,,Days,0.00,0.00,$0.00,0,0,0
,Respite,,S5150,,15 Minutes,0.00,0.00,$0.00,0,0,0
,Respite,,S5151,,Per Diem,0.00,0.00,$0.00,0,0,0
,Personal Emergency Response System (PERS),,S5160,,Encounter,0.00,0.00,$0.00,0,0,0
,Personal Emergency Response System (PERS),,S5161,,Month,2.00,23.00,"$13,460.00",6730,585,12
,Environmental Modification ,,S5165,,Service,0.00,0.00,$0.00,0,0,0
,Enhanced Medical Equipment-Supplies,,S5199,,Items,0.00,0.00,$0.00,0,0,0
,Occupational or Physical Therapy,,S8990,,Encounter,0.00,0.00,$0.00,0,0,0
,Private Duty Nursing,0582,S9123,,Hour,0.00,0.00,$0.00,0,0,0
,Private Duty Nursing,,S9123,,Hour,0.00,0.00,$0.00,0,0,0
,Private Duty Nursing,,S9123,TT,Hour,0.00,0.00,$0.00,0,0,0
,Private Duty Nursing,0582,S9124,,Hour,0.00,0.00,$0.00,0,0,0
,Private Duty Nursing,,S9124,,Hour,0.00,0.00,$0.00,0,0,0
,Private Duty Nursing,,S9124,TT,Hour,0.00,0.00,$0.00,0,0,0
,Respite Care in the Home (RN) (Children's Waiver),,S9125,TD,Per Diem,0.00,0.00,$0.00,0,0,0
,Respite Care in the Home (LPN) (Children's Waiver),,S9125,TE,Per Diem,0.00,0.00,$0.00,0,0,0
,Health Services,,S9445,,Encounter,40.00,159.00,"$27,224.00",681,171,4
,Health Services,,S9446,,Encounter,22.00,85.00,"$13,706.00",623,161,4
Washtenaw,,,,,,,,,,,
,Health Services,,S9470,,Encounter,18.00,72.00,"$12,688.00",705,176,4
,Intensive Crisis Stabilization-Enrolled Program,,S9484,,Hour,0.00,0.00,$0.00,0,0,0
,Reidential Room and Board,,S9976,,Days,0.00,0.00,$0.00,0,0,0
,Private Duty Nursing,,T1000,,Up to 15 min,0.00,0.00,$0.00,0,0,0
,Private Duty Nursing,,T1000,TD,Up to 15 min,0.00,0.00,$0.00,0,0,0
,Private Duty Nursing,,T1000,TE,Up to 15 min,0.00,0.00,$0.00,0,0,0
,Assessment,,T1001,,Encounter,405.00,464.00,"$107,513.00",265,232,1
,Health Services,,T1002,,Up to 15 min,320.00,"3,690.00","$568,112.00",1775,154,12
,Respite Care,,T1005,,15 Minutes,9.00,"32,712.00","$97,365.00",10818,3,3635
,Respite Care,,T1005,TD,15 Minutes,0.00,0.00,$0.00,0,0,0
,Respite Care,,T1005,TE,15 Minutes,0.00,0.00,$0.00,0,0,0
,Substance Abuse: Recovery Support Services,"0900, 0906, 0914, 0915, 0916, 0919",T1012,,Encounter,0.00,0.00,$0.00,0,0,0
,Family Psycho-Education - EBP,,T1015,,Encounter,11.00,35.00,"$7,144.00",649,204,3
,Supports Coordination/Wrap Facilitation,,T1016,,15 minutes,122.00,"4,579.00","$595,754.00",4883,130,38
,Targeted Case Management ,,T1017,,15 minutes,"1,291.00","27,775.00","$4,440,270.00",3439,160,22
,Nursing Home Mental Health Monitoring,,T1017,SE,15 minutes,6.00,105.00,"$15,231.00",2539,145,18
,Personal Care in Licensed Specialized Residential Setting,,T1020,,Days,34.00,"10,568.00","$165,706.00",4874,16,311
,Personal Care in Licensed Specialized Residential Setting,,T1020,TF,Days,11.00,"2,540.00","$115,164.00",10469,45,231
,Personal Care in Licensed Specialized Residential Setting,,T1020,TG,Days,3.00,755.00,"$88,327.00",29442,117,252
,Assessments,,T1023,,Encounter,741.00,"1,468.00","$463,066.00",625,315,2
,Enhanced Medical Supplies or Pharmacy,,T1999,,Items,0.00,0.00,$0.00,0,0,0
,Transportation,,T2001,,Encounter,0.00,0.00,$0.00,0,0,0
,Transportation,,T2002,,Per Diem,0.00,0.00,$0.00,0,0,0
,Transportation,,T2003,,Encounter / Trip,0.00,0.00,$0.00,0,0,0
,Transportation,,T2004,,Encounter,0.00,0.00,$0.00,0,0,0
,Transportation,,T2005,,Encounter,0.00,0.00,$0.00,0,0,0
,Out of Home Prevocational Service,,T2015,,Hour,0.00,0.00,$0.00,0,0,0
,Targeted Case Management (Children's Waiver),,T2023,,Month,0.00,0.00,$0.00,0,0,0
,Fiscal Intermediary Services,,T2025,,Month,4.00,36.00,"$3,627.00",907,101,9
,Enhanced Medical Equipment-Supplies,,T2028,,Items,0.00,0.00,$0.00,0,0,0
,Enhanced Medical Equipment-Supplies,,T2029,,Items,0.00,0.00,$0.00,0,0,0
,Crisis Intervention,,T2034,,Days,0.00,0.00,$0.00,0,0,0
,Respite Care,,T2036,,Encounter / Trip. Per session. One night = one session,0.00,0.00,$0.00,0,0,0
,Respite Care,,T2037,,Encounter / Trip  Per session. One day/partial day = one session,0.00,0.00,$0.00,0,0,0
,Housing Assistance,,T2038,,Month   Service,6.00,17.00,"$6,612.00",1102,389,3
,Enhanced Medical Equipment-Supplies,,T2039,,Items,0.00,0.00,$0.00,0,0,0
,Pharmacy (Drugs and Other Biologicals),,,,,0.00,0.00,"$200,239.00",0,0,0
,Other,,,,,0.00,0.00,$0.00,0,0,0
,Aggregate for 'J' Codes,,ALL,,,0.00,0.00,"$1,036,287.00",0,0,0
West Michigan,,,,,,,,,,,
,State Psychiatric Hospital - Inpatient PT22,"0100, 0101, 0114, 0124, 0134, 0154",,PT22,Days,0.00,0.00,$0.00,0,0,0
,State Mental Retardation Facility - Inpatient (ICF/MR) PT65,"0100, 0101, 0114, 0124, 0134, 0154",,PT65,Days,0.00,0.00,$0.00,0,0,0
,Local Psychiatric Hospital/IMD PT68,"0100, 0101, 0114, 0124, 0134, 0154",,PT68,Days,1.00,11.00,"$7,972.00",7972,725,11
,Local Psychiatric Hospital - Acute Community PT73,"0100, 0101, 0114, 0124, 0134, 0154",,PT73,Days,94.00,731.00,"$529,785.00",5636,725,8
,Inpatient Hospital Ancillary Services - Leave of Absence,0183,,,Days,0.00,0.00,$0.00,0,0,0
,Inpatient Hospital Ancillary Services - Pharmacy,"0250-0254, 0257-0258 ",,,,0.00,0.00,$0.00,0,0,0
,Inpatient Hospital Ancillary Services - Medical/Surgical Supplies and Devices,0270-0272,,,# of items,0.00,0.00,$0.00,0,0,0
,Inpatient Hospital Ancillary Services - Laboratory,"0300-0302, 0305-0307",,,# of tests,0.00,0.00,$0.00,0,0,0
,Inpatient Hospital Ancillary Services - Radiology,0320,,,# of tests,0.00,0.00,$0.00,0,0,0
,ECT Anesthesia,0370,,,,0.00,0.00,$0.00,0,0,0
,Inpatient Hospital Ancillary Services - Respiratory Services,0410,,,# of treatments,0.00,0.00,$0.00,0,0,0
,Inpatient Hospital Ancillary Services -Physical Therapy,0420-0424,,,# of treatments,0.00,0.00,$0.00,0,0,0
,Inpatient Hospital Ancillary Services - Occupational Therapy,0430-0434,,,# of treatments,0.00,0.00,$0.00,0,0,0
,Inpatient Hospital Ancillary Services - Speech-Language Pathology,0440-0444,,,# of treatments,0.00,0.00,$0.00,0,0,0
,Inpatient Hospital Ancillary Services - Emergency Room,0450,,,# of visits,0.00,0.00,$0.00,0,0,0
,Inpatient Hospital Ancillary Services - Pulmonary Function,0460,,,# of tests,0.00,0.00,$0.00,0,0,0
,Inpatient Hospital Ancillary Services - Audiology,0470-0472,,,# of tests,0.00,0.00,$0.00,0,0,0
,Inpatient Hospital Ancillary Services - Magnetic Resonance Technology (MRT),0610-0611,,,# of tests,0.00,0.00,$0.00,0,0,0
,Inpatient Hospital Ancillary Services - Pharmacy,0636,,,# of units,0.00,0.00,$0.00,0,0,0
,ECT Recovery Room,0701,,,,0.00,0.00,$0.00,0,0,0
,Inpatient Hospital Ancillary Services -EKG/ECG,0730-0731,,,# of tests,0.00,0.00,$0.00,0,0,0
,Inpatient Hospital Ancillary Services - EEG,0740,,,# of tests,0.00,0.00,$0.00,0,0,0
,Crisis Observation Care,0762,,,Hour,0.00,0.00,$0.00,0,0,0
,Additional Codes-ECT Facility Charge,0901,,,Encounter,0.00,0.00,$0.00,0,0,0
,Inpatient Hospital Ancillary Services - Psychiatric/Psychological Treatments/Services,"0900, 0902-0904, 0911, 0914-0919",,,# of visits,0.00,0.00,$0.00,0,0,0
,Outpatient Partial Hospitalization,0912,,,Days,0.00,0.00,$0.00,0,0,0
,Outpatient Partial Hospitalization,0913,,,Days,0.00,0.00,$0.00,0,0,0
,Inpatient Hospital Ancillary Services - Other Diagnosis Services,0925,,,# of tests,0.00,0.00,$0.00,0,0,0
,Inpatient Hospital Ancillary Services - Other Therapeutic Services,0940-0942,,,# of visits,0.00,0.00,$0.00,0,0,0
,Additional Codes-ECT Anesthesia,,00104,,Minutes,0.00,0.00,$0.00,0,0,0
,Drug Screen for Methadone Clients Only,,80100,,Per Screen,0.00,0.00,$0.00,0,0,0
,Drug Screen for Methadone Clients Only,,80101,,Per Screen,0.00,0.00,$0.00,0,0,0
,Alcohol Breath Test for Methadone Clients Only,,82075,,Per Test,0.00,0.00,$0.00,0,0,0
,Medication Administration,,90772,,Encounter,29.00,117.00,"$16,408.00",566,140,4
,Assessment-Psychiatric Assessment,,90801,,Encounter,225.00,243.00,"$93,239.00",414,384,1
,Substance Abuse: Psychiatric Evaluation,,90801,,Encounter,0.00,0.00,$0.00,0,0,0
,Assessment-Psychiatric Assessment,,90802,,Encounter,0.00,0.00,$0.00,0,0,0
,Substance Abuse: Psychiatric Evaluation,,90802,,Encounter,0.00,0.00,$0.00,0,0,0
,Therapy-Individual Therapy,,90804,,Encounter 20-30 Min,108.00,197.00,"$12,326.00",114,63,2
,Substance Abuse: Outpatient Treatment,"0900, 0914, 0915, 0916, 0919",90804,,Encounter 20-30 Min,0.00,0.00,$0.00,0,0,0
West Michigan,,,,,,,,,,,
,Therapy-Individual Therapy,,90805,,Encounter 20-30 Min,0.00,0.00,$0.00,0,0,0
,Substance Abuse: Outpatient Treatment,"0900, 0914, 0915, 0916, 0919",90805,,Encounter 20-30 Min,0.00,0.00,$0.00,0,0,0
,Therapy-Individual Therapy,,90806,,Encounter 45-50 Min,547.00,"4,913.00","$614,764.00",1124,125,9
,Substance Abuse: Outpatient Treatment,"0900, 0914, 0915, 0916, 0919",90806,,Encounter 45-50 Min,0.00,0.00,$0.00,0,0,0
,Therapy-Individual Therapy,,90807,,Encounter 45-50 Min,0.00,0.00,$0.00,0,0,0
,Substance Abuse: Outpatient Treatment,"0900, 0914, 0915, 0916, 0919",90807,,Encounter 45-50 Min,0.00,0.00,$0.00,0,0,0
,Therapy-Individual Therapy,,90808,,Encounter 75-80 Min,63.00,137.00,"$25,715.00",408,188,2
,Substance Abuse: Outpatient Treatment,"0900, 0914, 0915, 0916, 0919",90808,,Encounter 75-80 Min,0.00,0.00,$0.00,0,0,0
,Therapy-Individual Therapy,,90809,,Encounter 75-80 Min,0.00,0.00,$0.00,0,0,0
,Substance Abuse: Outpatient Treatment,"0900, 0914, 0915, 0916, 0919",90809,,Encounter 75-80 Min,0.00,0.00,$0.00,0,0,0
,Therapy-Individual Therapy,,90810,,Encounter 20-30 Min,0.00,0.00,$0.00,0,0,0
,Substance Abuse: Outpatient Treatment,"0900, 0914, 0915, 0916, 0919",90810,,Encounter 20-30 Min,0.00,0.00,$0.00,0,0,0
,Therapy-Individual Therapy,,90811,,Encounter 20-30 Min,0.00,0.00,$0.00,0,0,0
,Substance Abuse: Outpatient Treatment,"0900, 0914, 0915, 0916, 0919",90811,,Encounter 20-30 Min,0.00,0.00,$0.00,0,0,0
,Therapy-Individual Therapy,,90812,,Encounter 45-50 Min,0.00,0.00,$0.00,0,0,0
,Substance Abuse: Outpatient Treatment,"0900, 0914, 0915, 0916, 0919",90812,,Encounter 45-50 Min,0.00,0.00,$0.00,0,0,0
,Therapy-Individual Therapy,,90813,,Encounter 45-50 Min,0.00,0.00,$0.00,0,0,0
,Substance Abuse: Outpatient Treatment,"0900, 0914, 0915, 0916, 0919",90813,,Encounter 45-50 Min,0.00,0.00,$0.00,0,0,0
,Therapy-Individual Therapy,,90814,,Encounter 75-80 Min,0.00,0.00,$0.00,0,0,0
,Substance Abuse: Outpatient Treatment,"0900, 0914, 0915, 0916, 0919",90814,,Encounter 75-80 Min,0.00,0.00,$0.00,0,0,0
,Therapy-Individual Therapy,,90815,,Encounter 75-80 Min,0.00,0.00,$0.00,0,0,0
,Substance Abuse: Outpatient Treatment,"0900, 0914, 0915, 0916, 0919",90815,,Encounter 75-80 Min,0.00,0.00,$0.00,0,0,0
,Therapy-Individual Therapy,,90816,,Encounter 20-30 Min,0.00,0.00,$0.00,0,0,0
,Therapy-Individual Therapy,,90817,,Encounter 20-30 Min,0.00,0.00,$0.00,0,0,0
,Therapy-Individual Therapy,,90818,,Encounter 45-50 Min,0.00,0.00,$0.00,0,0,0
,Therapy-Individual Therapy,,90819,,Encounter 45-50 Min,0.00,0.00,$0.00,0,0,0
,Therapy-Individual Therapy,,90821,,Encounter 75-80 Min,0.00,0.00,$0.00,0,0,0
,Therapy-Individual Therapy,,90822,,Encounter 75-80 Min,0.00,0.00,$0.00,0,0,0
,Therapy-Individual Therapy,,90823,,Encounter 20-30 Min,0.00,0.00,$0.00,0,0,0
,Therapy-Individual Therapy,,90824,,Encounter 20-30 Min,0.00,0.00,$0.00,0,0,0
,Therapy-Individual Therapy,,90826,,Encounter 45-50 Min,0.00,0.00,$0.00,0,0,0
,Substance Abuse: Psychotherapy (Individual Therapy),,90826,,Encounter 45-50 Min,0.00,0.00,$0.00,0,0,0
,Therapy-Individual Therapy,,90827,,Encounter 45-50 Min,0.00,0.00,$0.00,0,0,0
,Therapy-Individual Therapy,,90828,,Encounter 75-80 Min,0.00,0.00,$0.00,0,0,0
,Therapy-Individual Therapy,,90829,,Encounter 75-80 Min,0.00,0.00,$0.00,0,0,0
,Therapy-Family Therapy,,90846,,Encounter,0.00,0.00,$0.00,0,0,0
,Therapy-Family Therapy,,90847,,Encounter,17.00,74.00,"$9,380.00",552,127,4
,Substance Abuse: Outpatient Treatment,"0900, 0906, 0914, 0915, 0916, 0919",90847,,Encounter,0.00,0.00,$0.00,0,0,0
,Therapy-Family Therapy,,90849,,Encounter,0.00,0.00,$0.00,0,0,0
,Therapy-Family Therapy,,90849,HS,Encounter,0.00,0.00,$0.00,0,0,0
West Michigan,,,,,,,,,,,
,Therapy-Group Therapy,,90853,,Encounter,42.00,143.00,"$12,255.00",292,86,3
,Substance Abuse: Outpatient Treatment,"0900, 0906, 0914, 0915, 0916, 0919",90853,,Encounter,0.00,0.00,$0.00,0,0,0
,Therapy-Group Therapy,,90857,,Encounter,0.00,0.00,$0.00,0,0,0
,Substance Abuse: Outpatient Treatment,"0900, 0906, 0914, 0915, 0916, 0919",90857,,Encounter,0.00,0.00,$0.00,0,0,0
,Medication Review ,,90862,,Encounter,473.00,"1,693.00","$266,437.00",563,157,4
,Substance Abuse: Medication Review,"0900, 0914, 0915, 0916, 0919",90862,,Encounter,0.00,0.00,$0.00,0,0,0
,Additional Codes-ECT Physician,,90870,,Encounter,0.00,0.00,$0.00,0,0,0
,Additional Codes-ECT Physician,0901,90870,,Encounter,0.00,0.00,$0.00,0,0,0
,Assessments-Other,,90887,,Encounter,23.00,48.00,"$10,884.00",473,227,2
,Speech & Language Therapy ,,92506,,Encounter,0.00,0.00,$0.00,0,0,0
,Speech & Language Therapy ,,92507,,Encounter,0.00,0.00,$0.00,0,0,0
,Speech & Language Therapy ,,92508,,Encounter,0.00,0.00,$0.00,0,0,0
,Speech & Language Therapy ,,92526,,Encounter,0.00,0.00,$0.00,0,0,0
,Speech & Language Therapy ,,92610,,Encounter,0.00,0.00,$0.00,0,0,0
,Evaluation of Auditory Rehabilitation Status (Children's Waiver),,92626,,First Hour,0.00,0.00,$0.00,0,0,0
,Evaluation of Auditory Rehabiliation Status (Children's Waiver),,92627,,Each Additional 15 Minutes,0.00,0.00,$0.00,0,0,0
,Auditory Rehabilitation Preling Hearing Loss (Children's Waiver),,92630,,Encounter,0.00,0.00,$0.00,0,0,0
,Auditory Rehabilitation; Post-Lingual Hearing Loss (Children's Waiver),,92633,,Encounter,0.00,0.00,$0.00,0,0,0
,Psychological Testing PSYCH/PHYS ,,96101,,Per Hour,21.00,128.00,"$17,500.00",833,137,6
,Psychological Testing by Technician ,,96102,,Per Hour,0.00,0.00,$0.00,0,0,0
,Psychological Testing by Comp ,,96103,,Per Hour,0.00,0.00,$0.00,0,0,0
,Assessments-Other,,96105,,Encounter,0.00,0.00,$0.00,0,0,0
,Assessments-Other,,96110,,Encounter,0.00,0.00,$0.00,0,0,0
,Assessments-Other,,96111,,Encounter,0.00,0.00,$0.00,0,0,0
,Neurobehavioral Status Exam (Children's Waiver),,96116,,Per Hour,0.00,0.00,$0.00,0,0,0
,Neuropsych test by Psych/Phys ,,96118,,Per Hour,0.00,0.00,$0.00,0,0,0
,Neuropsych test by Tech ,,96119,,Per Hour,0.00,0.00,$0.00,0,0,0
,Neuropsych test Admin w/Comp ,,96120,,Per Hour,0.00,0.00,$0.00,0,0,0
,Medication Administration,,96372,,Encounter,0.00,0.00,$0.00,0,0,0
,Physical Therapy,,97001,,Encounter,0.00,0.00,$0.00,0,0,0
,Physical Therapy,,97002,,Encounter,0.00,0.00,$0.00,0,0,0
,Occupational Therapy,,97003,,Encounter,0.00,0.00,$0.00,0,0,0
,Occupational Therapy,,97004,,Encounter,0.00,0.00,$0.00,0,0,0
,Occupational or Physical Therapy,,97110,,15 Minutes,0.00,0.00,$0.00,0,0,0
,Occupational or Physical Therapy,,97112,,15 Minutes,0.00,0.00,$0.00,0,0,0
,Occupational or Physical Therapy,,97113,,15 Minutes,0.00,0.00,$0.00,0,0,0
,Occupational or Physical Therapy,,97116,,15 Minutes,0.00,0.00,$0.00,0,0,0
,Occupational or Physical Therapy,,97124,,15 Minutes,0.00,0.00,$0.00,0,0,0
,Occupational or Physical Therapy,,97140,,15 Minutes,0.00,0.00,$0.00,0,0,0
,Occupational or Physical Therapy,,97150,,Encounter,0.00,0.00,$0.00,0,0,0
,Occupational or Physical Therapy,,97530,,15 Minutes,0.00,0.00,$0.00,0,0,0
,Occupational or Physical Therapy,,97532,,15 Minutes,0.00,0.00,$0.00,0,0,0
,Occupational or Physical Therapy,,97533,,15 Minutes,0.00,0.00,$0.00,0,0,0
,Occupational or Physical Therapy,,97535,,15 Minutes,0.00,0.00,$0.00,0,0,0
,Occupational or Physical Therapy,,97537,,15 Minutes,0.00,0.00,$0.00,0,0,0
,Occupational or Physical Therapy,,97542,,15 Minutes,0.00,0.00,$0.00,0,0,0
,Occupational Therapy,,97703,,15 Minutes,0.00,0.00,$0.00,0,0,0
West Michigan,,,,,,,,,,,
,Occupational Therapy,,97750,,15 Minutes,0.00,0.00,$0.00,0,0,0
,Occupational Therapy,,97755,,15 Minutes,0.00,0.00,$0.00,0,0,0
,Occupational Therapy,,97760,,15 Minutes,0.00,0.00,$0.00,0,0,0
,C/O for Orthotic/Prosth Use ,,97762,,15 minutes,0.00,0.00,$0.00,0,0,0
,Assessment or Health Services,,97802,,15 Minutes,0.00,0.00,$0.00,0,0,0
,Assessment or Health Services,,97803,,15 Minutes,1.00,6.00,$244.00,244,41,6
,Health Services,,97804,,30 Minutes,0.00,0.00,$0.00,0,0,0
,Additional Codes-Physician Services,,99201,,Encounter,0.00,0.00,$0.00,0,0,0
,Additional Codes-Physician Services,,99202,,Encounter,0.00,0.00,$0.00,0,0,0
,Additional Codes-Physician Services,,99203,,Encounter,0.00,0.00,$0.00,0,0,0
,Additional Codes-Physician Services,,99204,,Encounter,0.00,0.00,$0.00,0,0,0
,Additional Codes-Physician Services,,99205,,Encounter,0.00,0.00,$0.00,0,0,0
,Additional Codes-Physician Services  Medication Administration,,99211,,Encounter,32.00,324.00,"$45,438.00",1420,140,10
,Additional Codes-Physician Services,,99212,,Encounter,0.00,0.00,$0.00,0,0,0
,Additional Codes-Physician Services,,99213,,Encounter,0.00,0.00,$0.00,0,0,0
,Additional Codes-Physician Services,,99214,,Encounter,0.00,0.00,$0.00,0,0,0
,Additional Codes-Physician Services,,99215,,Encounter,0.00,0.00,$0.00,0,0,0
,Additional Codes-Physician Services,,99221,,30 Minutes,0.00,0.00,$0.00,0,0,0
,Additional Codes-Physician Services,,99222,,50 Minutes,0.00,0.00,$0.00,0,0,0
,Additional Codes-Physician Services,,99223,,70 Minutes,0.00,0.00,$0.00,0,0,0
,Additional Codes-Physician Services,,99231,,15 Minutes,0.00,0.00,$0.00,0,0,0
,Additional Codes-Physician Services,,99232,,25 minutes,0.00,0.00,$0.00,0,0,0
,Additional Codes-Physician Services,,99233,,35 Minutes,0.00,0.00,$0.00,0,0,0
,Additional Codes-Physician Services,,99238,,30 Minutes or less,0.00,0.00,$0.00,0,0,0
,Additional Codes-Physician Services,,99241,,Encounter,0.00,0.00,$0.00,0,0,0
,Additional Codes-Physician Services,,99242,,Encounter,0.00,0.00,$0.00,0,0,0
,Additional Codes-Physician Services,,99243,,Encounter,0.00,0.00,$0.00,0,0,0
,Additional Codes-Physician Services,,99244,,Encounter,0.00,0.00,$0.00,0,0,0
,Additional Codes-Physician Services,,99245,,Encounter,0.00,0.00,$0.00,0,0,0
,Additional Codes-Physician Services,,99251,,Encounter,0.00,0.00,$0.00,0,0,0
,Additional Codes-Physician Services,,99252,,Encounter,0.00,0.00,$0.00,0,0,0
,Additional Codes-Physician Services,,99253,,Encounter,0.00,0.00,$0.00,0,0,0
,Additional Codes-Physician Services,,99254,,Encounter,0.00,0.00,$0.00,0,0,0
,Additional Codes-Physician Services,,99255,,Encounter,0.00,0.00,$0.00,0,0,0
,Additional Codes-Physician Services,,99261,,Encounter,0.00,0.00,$0.00,0,0,0
,Additional Codes-Physician Services,,99262,,Encounter,0.00,0.00,$0.00,0,0,0
,Additional Codes-Physician Services,,99263,,Encounter,0.00,0.00,$0.00,0,0,0
,Additional Codes-Physician Services,,99271,,Encounter,0.00,0.00,$0.00,0,0,0
,Additional Codes-Physician Services,,99272,,Encounter,0.00,0.00,$0.00,0,0,0
,Additional Codes-Physician Services,,99273,,Encounter,0.00,0.00,$0.00,0,0,0
,Additional Codes-Physician Services,,99274,,Encounter,0.00,0.00,$0.00,0,0,0
,Additional Codes-Physician Services,,99275,,Encounter,0.00,0.00,$0.00,0,0,0
,Medication Administration,,99605,,Encounter,1.00,1.00,$147.00,147,147,1
,Transportation,,A0080,,Per mile,0.00,0.00,$0.00,0,0,0
,Transportation,,A0090,,Per mile,0.00,0.00,$0.00,0,0,0
,Transportation,,A0100,,Per one-way trip,0.00,0.00,$0.00,0,0,0
,Transportation,,A0110,,Per one-way trip,0.00,0.00,$0.00,0,0,0
,Transportation,,A0120,,Per one-way trip,0.00,0.00,$0.00,0,0,0
,Transportation,,A0130,,Per one-way trip,0.00,0.00,$0.00,0,0,0
,Transportation,,A0140,,Per one-way trip,0.00,0.00,$0.00,0,0,0
West Michigan,,,,,,,,,,,
,Transportation,,A0170,,,0.00,0.00,$0.00,0,0,0
,Additional Codes-Transportation,,A0425,,Per Mile,0.00,0.00,$0.00,0,0,0
,Additional Codes-Transportation,,A0427,,Refer to code descriptions.,0.00,0.00,$0.00,0,0,0
,Additional codes - Transportation,,A0428,,,0.00,0.00,$0.00,0,0,0
,Repair or Non-Routine Service for DME (Children's Waiver),,E1340,,15 Minutes,0.00,0.00,$0.00,0,0,0
,Enhanced Medical Equipment-Supplies,,E1399,,Items,0.00,0.00,$0.00,0,0,0
,Activity Therapy (Children's Waiver),,G0176,,Encounter,0.00,0.00,$0.00,0,0,0
,Family Training/Support EBP only,,G0177,,Encounter Session at least 45 min,28.00,150.00,"$25,767.00",920,172,5
,Substance Abuse: Individual Assessment,,H0001,,Encounter,0.00,0.00,$0.00,0,0,0
,Assessment ,,H0002,,Encounter,31.00,40.00,"$10,626.00",343,266,1
,Substance Abuse: Individual Assessment,,H0002,,Encounter,0.00,0.00,$0.00,0,0,0
,Substance Abuse:Laboratory,,H0003,,Encounter,0.00,0.00,$0.00,0,0,0
,Substance Abuse: Outpatient Treatment,"0900, 0906, 0914, 0915, 0916, 0919",H0004,,15 Minutes,0.00,0.00,$0.00,0,0,0
,Substance Abuse: Outpatient Treatment,"0900, 0906, 0914, 0915, 0916, 0919",H0005,,Encounter,0.00,0.00,$0.00,0,0,0
,Substance Abuse: Case Management,,H0006,,Encounter,0.00,0.00,$0.00,0,0,0
,Substance Abuse: Sub-Acute Detoxification,1002,H0010,,Days,0.00,0.00,$0.00,0,0,0
,Substance Abuse: Sub-Acute Detoxification,1002,H0012,,Days,0.00,0.00,$0.00,0,0,0
,Substance Abuse: Sub-Acute Detoxification,1002,H0014,,Days,0.00,0.00,$0.00,0,0,0
,Substance Abuse: Outpatient Care,"0900, 0906, 0914, 0915, 0916, 0919",H0015,,Days,0.00,0.00,$0.00,0,0,0
,Crisis Residential Services,,H0018,,Days,5.00,12.00,"$3,727.00",745,311,2
,Substance Abuse: Residential,1002,H0018,,Days,0.00,0.00,$0.00,0,0,0
,Substance Abuse: Residential,1002,H0019,,Days,0.00,0.00,$0.00,0,0,0
,Substance Abuse: Methadone,,H0020,,Encounter,0.00,0.00,$0.00,0,0,0
,Substance Abuse: Early Intervention,,H0022,,Encounter,0.00,0.00,$0.00,0,0,0
,Peer Directed and Operated Support Services,,H0023,,Encounter,0.00,0.00,$0.00,0,0,0
,Prevention Services - Direct Model,,H0025,,Face to Face Contact,0.00,0.00,$0.00,0,0,0
,Crisis Intervention,,H0030,,Per Service,0.00,0.00,$0.00,0,0,0
,Assessment ,,H0031,,Encounter,726.00,903.00,"$231,096.00",318,256,1
,Substance Abuse: Assessment,,H0031,,Encounter,0.00,0.00,$0.00,0,0,0
,Treatment Planning,,H0032,,Encounter,544.00,576.00,"$58,896.00",108,102,1
,Monitoring of Treatment - Clinician,,H0032,TS,Encounter,0.00,0.00,$0.00,0,0,0
,Substance Abuse: Pharmalogical Support - Suboxane,,H0033,,Direct Observation Encounter,0.00,0.00,$0.00,0,0,0
,Health Services,,H0034,,15 Minutes,0.00,0.00,$0.00,0,0,0
,Home Based Services,,H0036,,15 Minutes,0.00,0.00,$0.00,0,0,0
,Home Based Services,,H0036,ST,15 Minutes,0.00,0.00,$0.00,0,0,0
,Community Psychiatric Supportive Treatment ,,H0037,,Per diem,0.00,0.00,$0.00,0,0,0
,Peer Directed and Operated Support Services,,H0038,,15 minutes,104.00,"15,441.00","$150,704.00",1449,10,148
,Peer Directed and Operated Support Services,,NA,,,0.00,0.00,$0.00,0,0,0
,Assertive Community Treatment (ACT),,H0039,,15 Minutes,67.00,"20,276.00","$639,100.00",9539,32,303
,Community Living Supports in Independent living/own home,,H0043,,Per diem,0.00,0.00,$0.00,0,0,0
,Community Living Supports in Independent living/own home,,H0043,TT,Per diem,0.00,0.00,$0.00,0,0,0
,Respite,,H0045,,Days,0.00,0.00,$0.00,0,0,0
,Respite (Children's Waiver),,H0045,TD,Per Diem,0.00,0.00,$0.00,0,0,0
,Respite (Children's Waiver),,H0045,TE,Per Diem,0.00,0.00,$0.00,0,0,0
,Substance Abuse:Laboratory (cells now unlocked),,H0048,,Encounter,0.00,0.00,$0.00,0,0,0
,Substance Abuse: Individual Assessment,,H0049,,Encounter,0.00,0.00,$0.00,0,0,0
,Behavior Treatment Plan Review,,H2000,,Encounter,2.00,3.00,$189.00,94,63,2
,Behavior Treatment Plan Review - Monitoring Activities,,H2000,TS,Encounter,3.00,3.00,$580.00,193,193,1
West Michigan,,,,,,,,,,,
,Comprehensive Medication Services - EBP only,,H2010,,15 minutes,0.00,0.00,$0.00,0,0,0
,Crisis Intervention,,H2011,,15 Minutes,604.00,"3,545.00","$221,350.00",366,62,6
,Skill-Building and Out of Home Non Vocational Habilitation,,H2014,,15 minutes,18.00,"1,147.00","$7,995.00",444,7,64
,Skill-Building and Out of Home Non Vocational Habilitation,,H2014,TT,15 Minutes,30.00,"14,502.00","$53,222.00",1774,4,483
,Community Living Supports (15 Minutes),,H2015,,15 Minutes,526.00,"42,233.00","$265,646.00",505,6,80
,Community Living Supports (15 Minutes),,H2015,TT,15 Minutes,35.00,"9,290.00","$57,877.00",1654,6,265
,Community Living Supports (Daily),,H2016,,Per Diem,4.00,274.00,"$4,011.00",1003,15,69
,Community Living Supports (Daily),,H2016,TF,Per Diem,5.00,546.00,"$21,370.00",4274,39,109
,Community Living Supports (Daily),,H2016,TG,Per Diem,37.00,"5,025.00","$662,898.00",17916,132,136
,Behavior Services,,H2019,,15 Minutes,0.00,0.00,$0.00,0,0,0
,Behavior Services,,H2019,TT,15 Minutes,0.00,0.00,$0.00,0,0,0
,Crisis Intervention,,H2020,,Days,0.00,0.00,$0.00,0,0,0
,Wraparound,,H2021,,15 Minutes,0.00,0.00,$0.00,0,0,0
,Wraparound,,H2022,,Days,0.00,0.00,$0.00,0,0,0
,Supported Employment Services,,H2023,,15 minutes,6.00,70.00,"$1,074.00",179,15,12
,Supported Employment Services,,H2023,TT,15 Minutes,23.00,"3,734.00","$10,194.00",443,3,162
,Mental Health Therapy,,H2027,,15 Minutes,0.00,0.00,$0.00,0,0,0
,Clubhouse Psychosocial Rehabilitation Programs ,,H2030,,15 Minutes,0.00,0.00,$0.00,0,0,0
,Home Based Services,,H2033,,15 Minutes,0.00,0.00,$0.00,0,0,0
,Substance Abuse: Outpatient Care,"0900, 0906, 0914, 0915, 0916, 0919",H2035,,Hour,0.00,0.00,$0.00,0,0,0
,Substance Abuse: Outpatient Care,"0900, 0906, 0914, 0915, 0916, 0919",H2036,,Per Diem,0.00,0.00,$0.00,0,0,0
,Medication Review ,,M0064,,"Encounter Face-to-Face, generally less than 10 minutes",661.00,"2,650.00","$275,256.00",416,104,4
,Transportation,,S0209,,Per Mile,0.00,0.00,$0.00,0,0,0
,Transportation,,S0215,,Per Mile,0.00,0.00,$0.00,0,0,0
,Family Training - EBP,,S5110,,15 Minutes,11.00,111.00,"$2,159.00",196,19,10
,Family Training,,S5111,,Encounter,35.00,235.00,"$41,922.00",1198,178,7
,Family Training,,S5111,HA,Encounter,0.00,0.00,$0.00,0,0,0
,"Home Care Training, Non-Family (Children's Waiver)",,S5116,,Encounter,0.00,0.00,$0.00,0,0,0
,Chore Services,,S5120,,15 Minutes,0.00,0.00,$0.00,0,0,0
,Foster Care,,S5140,,Days,0.00,0.00,$0.00,0,0,0
,Foster Care,,S5145,,Days,0.00,0.00,$0.00,0,0,0
,Respite,,S5150,,15 Minutes,0.00,0.00,$0.00,0,0,0
,Respite,,S5151,,Per Diem,0.00,0.00,$0.00,0,0,0
,Personal Emergency Response System (PERS),,S5160,,Encounter,0.00,0.00,$0.00,0,0,0
,Personal Emergency Response System (PERS),,S5161,,Month,0.00,0.00,$0.00,0,0,0
,Environmental Modification ,,S5165,,Service,0.00,0.00,$0.00,0,0,0
,Enhanced Medical Equipment-Supplies,,S5199,,Items,0.00,0.00,$0.00,0,0,0
,Occupational or Physical Therapy,,S8990,,Encounter,0.00,0.00,$0.00,0,0,0
,Private Duty Nursing,0582,S9123,,Hour,0.00,0.00,$0.00,0,0,0
,Private Duty Nursing,,S9123,,Hour,0.00,0.00,$0.00,0,0,0
,Private Duty Nursing,,S9123,TT,Hour,0.00,0.00,$0.00,0,0,0
,Private Duty Nursing,0582,S9124,,Hour,0.00,0.00,$0.00,0,0,0
,Private Duty Nursing,,S9124,,Hour,0.00,0.00,$0.00,0,0,0
,Private Duty Nursing,,S9124,TT,Hour,0.00,0.00,$0.00,0,0,0
,Respite Care in the Home (RN) (Children's Waiver),,S9125,TD,Per Diem,0.00,0.00,$0.00,0,0,0
,Respite Care in the Home (LPN) (Children's Waiver),,S9125,TE,Per Diem,0.00,0.00,$0.00,0,0,0
,Health Services,,S9445,,Encounter,0.00,0.00,$0.00,0,0,0
,Health Services,,S9446,,Encounter,0.00,0.00,$0.00,0,0,0
West Michigan,,,,,,,,,,,
,Health Services,,S9470,,Encounter,0.00,0.00,$0.00,0,0,0
,Intensive Crisis Stabilization-Enrolled Program,,S9484,,Hour,0.00,0.00,$0.00,0,0,0
,Reidential Room and Board,,S9976,,Days,0.00,0.00,$0.00,0,0,0
,Private Duty Nursing,,T1000,,Up to 15 min,0.00,0.00,$0.00,0,0,0
,Private Duty Nursing,,T1000,TD,Up to 15 min,0.00,0.00,$0.00,0,0,0
,Private Duty Nursing,,T1000,TE,Up to 15 min,0.00,0.00,$0.00,0,0,0
,Assessment,,T1001,,Encounter,9.00,9.00,"$3,196.00",355,355,1
,Health Services,,T1002,,Up to 15 min,76.00,304.00,"$25,062.00",330,82,4
,Respite Care,,T1005,,15 Minutes,0.00,0.00,$0.00,0,0,0
,Respite Care,,T1005,TD,15 Minutes,0.00,0.00,$0.00,0,0,0
,Respite Care,,T1005,TE,15 Minutes,0.00,0.00,$0.00,0,0,0
,Substance Abuse: Recovery Support Services,"0900, 0906, 0914, 0915, 0916, 0919",T1012,,Encounter,0.00,0.00,$0.00,0,0,0
,Family Psycho-Education - EBP,,T1015,,Encounter,10.00,22.00,"$4,683.00",468,213,2
,Supports Coordination/Wrap Facilitation,,T1016,,15 minutes,0.00,0.00,$0.00,0,0,0
,Targeted Case Management ,,T1017,,15 minutes,704.00,"23,378.00","$1,171,939.00",1665,50,33
,Nursing Home Mental Health Monitoring,,T1017,SE,15 minutes,0.00,0.00,$0.00,0,0,0
,Personal Care in Licensed Specialized Residential Setting,,T1020,,Days,8.00,"1,308.00","$46,630.00",5829,36,164
,Personal Care in Licensed Specialized Residential Setting,,T1020,TF,Days,5.00,"1,358.00","$93,498.00",18700,69,272
,Personal Care in Licensed Specialized Residential Setting,,T1020,TG,Days,3.00,546.00,"$55,910.00",18637,102,182
,Assessments,,T1023,,Encounter,69.00,75.00,"$12,753.00",185,170,1
,Enhanced Medical Supplies or Pharmacy,,T1999,,Items,0.00,0.00,$0.00,0,0,0
,Transportation,,T2001,,Encounter,0.00,0.00,$0.00,0,0,0
,Transportation,,T2002,,Per Diem,0.00,0.00,$0.00,0,0,0
,Transportation,,T2003,,Encounter / Trip,28.00,860.00,"$5,762.00",206,7,31
,Transportation,,T2004,,Encounter,0.00,0.00,$0.00,0,0,0
,Transportation,,T2005,,Encounter,0.00,0.00,$0.00,0,0,0
,Out of Home Prevocational Service,,T2015,,Hour,0.00,0.00,$0.00,0,0,0
,Targeted Case Management (Children's Waiver),,T2023,,Month,0.00,0.00,$0.00,0,0,0
,Fiscal Intermediary Services,,T2025,,Month,0.00,0.00,$0.00,0,0,0
,Enhanced Medical Equipment-Supplies,,T2028,,Items,0.00,0.00,$0.00,0,0,0
,Enhanced Medical Equipment-Supplies,,T2029,,Items,0.00,0.00,$0.00,0,0,0
,Crisis Intervention,,T2034,,Days,0.00,0.00,$0.00,0,0,0
,Respite Care,,T2036,,Encounter / Trip. Per session. One night = one session,0.00,0.00,$0.00,0,0,0
,Respite Care,,T2037,,Encounter / Trip  Per session. One day/partial day = one session,0.00,0.00,$0.00,0,0,0
,Housing Assistance,,T2038,,Month   Service,0.00,0.00,$0.00,0,0,0
,Enhanced Medical Equipment-Supplies,,T2039,,Items,0.00,0.00,$0.00,0,0,0
,Pharmacy (Drugs and Other Biologicals),,,,,0.00,0.00,$0.00,0,0,0
,Other,,,,,45.00,0.00,"$41,627.00",925,0,0
,Aggregate for 'J' Codes,,ALL,,,0.00,0.00,$0.00,0,0,0
Woodlands,,,,,,,,,,,
,State Psychiatric Hospital - Inpatient PT22,"0100, 0101, 0114, 0124, 0134, 0154",,PT22,Days,21.00,971.00,"$395,789.00",18847,408,46
,State Mental Retardation Facility - Inpatient (ICF/MR) PT65,"0100, 0101, 0114, 0124, 0134, 0154",,PT65,Days,0.00,0.00,$0.00,0,0,0
,Local Psychiatric Hospital/IMD PT68,"0100, 0101, 0114, 0124, 0134, 0154",,PT68,Days,25.00,194.00,"$116,752.00",4670,602,8
,Local Psychiatric Hospital - Acute Community PT73,"0100, 0101, 0114, 0124, 0134, 0154",,PT73,Days,24.00,263.00,"$104,515.00",4355,397,11
,Inpatient Hospital Ancillary Services - Leave of Absence,0183,,,Days,0.00,0.00,$0.00,0,0,0
,Inpatient Hospital Ancillary Services - Pharmacy,"0250-0254, 0257-0258 ",,,,0.00,0.00,$0.00,0,0,0
,Inpatient Hospital Ancillary Services - Medical/Surgical Supplies and Devices,0270-0272,,,# of items,0.00,0.00,$0.00,0,0,0
,Inpatient Hospital Ancillary Services - Laboratory,"0300-0302, 0305-0307",,,# of tests,0.00,0.00,$0.00,0,0,0
,Inpatient Hospital Ancillary Services - Radiology,0320,,,# of tests,0.00,0.00,$0.00,0,0,0
,ECT Anesthesia,0370,,,,0.00,0.00,$0.00,0,0,0
,Inpatient Hospital Ancillary Services - Respiratory Services,0410,,,# of treatments,0.00,0.00,$0.00,0,0,0
,Inpatient Hospital Ancillary Services -Physical Therapy,0420-0424,,,# of treatments,0.00,0.00,$0.00,0,0,0
,Inpatient Hospital Ancillary Services - Occupational Therapy,0430-0434,,,# of treatments,0.00,0.00,$0.00,0,0,0
,Inpatient Hospital Ancillary Services - Speech-Language Pathology,0440-0444,,,# of treatments,0.00,0.00,$0.00,0,0,0
,Inpatient Hospital Ancillary Services - Emergency Room,0450,,,# of visits,0.00,0.00,$0.00,0,0,0
,Inpatient Hospital Ancillary Services - Pulmonary Function,0460,,,# of tests,0.00,0.00,$0.00,0,0,0
,Inpatient Hospital Ancillary Services - Audiology,0470-0472,,,# of tests,0.00,0.00,$0.00,0,0,0
,Inpatient Hospital Ancillary Services - Magnetic Resonance Technology (MRT),0610-0611,,,# of tests,0.00,0.00,$0.00,0,0,0
,Inpatient Hospital Ancillary Services - Pharmacy,0636,,,# of units,0.00,0.00,$0.00,0,0,0
,ECT Recovery Room,0701,,,,0.00,0.00,$0.00,0,0,0
,Inpatient Hospital Ancillary Services -EKG/ECG,0730-0731,,,# of tests,0.00,0.00,$0.00,0,0,0
,Inpatient Hospital Ancillary Services - EEG,0740,,,# of tests,0.00,0.00,$0.00,0,0,0
,Crisis Observation Care,0762,,,Hour,0.00,0.00,$0.00,0,0,0
,Additional Codes-ECT Facility Charge,0901,,,Encounter,0.00,0.00,$0.00,0,0,0
,Inpatient Hospital Ancillary Services - Psychiatric/Psychological Treatments/Services,"0900, 0902-0904, 0911, 0914-0919",,,# of visits,0.00,0.00,$0.00,0,0,0
,Outpatient Partial Hospitalization,0912,,,Days,0.00,0.00,$0.00,0,0,0
,Outpatient Partial Hospitalization,0913,,,Days,0.00,0.00,$0.00,0,0,0
,Inpatient Hospital Ancillary Services - Other Diagnosis Services,0925,,,# of tests,0.00,0.00,$0.00,0,0,0
,Inpatient Hospital Ancillary Services - Other Therapeutic Services,0940-0942,,,# of visits,0.00,0.00,$0.00,0,0,0
,Additional Codes-ECT Anesthesia,,00104,,Minutes,0.00,0.00,$0.00,0,0,0
,Drug Screen for Methadone Clients Only,,80100,,Per Screen,0.00,0.00,$0.00,0,0,0
,Drug Screen for Methadone Clients Only,,80101,,Per Screen,0.00,0.00,$0.00,0,0,0
,Alcohol Breath Test for Methadone Clients Only,,82075,,Per Test,0.00,0.00,$0.00,0,0,0
,Medication Administration,,90772,,Encounter,18.00,72.00,"$7,113.00",395,99,4
,Assessment-Psychiatric Assessment,,90801,,Encounter,129.00,132.00,"$33,553.00",260,254,1
,Substance Abuse: Psychiatric Evaluation,,90801,,Encounter,0.00,0.00,$0.00,0,0,0
,Assessment-Psychiatric Assessment,,90802,,Encounter,0.00,0.00,$0.00,0,0,0
,Substance Abuse: Psychiatric Evaluation,,90802,,Encounter,0.00,0.00,$0.00,0,0,0
,Therapy-Individual Therapy,,90804,,Encounter 20-30 Min,28.00,52.00,"$4,281.00",153,82,2
,Substance Abuse: Outpatient Treatment,"0900, 0914, 0915, 0916, 0919",90804,,Encounter 20-30 Min,0.00,0.00,$0.00,0,0,0
Woodlands,,,,,,,,,,,
,Therapy-Individual Therapy,,90805,,Encounter 20-30 Min,0.00,0.00,$0.00,0,0,0
,Substance Abuse: Outpatient Treatment,"0900, 0914, 0915, 0916, 0919",90805,,Encounter 20-30 Min,0.00,0.00,$0.00,0,0,0
,Therapy-Individual Therapy,,90806,,Encounter 45-50 Min,279.00,"1,622.00","$269,172.00",965,166,6
,Substance Abuse: Outpatient Treatment,"0900, 0914, 0915, 0916, 0919",90806,,Encounter 45-50 Min,0.00,0.00,$0.00,0,0,0
,Therapy-Individual Therapy,,90807,,Encounter 45-50 Min,0.00,0.00,$0.00,0,0,0
,Substance Abuse: Outpatient Treatment,"0900, 0914, 0915, 0916, 0919",90807,,Encounter 45-50 Min,0.00,0.00,$0.00,0,0,0
,Therapy-Individual Therapy,,90808,,Encounter 75-80 Min,3.00,3.00,$756.00,252,252,1
,Substance Abuse: Outpatient Treatment,"0900, 0914, 0915, 0916, 0919",90808,,Encounter 75-80 Min,0.00,0.00,$0.00,0,0,0
,Therapy-Individual Therapy,,90809,,Encounter 75-80 Min,0.00,0.00,$0.00,0,0,0
,Substance Abuse: Outpatient Treatment,"0900, 0914, 0915, 0916, 0919",90809,,Encounter 75-80 Min,0.00,0.00,$0.00,0,0,0
,Therapy-Individual Therapy,,90810,,Encounter 20-30 Min,0.00,0.00,$0.00,0,0,0
,Substance Abuse: Outpatient Treatment,"0900, 0914, 0915, 0916, 0919",90810,,Encounter 20-30 Min,0.00,0.00,$0.00,0,0,0
,Therapy-Individual Therapy,,90811,,Encounter 20-30 Min,0.00,0.00,$0.00,0,0,0
,Substance Abuse: Outpatient Treatment,"0900, 0914, 0915, 0916, 0919",90811,,Encounter 20-30 Min,0.00,0.00,$0.00,0,0,0
,Therapy-Individual Therapy,,90812,,Encounter 45-50 Min,0.00,0.00,$0.00,0,0,0
,Substance Abuse: Outpatient Treatment,"0900, 0914, 0915, 0916, 0919",90812,,Encounter 45-50 Min,0.00,0.00,$0.00,0,0,0
,Therapy-Individual Therapy,,90813,,Encounter 45-50 Min,0.00,0.00,$0.00,0,0,0
,Substance Abuse: Outpatient Treatment,"0900, 0914, 0915, 0916, 0919",90813,,Encounter 45-50 Min,0.00,0.00,$0.00,0,0,0
,Therapy-Individual Therapy,,90814,,Encounter 75-80 Min,0.00,0.00,$0.00,0,0,0
,Substance Abuse: Outpatient Treatment,"0900, 0914, 0915, 0916, 0919",90814,,Encounter 75-80 Min,0.00,0.00,$0.00,0,0,0
,Therapy-Individual Therapy,,90815,,Encounter 75-80 Min,0.00,0.00,$0.00,0,0,0
,Substance Abuse: Outpatient Treatment,"0900, 0914, 0915, 0916, 0919",90815,,Encounter 75-80 Min,0.00,0.00,$0.00,0,0,0
,Therapy-Individual Therapy,,90816,,Encounter 20-30 Min,0.00,0.00,$0.00,0,0,0
,Therapy-Individual Therapy,,90817,,Encounter 20-30 Min,0.00,0.00,$0.00,0,0,0
,Therapy-Individual Therapy,,90818,,Encounter 45-50 Min,0.00,0.00,$0.00,0,0,0
,Therapy-Individual Therapy,,90819,,Encounter 45-50 Min,0.00,0.00,$0.00,0,0,0
,Therapy-Individual Therapy,,90821,,Encounter 75-80 Min,0.00,0.00,$0.00,0,0,0
,Therapy-Individual Therapy,,90822,,Encounter 75-80 Min,0.00,0.00,$0.00,0,0,0
,Therapy-Individual Therapy,,90823,,Encounter 20-30 Min,0.00,0.00,$0.00,0,0,0
,Therapy-Individual Therapy,,90824,,Encounter 20-30 Min,0.00,0.00,$0.00,0,0,0
,Therapy-Individual Therapy,,90826,,Encounter 45-50 Min,0.00,0.00,$0.00,0,0,0
,Substance Abuse: Psychotherapy (Individual Therapy),,90826,,Encounter 45-50 Min,0.00,0.00,$0.00,0,0,0
,Therapy-Individual Therapy,,90827,,Encounter 45-50 Min,0.00,0.00,$0.00,0,0,0
,Therapy-Individual Therapy,,90828,,Encounter 75-80 Min,0.00,0.00,$0.00,0,0,0
,Therapy-Individual Therapy,,90829,,Encounter 75-80 Min,0.00,0.00,$0.00,0,0,0
,Therapy-Family Therapy,,90846,,Encounter,2.00,2.00,$336.00,168,168,1
,Therapy-Family Therapy,,90847,,Encounter,11.00,28.00,"$4,683.00",426,167,3
,Substance Abuse: Outpatient Treatment,"0900, 0906, 0914, 0915, 0916, 0919",90847,,Encounter,0.00,0.00,$0.00,0,0,0
,Therapy-Family Therapy,,90849,,Encounter,0.00,0.00,$0.00,0,0,0
,Therapy-Family Therapy,,90849,HS,Encounter,0.00,0.00,$0.00,0,0,0
Woodlands,,,,,,,,,,,
,Therapy-Group Therapy,,90853,,Encounter,5.00,22.00,"$1,404.00",281,64,4
,Substance Abuse: Outpatient Treatment,"0900, 0906, 0914, 0915, 0916, 0919",90853,,Encounter,0.00,0.00,$0.00,0,0,0
,Therapy-Group Therapy,,90857,,Encounter,0.00,0.00,$0.00,0,0,0
,Substance Abuse: Outpatient Treatment,"0900, 0906, 0914, 0915, 0916, 0919",90857,,Encounter,0.00,0.00,$0.00,0,0,0
,Medication Review ,,90862,,Encounter,5.00,15.00,"$1,980.00",396,132,3
,Substance Abuse: Medication Review,"0900, 0914, 0915, 0916, 0919",90862,,Encounter,0.00,0.00,$0.00,0,0,0
,Additional Codes-ECT Physician,,90870,,Encounter,0.00,0.00,$0.00,0,0,0
,Additional Codes-ECT Physician,0901,90870,,Encounter,0.00,0.00,$0.00,0,0,0
,Assessments-Other,,90887,,Encounter,0.00,0.00,$0.00,0,0,0
,Speech & Language Therapy ,,92506,,Encounter,0.00,0.00,$0.00,0,0,0
,Speech & Language Therapy ,,92507,,Encounter,0.00,0.00,$0.00,0,0,0
,Speech & Language Therapy ,,92508,,Encounter,0.00,0.00,$0.00,0,0,0
,Speech & Language Therapy ,,92526,,Encounter,0.00,0.00,$0.00,0,0,0
,Speech & Language Therapy ,,92610,,Encounter,0.00,0.00,$0.00,0,0,0
,Evaluation of Auditory Rehabilitation Status (Children's Waiver),,92626,,First Hour,0.00,0.00,$0.00,0,0,0
,Evaluation of Auditory Rehabiliation Status (Children's Waiver),,92627,,Each Additional 15 Minutes,0.00,0.00,$0.00,0,0,0
,Auditory Rehabilitation Preling Hearing Loss (Children's Waiver),,92630,,Encounter,0.00,0.00,$0.00,0,0,0
,Auditory Rehabilitation; Post-Lingual Hearing Loss (Children's Waiver),,92633,,Encounter,0.00,0.00,$0.00,0,0,0
,Psychological Testing PSYCH/PHYS ,,96101,,Per Hour,0.00,0.00,$0.00,0,0,0
,Psychological Testing by Technician ,,96102,,Per Hour,0.00,0.00,$0.00,0,0,0
,Psychological Testing by Comp ,,96103,,Per Hour,0.00,0.00,$0.00,0,0,0
,Assessments-Other,,96105,,Encounter,0.00,0.00,$0.00,0,0,0
,Assessments-Other,,96110,,Encounter,0.00,0.00,$0.00,0,0,0
,Assessments-Other,,96111,,Encounter,0.00,0.00,$0.00,0,0,0
,Neurobehavioral Status Exam (Children's Waiver),,96116,,Per Hour,0.00,0.00,$0.00,0,0,0
,Neuropsych test by Psych/Phys ,,96118,,Per Hour,0.00,0.00,$0.00,0,0,0
,Neuropsych test by Tech ,,96119,,Per Hour,0.00,0.00,$0.00,0,0,0
,Neuropsych test Admin w/Comp ,,96120,,Per Hour,0.00,0.00,$0.00,0,0,0
,Medication Administration,,96372,,Encounter,19.00,221.00,"$21,832.00",1149,99,12
,Physical Therapy,,97001,,Encounter,0.00,0.00,$0.00,0,0,0
,Physical Therapy,,97002,,Encounter,0.00,0.00,$0.00,0,0,0
,Occupational Therapy,,97003,,Encounter,0.00,0.00,$0.00,0,0,0
,Occupational Therapy,,97004,,Encounter,0.00,0.00,$0.00,0,0,0
,Occupational or Physical Therapy,,97110,,15 Minutes,0.00,0.00,$0.00,0,0,0
,Occupational or Physical Therapy,,97112,,15 Minutes,0.00,0.00,$0.00,0,0,0
,Occupational or Physical Therapy,,97113,,15 Minutes,0.00,0.00,$0.00,0,0,0
,Occupational or Physical Therapy,,97116,,15 Minutes,0.00,0.00,$0.00,0,0,0
,Occupational or Physical Therapy,,97124,,15 Minutes,0.00,0.00,$0.00,0,0,0
,Occupational or Physical Therapy,,97140,,15 Minutes,0.00,0.00,$0.00,0,0,0
,Occupational or Physical Therapy,,97150,,Encounter,0.00,0.00,$0.00,0,0,0
,Occupational or Physical Therapy,,97530,,15 Minutes,1.00,5.00,$144.00,144,29,5
,Occupational or Physical Therapy,,97532,,15 Minutes,0.00,0.00,$0.00,0,0,0
,Occupational or Physical Therapy,,97533,,15 Minutes,0.00,0.00,$0.00,0,0,0
,Occupational or Physical Therapy,,97535,,15 Minutes,0.00,0.00,$0.00,0,0,0
,Occupational or Physical Therapy,,97537,,15 Minutes,0.00,0.00,$0.00,0,0,0
,Occupational or Physical Therapy,,97542,,15 Minutes,0.00,0.00,$0.00,0,0,0
,Occupational Therapy,,97703,,15 Minutes,0.00,0.00,$0.00,0,0,0
Woodlands,,,,,,,,,,,
,Occupational Therapy,,97750,,15 Minutes,0.00,0.00,$0.00,0,0,0
,Occupational Therapy,,97755,,15 Minutes,0.00,0.00,$0.00,0,0,0
,Occupational Therapy,,97760,,15 Minutes,0.00,0.00,$0.00,0,0,0
,C/O for Orthotic/Prosth Use ,,97762,,15 minutes,0.00,0.00,$0.00,0,0,0
,Assessment or Health Services,,97802,,15 Minutes,0.00,0.00,$0.00,0,0,0
,Assessment or Health Services,,97803,,15 Minutes,0.00,0.00,$0.00,0,0,0
,Health Services,,97804,,30 Minutes,0.00,0.00,$0.00,0,0,0
,Additional Codes-Physician Services,,99201,,Encounter,0.00,0.00,$0.00,0,0,0
,Additional Codes-Physician Services,,99202,,Encounter,0.00,0.00,$0.00,0,0,0
,Additional Codes-Physician Services,,99203,,Encounter,0.00,0.00,$0.00,0,0,0
,Additional Codes-Physician Services,,99204,,Encounter,0.00,0.00,$0.00,0,0,0
,Additional Codes-Physician Services,,99205,,Encounter,0.00,0.00,$0.00,0,0,0
,Additional Codes-Physician Services  Medication Administration,,99211,,Encounter,11.00,13.00,"$1,284.00",117,99,1
,Additional Codes-Physician Services,,99212,,Encounter,0.00,0.00,$0.00,0,0,0
,Additional Codes-Physician Services,,99213,,Encounter,0.00,0.00,$0.00,0,0,0
,Additional Codes-Physician Services,,99214,,Encounter,0.00,0.00,$0.00,0,0,0
,Additional Codes-Physician Services,,99215,,Encounter,0.00,0.00,$0.00,0,0,0
,Additional Codes-Physician Services,,99221,,30 Minutes,0.00,0.00,$0.00,0,0,0
,Additional Codes-Physician Services,,99222,,50 Minutes,5.00,5.00,$385.00,77,77,1
,Additional Codes-Physician Services,,99223,,70 Minutes,4.00,4.00,$385.00,96,96,1
,Additional Codes-Physician Services,,99231,,15 Minutes,12.00,56.00,"$4,395.00",366,78,5
,Additional Codes-Physician Services,,99232,,25 minutes,5.00,7.00,$494.00,99,71,1
,Additional Codes-Physician Services,,99233,,35 Minutes,6.00,13.00,$924.00,154,71,2
,Additional Codes-Physician Services,,99238,,30 Minutes or less,0.00,0.00,$0.00,0,0,0
,Additional Codes-Physician Services,,99241,,Encounter,0.00,0.00,$0.00,0,0,0
,Additional Codes-Physician Services,,99242,,Encounter,0.00,0.00,$0.00,0,0,0
,Additional Codes-Physician Services,,99243,,Encounter,0.00,0.00,$0.00,0,0,0
,Additional Codes-Physician Services,,99244,,Encounter,0.00,0.00,$0.00,0,0,0
,Additional Codes-Physician Services,,99245,,Encounter,0.00,0.00,$0.00,0,0,0
,Additional Codes-Physician Services,,99251,,Encounter,0.00,0.00,$0.00,0,0,0
,Additional Codes-Physician Services,,99252,,Encounter,0.00,0.00,$0.00,0,0,0
,Additional Codes-Physician Services,,99253,,Encounter,0.00,0.00,$0.00,0,0,0
,Additional Codes-Physician Services,,99254,,Encounter,0.00,0.00,$0.00,0,0,0
,Additional Codes-Physician Services,,99255,,Encounter,0.00,0.00,$0.00,0,0,0
,Additional Codes-Physician Services,,99261,,Encounter,0.00,0.00,$0.00,0,0,0
,Additional Codes-Physician Services,,99262,,Encounter,0.00,0.00,$0.00,0,0,0
,Additional Codes-Physician Services,,99263,,Encounter,0.00,0.00,$0.00,0,0,0
,Additional Codes-Physician Services,,99271,,Encounter,0.00,0.00,$0.00,0,0,0
,Additional Codes-Physician Services,,99272,,Encounter,0.00,0.00,$0.00,0,0,0
,Additional Codes-Physician Services,,99273,,Encounter,0.00,0.00,$0.00,0,0,0
,Additional Codes-Physician Services,,99274,,Encounter,0.00,0.00,$0.00,0,0,0
,Additional Codes-Physician Services,,99275,,Encounter,0.00,0.00,$0.00,0,0,0
,Medication Administration,,99605,,Encounter,0.00,0.00,$0.00,0,0,0
,Transportation,,A0080,,Per mile,0.00,0.00,$0.00,0,0,0
,Transportation,,A0090,,Per mile,0.00,0.00,$0.00,0,0,0
,Transportation,,A0100,,Per one-way trip,0.00,0.00,$0.00,0,0,0
,Transportation,,A0110,,Per one-way trip,0.00,0.00,$0.00,0,0,0
,Transportation,,A0120,,Per one-way trip,0.00,0.00,$0.00,0,0,0
,Transportation,,A0130,,Per one-way trip,0.00,0.00,$0.00,0,0,0
,Transportation,,A0140,,Per one-way trip,0.00,0.00,$0.00,0,0,0
Woodlands,,,,,,,,,,,
,Transportation,,A0170,,,0.00,0.00,$0.00,0,0,0
,Additional Codes-Transportation,,A0425,,Per Mile,0.00,0.00,$0.00,0,0,0
,Additional Codes-Transportation,,A0427,,Refer to code descriptions.,0.00,0.00,$0.00,0,0,0
,Additional codes - Transportation,,A0428,,,0.00,0.00,$0.00,0,0,0
,Repair or Non-Routine Service for DME (Children's Waiver),,E1340,,15 Minutes,0.00,0.00,$0.00,0,0,0
,Enhanced Medical Equipment-Supplies,,E1399,,Items,0.00,0.00,$0.00,0,0,0
,Activity Therapy (Children's Waiver),,G0176,,Encounter,0.00,0.00,$0.00,0,0,0
,Family Training/Support EBP only,,G0177,,Encounter Session at least 45 min,0.00,0.00,$0.00,0,0,0
,Substance Abuse: Individual Assessment,,H0001,,Encounter,0.00,0.00,$0.00,0,0,0
,Assessment ,,H0002,,Encounter,89.00,89.00,"$22,574.00",254,254,1
,Substance Abuse: Individual Assessment,,H0002,,Encounter,0.00,0.00,$0.00,0,0,0
,Substance Abuse:Laboratory,,H0003,,Encounter,0.00,0.00,$0.00,0,0,0
,Substance Abuse: Outpatient Treatment,"0900, 0906, 0914, 0915, 0916, 0919",H0004,,15 Minutes,0.00,0.00,$0.00,0,0,0
,Substance Abuse: Outpatient Treatment,"0900, 0906, 0914, 0915, 0916, 0919",H0005,,Encounter,0.00,0.00,$0.00,0,0,0
,Substance Abuse: Case Management,,H0006,,Encounter,0.00,0.00,$0.00,0,0,0
,Substance Abuse: Sub-Acute Detoxification,1002,H0010,,Days,0.00,0.00,$0.00,0,0,0
,Substance Abuse: Sub-Acute Detoxification,1002,H0012,,Days,0.00,0.00,$0.00,0,0,0
,Substance Abuse: Sub-Acute Detoxification,1002,H0014,,Days,0.00,0.00,$0.00,0,0,0
,Substance Abuse: Outpatient Care,"0900, 0906, 0914, 0915, 0916, 0919",H0015,,Days,0.00,0.00,$0.00,0,0,0
,Crisis Residential Services,,H0018,,Days,0.00,0.00,$0.00,0,0,0
,Substance Abuse: Residential,1002,H0018,,Days,0.00,0.00,$0.00,0,0,0
,Substance Abuse: Residential,1002,H0019,,Days,0.00,0.00,$0.00,0,0,0
,Substance Abuse: Methadone,,H0020,,Encounter,0.00,0.00,$0.00,0,0,0
,Substance Abuse: Early Intervention,,H0022,,Encounter,0.00,0.00,$0.00,0,0,0
,Peer Directed and Operated Support Services,,H0023,,Encounter,0.00,0.00,$0.00,0,0,0
,Prevention Services - Direct Model,,H0025,,Face to Face Contact,0.00,0.00,$0.00,0,0,0
,Crisis Intervention,,H0030,,Per Service,0.00,0.00,$0.00,0,0,0
,Assessment ,,H0031,,Encounter,308.00,314.00,"$103,065.00",335,328,1
,Substance Abuse: Assessment,,H0031,,Encounter,0.00,0.00,$0.00,0,0,0
,Treatment Planning,,H0032,,Encounter,66.00,69.00,"$6,369.00",97,92,1
,Monitoring of Treatment - Clinician,,H0032,TS,Encounter,0.00,0.00,$0.00,0,0,0
,Substance Abuse: Pharmalogical Support - Suboxane,,H0033,,Direct Observation Encounter,0.00,0.00,$0.00,0,0,0
,Health Services,,H0034,,15 Minutes,305.00,483.00,"$47,714.00",156,99,2
,Home Based Services,,H0036,,15 Minutes,0.00,0.00,$0.00,0,0,0
,Home Based Services,,H0036,ST,15 Minutes,0.00,0.00,$0.00,0,0,0
,Community Psychiatric Supportive Treatment ,,H0037,,Per diem,0.00,0.00,$0.00,0,0,0
,Peer Directed and Operated Support Services,,H0038,,15 minutes,22.00,"3,272.00","$52,662.00",2394,16,149
,Peer Directed and Operated Support Services,,NA,,,0.00,0.00,$0.00,0,0,0
,Assertive Community Treatment (ACT),,H0039,,15 Minutes,1.00,24.00,"$2,297.00",2297,96,24
,Community Living Supports in Independent living/own home,,H0043,,Per diem,0.00,0.00,$0.00,0,0,0
,Community Living Supports in Independent living/own home,,H0043,TT,Per diem,3.00,463.00,"$97,056.00",32352,210,154
,Respite,,H0045,,Days,58.00,"2,483.00","$492,025.00",8483,198,43
,Respite (Children's Waiver),,H0045,TD,Per Diem,0.00,0.00,$0.00,0,0,0
,Respite (Children's Waiver),,H0045,TE,Per Diem,0.00,0.00,$0.00,0,0,0
,Substance Abuse:Laboratory (cells now unlocked),,H0048,,Encounter,0.00,0.00,$0.00,0,0,0
,Substance Abuse: Individual Assessment,,H0049,,Encounter,0.00,0.00,$0.00,0,0,0
,Behavior Treatment Plan Review,,H2000,,Encounter,1.00,2.00,$488.00,488,244,2
,Behavior Treatment Plan Review - Monitoring Activities,,H2000,TS,Encounter,0.00,0.00,$0.00,0,0,0
Woodlands,,,,,,,,,,,
,Comprehensive Medication Services - EBP only,,H2010,,15 minutes,0.00,0.00,$0.00,0,0,0
,Crisis Intervention,,H2011,,15 Minutes,86.00,374.00,"$31,632.00",368,85,4
,Skill-Building and Out of Home Non Vocational Habilitation,,H2014,,15 minutes,10.00,"1,473.00","$11,719.00",1172,8,147
,Skill-Building and Out of Home Non Vocational Habilitation,,H2014,TT,15 Minutes,2.00,163.00,"$1,681.00",841,10,82
,Community Living Supports (15 Minutes),,H2015,,15 Minutes,22.00,"17,338.00","$102,051.00",4639,6,788
,Community Living Supports (15 Minutes),,H2015,TT,15 Minutes,4.00,"16,044.00","$147,956.00",36989,9,4011
,Community Living Supports (Daily),,H2016,,Per Diem,3.00,202.00,"$8,197.00",2732,41,67
,Community Living Supports (Daily),,H2016,TF,Per Diem,1.00,66.00,"$2,805.00",2805,43,66
,Community Living Supports (Daily),,H2016,TG,Per Diem,6.00,"1,800.00","$261,394.00",43566,145,300
,Behavior Services,,H2019,,15 Minutes,0.00,0.00,$0.00,0,0,0
,Behavior Services,,H2019,TT,15 Minutes,0.00,0.00,$0.00,0,0,0
,Crisis Intervention,,H2020,,Days,0.00,0.00,$0.00,0,0,0
,Wraparound,,H2021,,15 Minutes,0.00,0.00,$0.00,0,0,0
,Wraparound,,H2022,,Days,0.00,0.00,$0.00,0,0,0
,Supported Employment Services,,H2023,,15 minutes,17.00,661.00,"$6,581.00",387,10,39
,Supported Employment Services,,H2023,TT,15 Minutes,0.00,0.00,$0.00,0,0,0
,Mental Health Therapy,,H2027,,15 Minutes,0.00,0.00,$0.00,0,0,0
,Clubhouse Psychosocial Rehabilitation Programs ,,H2030,,15 Minutes,55.00,"61,132.00","$245,574.00",4465,4,1111
,Home Based Services,,H2033,,15 Minutes,0.00,0.00,$0.00,0,0,0
,Substance Abuse: Outpatient Care,"0900, 0906, 0914, 0915, 0916, 0919",H2035,,Hour,0.00,0.00,$0.00,0,0,0
,Substance Abuse: Outpatient Care,"0900, 0906, 0914, 0915, 0916, 0919",H2036,,Per Diem,0.00,0.00,$0.00,0,0,0
,Medication Review ,,M0064,,"Encounter Face-to-Face, generally less than 10 minutes",320.00,980.00,"$128,784.00",402,131,3
,Transportation,,S0209,,Per Mile,0.00,0.00,$0.00,0,0,0
,Transportation,,S0215,,Per Mile,0.00,0.00,$0.00,0,0,0
,Family Training - EBP,,S5110,,15 Minutes,0.00,0.00,$0.00,0,0,0
,Family Training,,S5111,,Encounter,0.00,0.00,$0.00,0,0,0
,Family Training,,S5111,HA,Encounter,0.00,0.00,$0.00,0,0,0
,"Home Care Training, Non-Family (Children's Waiver)",,S5116,,Encounter,0.00,0.00,$0.00,0,0,0
,Chore Services,,S5120,,15 Minutes,0.00,0.00,$0.00,0,0,0
,Foster Care,,S5140,,Days,0.00,0.00,$0.00,0,0,0
,Foster Care,,S5145,,Days,0.00,0.00,$0.00,0,0,0
,Respite,,S5150,,15 Minutes,0.00,0.00,$0.00,0,0,0
,Respite,,S5151,,Per Diem,0.00,0.00,$0.00,0,0,0
,Personal Emergency Response System (PERS),,S5160,,Encounter,0.00,0.00,$0.00,0,0,0
,Personal Emergency Response System (PERS),,S5161,,Month,0.00,0.00,$0.00,0,0,0
,Environmental Modification ,,S5165,,Service,0.00,0.00,$0.00,0,0,0
,Enhanced Medical Equipment-Supplies,,S5199,,Items,0.00,0.00,$0.00,0,0,0
,Occupational or Physical Therapy,,S8990,,Encounter,0.00,0.00,$0.00,0,0,0
,Private Duty Nursing,0582,S9123,,Hour,0.00,0.00,$0.00,0,0,0
,Private Duty Nursing,,S9123,,Hour,0.00,0.00,$0.00,0,0,0
,Private Duty Nursing,,S9123,TT,Hour,0.00,0.00,$0.00,0,0,0
,Private Duty Nursing,0582,S9124,,Hour,0.00,0.00,$0.00,0,0,0
,Private Duty Nursing,,S9124,,Hour,0.00,0.00,$0.00,0,0,0
,Private Duty Nursing,,S9124,TT,Hour,0.00,0.00,$0.00,0,0,0
,Respite Care in the Home (RN) (Children's Waiver),,S9125,TD,Per Diem,0.00,0.00,$0.00,0,0,0
,Respite Care in the Home (LPN) (Children's Waiver),,S9125,TE,Per Diem,0.00,0.00,$0.00,0,0,0
,Health Services,,S9445,,Encounter,0.00,0.00,$0.00,0,0,0
,Health Services,,S9446,,Encounter,0.00,0.00,$0.00,0,0,0
Woodlands,,,,,,,,,,,
,Health Services,,S9470,,Encounter,0.00,0.00,$0.00,0,0,0
,Intensive Crisis Stabilization-Enrolled Program,,S9484,,Hour,0.00,0.00,$0.00,0,0,0
,Reidential Room and Board,,S9976,,Days,0.00,0.00,$0.00,0,0,0
,Private Duty Nursing,,T1000,,Up to 15 min,0.00,0.00,$0.00,0,0,0
,Private Duty Nursing,,T1000,TD,Up to 15 min,0.00,0.00,$0.00,0,0,0
,Private Duty Nursing,,T1000,TE,Up to 15 min,0.00,0.00,$0.00,0,0,0
,Assessment,,T1001,,Encounter,47.00,52.00,"$8,562.00",182,165,1
,Health Services,,T1002,,Up to 15 min,2.00,2.00,$106.00,53,53,1
,Respite Care,,T1005,,15 Minutes,0.00,0.00,$0.00,0,0,0
,Respite Care,,T1005,TD,15 Minutes,0.00,0.00,$0.00,0,0,0
,Respite Care,,T1005,TE,15 Minutes,0.00,0.00,$0.00,0,0,0
,Substance Abuse: Recovery Support Services,"0900, 0906, 0914, 0915, 0916, 0919",T1012,,Encounter,0.00,0.00,$0.00,0,0,0
,Family Psycho-Education - EBP,,T1015,,Encounter,0.00,0.00,$0.00,0,0,0
,Supports Coordination/Wrap Facilitation,,T1016,,15 minutes,3.00,30.00,"$1,768.00",589,59,10
,Targeted Case Management ,,T1017,,15 minutes,239.00,"10,045.00","$589,840.00",2468,59,42
,Nursing Home Mental Health Monitoring,,T1017,SE,15 minutes,3.00,39.00,"$2,303.00",768,59,13
,Personal Care in Licensed Specialized Residential Setting,,T1020,,Days,1.00,187.00,"$7,719.00",7719,41,187
,Personal Care in Licensed Specialized Residential Setting,,T1020,TF,Days,7.00,"1,679.00","$93,121.00",13303,55,240
,Personal Care in Licensed Specialized Residential Setting,,T1020,TG,Days,2.00,118.00,"$15,146.00",7573,128,59
,Assessments,,T1023,,Encounter,85.00,94.00,"$31,531.00",371,335,1
,Enhanced Medical Supplies or Pharmacy,,T1999,,Items,0.00,0.00,$0.00,0,0,0
,Transportation,,T2001,,Encounter,0.00,0.00,$0.00,0,0,0
,Transportation,,T2002,,Per Diem,0.00,0.00,$0.00,0,0,0
,Transportation,,T2003,,Encounter / Trip,0.00,0.00,$0.00,0,0,0
,Transportation,,T2004,,Encounter,0.00,0.00,$0.00,0,0,0
,Transportation,,T2005,,Encounter,0.00,0.00,$0.00,0,0,0
,Out of Home Prevocational Service,,T2015,,Hour,0.00,0.00,$0.00,0,0,0
,Targeted Case Management (Children's Waiver),,T2023,,Month,0.00,0.00,$0.00,0,0,0
,Fiscal Intermediary Services,,T2025,,Month,0.00,0.00,$0.00,0,0,0
,Enhanced Medical Equipment-Supplies,,T2028,,Items,0.00,0.00,$0.00,0,0,0
,Enhanced Medical Equipment-Supplies,,T2029,,Items,0.00,0.00,$0.00,0,0,0
,Crisis Intervention,,T2034,,Days,0.00,0.00,$0.00,0,0,0
,Respite Care,,T2036,,Encounter / Trip. Per session. One night = one session,0.00,0.00,$0.00,0,0,0
,Respite Care,,T2037,,Encounter / Trip  Per session. One day/partial day = one session,0.00,0.00,$0.00,0,0,0
,Housing Assistance,,T2038,,Month   Service,1.00,8.00,"$4,286.00",4286,536,8
,Enhanced Medical Equipment-Supplies,,T2039,,Items,0.00,0.00,$0.00,0,0,0
,Pharmacy (Drugs and Other Biologicals),,,,,0.00,0.00,$0.00,0,0,0
,Other,,,,,0.00,0.00,$0.00,0,0,0
,Aggregate for 'J' Codes,,ALL,,,14.00,0.00,"$18,341.00",1310,0,0
